method,index_a,index_b,epsilon_TAC,epsilon_TotEmiss,epsilon_ISI,attempts,successful_starts,termination,raw_status,solve_time_s,scalarized_objective,TAC,TotEmiss,ISI,NetCapture,max_abs_equality,max_abs_source_carbon_diagnostic,max_inequality_violation,epsilon_violation,z1,z2,z3,z4,z5,z6,z7,z8,z9,z10,z11,z12,z13,z14,z15,z16,z17,z18,z19,z20,z21,z22,z23,z24,z25,z26,z27,z28,z29,z30,z31,z32,z33,z34,z35,z36,z37,z38,z39,z40,z41,z42,z43,z44,z45,z46,z47,z48,z49,z50,z51,z52,z53,z54,z55,z56,z57,z58,z59,z60,z61,z62,z63,z64,z65,z66,z67,z68,z69,z70,z71,z72,z73,z74,z75,z76,z77,z78,z79,z80,z81,z82
full_TAC,1,1,,121.29979212609419,33.98343805078173,3,2,LOCALLY_SOLVED,Solve_Succeeded,0.055182583,0.0027306176878404247,9.078455932362251e6,121.25789997552599,33.98327113331591,503.581934140065,1.1278456123176193e-16,7.233439562908877e-21,8.2393286561192e-9,0.0,0.9999696462700914,0.5236882851372396,0.0007591631453743185,5.007106855217416e-5,0.00010538431632757028,0.0007222483826150448,0.00010644765505612599,1.5744822981535625e-6,1.5237015177664937e-8,3.5035690557884464e-9,3.012631427046675e-8,1.9007362987508177e-9,1.4789602255607228e-8,3.334698444664078e-9,2.9580908505831687e-8,1.856754407730245e-9,1.5242435937360962e-8,3.5071047899479774e-9,3.013174256858055e-8,1.902235874359292e-9,0.0001053780150119319,0.20686120859843782,7.233748376812144e-5,1.454055179717047e-6,1.5265898738739378e-8,3.516162156231834e-9,3.0160677740333895e-8,1.9046292324441747e-9,0.277275315434451,7.002320633541688e-6,1.4273368724916042e-5,1.1725241289252934e-6,1.0363393521650231e-8,-4.863859158258143e-9,5.692741369201911e-9,-8.2393286561192e-9,1.0054767017327314e-8,-4.685697099687217e-9,6.4517697755963355e-9,-8.126098764157501e-9,1.0367125670001736e-8,-4.8281554826863085e-9,5.827091658060652e-9,-8.220323121923339e-9,0.7224600420378636,4.818733626277344e-6,9.366974712230236e-6,7.874363781499722e-7,1.0383277668185332e-8,-4.801290095205289e-9,5.927746446186683e-9,-8.206709917801993e-9,1.1709368480841139e-5,0.0010997873098910907,0.00033117048239683644,2.3392308429710068e-5,1.6930016864072146e-9,5.334980153132407e-9,9.372631106367432e-8,2.8239510724297863e-8,1.6432891395119135e-9,5.077836268011209e-9,9.202949312925413e-8,2.758606548627792e-8,1.6936039930401065e-9,5.3403641119662375e-9,9.37431991022506e-8,2.8261790133338048e-8,1.1708668334659097e-5,0.3149932040021667,0.0002250499495008222,2.1603105527224698e-5,1.6962109709710414e-9,5.354156010625747e-9,9.383321963659434e-8,2.8297348596313452e-8,0.7936614653145158,2.2955913925590075e-12,2.0658584052551304e-11,2.379597450444524e-10,0.9551516184646192,3.7880350115157997e-10
full_TAC,1,2,,121.29979212609419,32.76849122984559,3,3,LOCALLY_SOLVED,Solve_Succeeded,0.058121917,0.3736509297406717,9.723561423069205e6,118.06765189383017,32.76848760884057,503.58003487620766,1.0468401263500556e-16,2.0506283860320352e-16,8.282374004248684e-9,0.0,0.9999992817556016,0.5174900462244781,2.1041829638073502e-5,1.4360756889434886e-6,2.5146105893301195e-6,7.998638276578679e-6,2.273478608620612e-6,3.127610694318146e-8,1.549992908347973e-8,3.80219151435464e-9,3.051574580147984e-8,1.6679336520907269e-9,1.364249322831929e-6,0.01862080281076793,1.3132487396660773e-6,2.6969307879076002e-8,1.558265720655234e-8,3.882517618719592e-9,3.056217322200293e-8,1.7023310455457707e-9,2.514624037833618e-6,0.1865022425276074,1.2650715094463972e-6,2.673313603297878e-8,1.5424659569095746e-8,3.8194642838505005e-9,3.0368921080519663e-8,1.6889353629589005e-9,0.28007747805842886,1.536042290792809e-7,3.244809695396335e-7,1.8556350780656878e-8,1.0870533975216116e-8,-4.812077728769991e-9,5.655331603796354e-9,-8.25696606192086e-9,1.5641145147542933e-6,8.977942303965661e-8,1.770694935810919e-7,6.256674645964508e-9,1.0929170977461014e-8,-4.869099577120753e-9,5.3442679122579125e-9,-8.282374004248684e-9,0.7199130514200268,1.0918438219127289e-7,2.0145249136119214e-7,8.306366241354327e-9,1.0817153197152958e-8,-4.8071879735675105e-9,5.594770745274495e-9,-8.24584146650467e-9,2.7940117659223533e-7,1.2179744648426621e-5,7.073044560153014e-6,4.646735888701245e-7,1.722214342608858e-9,5.789700715040019e-9,9.493787582682617e-8,2.478072854534794e-8,1.515832580924365e-7,0.028354404280032983,4.085662745627795e-6,4.0068685991770055e-7,1.7314063562835927e-9,5.912015464868468e-9,9.508231669067579e-8,2.5291775533822878e-8,2.7940267087040187e-7,0.28399205112158393,3.935778029388791e-6,3.9717802106139896e-7,1.71385106323286e-9,5.8160024322268985e-9,9.448108780606115e-8,2.5092753963960806e-8,0.7936510834941942,6.600476031542791e-14,0.007406590454141994,6.709299155021588e-12,0.9060838405584696,1.0238812980742948e-11
full_TAC,1,3,,121.29979212609419,31.553544408909442,3,3,LOCALLY_SOLVED,Solve_Succeeded,0.045110458,0.5137293231022733,9.967280257375432e6,114.86657560025463,31.55354455329888,503.5799893526272,1.804552979708191e-16,2.0506283860320352e-16,9.094875627235047e-9,5.942212308541467e-9,0.9999999787606597,0.5111484977424194,1.233980697046277e-6,1.4725962144233174e-8,7.190654775674222e-8,2.433690618289381e-7,1.0128160134965184e-7,6.100206048123203e-10,1.3292937022202611e-8,9.131401110486542e-9,2.895837486331402e-8,3.021273289291699e-10,7.190652496846913e-8,2.808409081721544e-8,5.638587547380028e-8,1.1537992200676776e-9,1.3685309786213651e-8,1.1585459611007291e-8,3.0224810182398354e-8,5.731438555645107e-10,7.19065633004884e-8,0.20261713298648423,5.4570303600162236e-8,1.113690193757061e-9,1.300940377247576e-8,1.060300670430954e-8,2.8888425744207955e-8,5.412283816791297e-10,0.28011108725914796,-3.5935489442763224e-9,3.9272704075781345e-9,-8.787965482283123e-9,1.9216497542346204e-8,-5.092538136953397e-9,1.75416585220193e-9,-8.7519633540058e-9,0.1316035219254906,-6.720745705390379e-9,-2.1309852584498245e-9,-9.045781639998216e-9,1.9869117965743736e-8,-6.735177189742959e-9,-2.3920039855984605e-9,-9.094875627235047e-9,0.5882850276214456,-5.235506388967615e-9,-1.0342397338684015e-9,-8.863749449888436e-9,1.8749752792901113e-8,-6.000632066466196e-9,-7.487852245625636e-10,-8.82042571862698e-9,7.989616417415799e-9,3.7058470778497397e-7,3.150983153100279e-7,9.063163271497327e-9,1.4769930024669564e-9,1.3904633509149961e-8,9.009272179697694e-8,4.488748886947667e-9,7.989613885385456e-9,4.2764411017123506e-8,1.754227236962675e-7,1.7142159841005494e-8,1.5205899762459607e-9,1.76414953167611e-8,9.403274278968377e-8,8.515280139815586e-9,7.989618144498709e-9,0.30853063432032823,1.697742778671714e-7,1.654625430724776e-8,1.4454893080528615e-9,1.614548748156225e-8,8.987510231531363e-8,8.041107384947068e-9,0.7936507928571451,1.987744122983135e-15,0.014830336024499312,1.6293785945126605e-13,0.8569343578396275,2.1624148667008672e-13
full_TAC,1,4,,121.29979212609419,30.3385975879733,3,2,LOCALLY_SOLVED,Solve_Succeeded,0.0634905,0.6152450433062653,1.0143946542594656e7,111.66341761991934,30.338448151592328,503.58160113471513,1.5922526291542861e-16,1.5922526291542861e-16,8.239539534493863e-9,0.0,0.9999729594457439,0.5046653800052198,0.0007770360099421808,5.966665230681576e-5,9.322696347533798e-5,0.00028500182376698475,8.404902947617341e-5,1.3078057190874836e-6,1.5238964175913907e-8,3.5051901045866847e-9,3.012784020922297e-8,1.899869080717275e-9,9.322180528423436e-5,3.63847071818516e-5,5.0174571512274244e-5,1.1638356824130321e-6,1.5210814273900736e-8,3.4969346824343446e-9,3.009093763178814e-8,1.898698886376481e-9,9.324176937657234e-5,0.19972146120508316,4.878465825875882e-5,1.1586289481297608e-6,1.5201541464524504e-8,3.4934836745070617e-9,3.007992332401084e-8,1.897788177777514e-9,0.2788693393809156,5.2451407344741425e-6,1.090066639388197e-5,9.027826039612711e-7,1.0365759461830468e-8,-4.863987962399599e-9,5.6906083436502146e-9,-8.239539534493863e-9,0.19739124496990967,2.7614142182371024e-6,6.305327959710397e-6,5.34336157160843e-7,1.0346374135959259e-8,-4.833436005878031e-9,5.807590038714769e-9,-8.222041791137305e-9,0.5234015260545131,3.813783792446178e-6,7.0741071224515905e-6,5.981615527251192e-7,1.0339987451933042e-8,-4.8113762072915665e-9,5.894257782875599e-9,-8.209902997464313e-9,1.035855149725977e-5,0.0004339800498269995,0.00026148586948142837,1.9430256397871185e-5,1.6932182417682111e-9,5.337448568347906e-9,9.373105842869366e-8,2.8226626342085226e-8,1.0357978364914926e-5,5.5403985936001296e-5,0.0001560986669270754,1.729127299585076e-5,1.690090474877859e-9,5.324877811888661e-9,9.361625041000756e-8,2.8209240597593426e-8,1.0360196597396922e-5,0.30412131592592206,0.00015177449236058297,1.721391580078502e-5,1.6890601627249443e-9,5.319622867999389e-9,9.358198367470038e-8,2.819571006983734e-8,0.7936571886068757,1.2815665123522525e-12,0.022278924295555568,1.3183114232943597e-10,0.8076791620824215,2.0391470018354985e-10
full_TAC,1,5,,121.29979212609419,29.12365076703716,3,3,LOCALLY_SOLVED,Solve_Succeeded,0.189380167,0.6952474088899087,1.0283205299422417e7,108.46940947379366,29.123645774736257,503.58004157101345,2.2556912246352386e-16,1.0253141930160176e-16,8.267771343756746e-9,0.0,0.9999990634299303,0.49846547291919113,1.9732485182535512e-5,1.7600350660013246e-6,3.178916119797682e-6,3.4963511145829463e-6,2.612306098526542e-6,4.310399936496007e-8,1.542230473551333e-8,3.742410631061237e-9,3.0427647398550855e-8,1.739954333466371e-9,3.178914925560745e-6,4.160820269308847e-7,9.672316213621473e-7,3.106322088084455e-8,1.5407780321606122e-8,3.820689194037592e-9,3.031141269462383e-8,1.7903696003431325e-9,3.1789259325593693e-6,0.1975858677532016,9.587301078068936e-7,3.0953462076370913e-8,1.5266334312808093e-8,3.763736815856816e-9,3.01372026836383e-8,1.7771972957133408e-9,0.28009214836500756,1.520750159197642e-7,3.346519707757955e-7,2.0482559336237885e-8,1.0746156004493296e-8,-4.838475712525108e-9,5.579380176463538e-9,-8.257141633871304e-9,0.26339031879224056,6.162846151116685e-8,1.6549014469860204e-7,5.752659944072176e-9,1.0735920349399344e-8,-4.880584267773316e-9,5.269054802400689e-9,-8.267771343756746e-9,0.45650591653953765,1.178968000031517e-7,1.8507547706379767e-7,7.483131105679932e-9,1.0636182299892685e-8,-4.824820757066146e-9,5.493449743048853e-9,-8.234170583968023e-9,3.5321290219974235e-7,5.323989197205849e-6,8.127174528749241e-6,6.404022762794067e-7,1.713589415057036e-9,5.69867073366143e-9,9.466379190660265e-8,2.585075009721465e-8,3.532127695067493e-7,6.335794500993016e-7,3.009165044237791e-6,4.6151071022969044e-7,1.7119755912895685e-9,5.817867636375423e-9,9.430217282771859e-8,2.6599776919383684e-8,3.532139925065965e-7,0.30086938953328424,2.98271589095478e-6,4.5988000799179637e-7,1.6962593680897874e-9,5.731144696872879e-9,9.376018612687471e-8,2.6404074107741062e-8,0.7936509725405292,3.699366405526356e-14,0.029682026099705213,3.785059549853212e-12,0.7586237146636675,5.774915112876964e-12
full_TAC,1,6,,121.29979212609419,27.908703946101014,3,3,LOCALLY_SOLVED,Solve_Succeeded,0.077985792,0.762040534791076,1.0399495987906523e7,105.27101716209748,27.908704044468298,503.5799891694887,2.2556912246352386e-16,1.0253141930160176e-16,9.061572283781494e-9,4.048213567905917e-9,0.9999999778495142,0.49212872103146915,1.1637316818873528e-6,2.4693580229513885e-8,7.137453449557532e-8,1.6753965451263638e-7,1.0384323686854888e-7,4.6350099522119894e-10,1.346320241460838e-8,9.678746059282294e-9,2.9550951092993582e-8,2.702571459008346e-10,7.137453784736769e-8,2.1399169534023707e-8,4.6906001913747036e-8,1.3861901752338808e-9,1.2997839262110668e-8,1.2103348588769236e-8,2.9908061274501145e-8,7.537848088194927e-10,7.137454115723237e-8,0.19507784426964303,4.634841489690545e-8,1.3551176766039905e-9,1.237597991025172e-8,1.1102250616598288e-8,2.8462293567702135e-8,6.978207869029067e-10,0.2801113604161394,-4.68058502147893e-9,1.890857588969196e-9,-8.958133276673496e-9,1.9586164717249358e-8,-5.452088438561788e-9,7.250350215291264e-10,-8.794580123357285e-9,0.3292841997749107,-7.1956405863416326e-9,-3.3290120395664596e-9,-9.061572283781494e-9,1.8813736304026622e-8,-7.025877792873014e-9,-3.1664873423162327e-9,-9.050384675151088e-9,0.39060408039262456,-5.915747690290778e-9,-2.428423135186611e-9,-8.855619695831704e-9,1.7798566246726543e-8,-6.341822376115117e-9,-1.7048999541580342e-9,-8.709064907653291e-9,7.9305038328417e-9,2.551172011896963e-7,3.2306784803548536e-7,6.88630050042924e-9,1.4959113794009304e-9,1.4738090590270766e-8,9.193629228931336e-8,4.015249024812399e-9,7.930504205263073e-9,3.258509906317246e-8,1.4592978373165742e-7,2.0594825460617652e-8,1.4442043624567403e-9,1.8430098987444065e-8,9.304730174289244e-8,1.1199088588175317e-8,7.930504573025816e-9,0.2970503537742291,1.441950685681503e-7,2.0133176909545003e-8,1.3751088789168574e-9,1.6905699802547395e-8,8.854935776618441e-8,1.0367623119700327e-8,0.7936507891824734,1.1950980646570847e-15,0.0371068477866665,1.0917570104304105e-13,0.709472836711129,1.4266721064671786e-13
full_TAC,1,7,,121.29979212609419,26.693757125164872,3,2,LOCALLY_SOLVED,Solve_Succeeded,0.059895042,0.8192193791810668,1.0499069559880253e7,102.0659354685736,26.693503264843166,503.58232670225846,5.126570965080088e-17,1.0253141930160176e-16,8.239448166048454e-9,0.0,0.9999550591497295,0.4855926105867478,0.00108698678096755,9.580019986728009e-5,0.00014870698619150335,0.00022876011342540958,0.0001295866793100183,2.1943954274637943e-6,1.5235555805992168e-8,3.5019463448166894e-9,3.0123018747463507e-8,1.9028991942471936e-9,0.00014870358715485547,3.3492573308873076e-5,6.308369558060446e-5,1.831258940626069e-6,1.5205285251635834e-8,3.4928863808538426e-9,3.008351683963302e-8,1.9015095158611554e-9,0.00014867624550430995,0.19221871946410415,6.374525209684264e-5,1.837089325256405e-6,1.5197131108403236e-8,3.4898615054040527e-9,3.007385945857899e-8,1.9007089781268406e-9,0.27893966583270036,6.89685379567552e-6,1.4758019683670038e-5,1.243399692399693e-6,1.0360097953761434e-8,-4.864830858843335e-9,5.689647840479458e-9,-8.239448166048454e-9,0.39510153280573485,3.5570964278472037e-6,8.39916019575733e-6,7.253557408072149e-7,1.0339258252885459e-8,-4.833477092433469e-9,5.810044742715118e-9,-8.221444374684873e-9,0.32541812674849147,5.146770665725241e-6,9.287920532064514e-6,7.992837405719145e-7,1.0333643647430393e-8,-4.811836364056328e-9,5.894957596183117e-9,-8.209560362271148e-9,1.652299846572259e-5,0.0003483392636250555,0.00040315855785339025,3.260244635089065e-5,1.692839533999129e-9,5.3325092068799585e-9,9.371605832544201e-8,2.8271645171672587e-8,1.6522620794983936e-5,5.100005481123854e-5,0.00019626038625076943,2.7207275689301593e-5,1.6894761390706475e-9,5.318713352663805e-9,9.359316350108049e-8,2.8250998521365735e-8,1.651958283381221e-5,0.29269668645670405,0.00019831856207906597,2.7293898546666585e-5,1.6885701231559145e-9,5.314107292319807e-9,9.356311831557907e-8,2.8239104817884488e-8,0.7936575261589056,1.28168456020589e-12,0.044567013130518696,1.318676978182885e-10,0.6601613122922081,2.0397746845829928e-10
full_TAC,1,8,,121.29979212609419,25.47881030422873,3,3,LOCALLY_SOLVED,Solve_Succeeded,0.083112292,0.8675480224702815,1.0583254146369843e7,98.87381692670876,25.478802046287655,503.58006111609427,2.2556912246352386e-16,1.0253141930160176e-16,8.25472087866638e-9,0.0,0.9999985068877358,0.4794450455387536,2.4862340548722733e-5,2.6497027159846585e-6,4.8136122755307844e-6,3.0947754880656184e-6,3.576343272184241e-6,7.017958136209229e-8,1.535417184068266e-8,3.6616807851146938e-9,3.0319343303092306e-8,1.8112192534511663e-9,4.813634226580253e-6,4.0433943100237855e-7,1.0754280409948548e-6,4.476484030865483e-8,1.5284553032024027e-8,3.7172824416383502e-9,3.013462571826875e-8,1.858577580010647e-9,4.813608018735111e-6,0.19004661908684697,1.0945303497690944e-6,4.508879862446245e-8,1.5170685812662332e-8,3.6718430527307297e-9,2.9994499245344953e-8,1.847301136012284e-9,0.28009029665213075,1.8724922793083409e-7,4.225666771080736e-7,2.8561675273519863e-8,1.0609296381797685e-8,-4.858957966969686e-9,5.55801634681901e-9,-8.25472087866638e-9,0.4610715595953684,7.364492513690386e-8,2.0231624109599294e-7,9.328014840215959e-9,1.0560619512182081e-8,-4.880453814749844e-9,5.329675936359628e-9,-8.253354095854057e-9,0.2588205226961159,1.5496877675250454e-7,2.2552992627421684e-7,1.139192834134886e-8,1.0480947572916783e-8,-4.835571993038561e-9,5.511694744482179e-9,-8.225874264461025e-9,5.348458083923092e-7,4.712499038645373e-6,1.1126401291239858e-5,1.0426680659510853e-6,1.7060190934091837e-9,5.575741195515556e-9,9.432684583184272e-8,2.690954319413161e-8,5.348482473978058e-7,6.156986790263491e-7,3.345776127539548e-6,6.650776274428716e-7,1.6982836702248912e-9,5.660407354312942e-9,9.375216890128053e-8,2.7613152617301038e-8,5.348453354150121e-7,0.2893891699731533,3.4052055326149597e-6,6.698907224205849e-7,1.6856317569624806e-9,5.591215557567247e-9,9.331621987440651e-8,2.744561687789679e-8,0.7936509806996049,3.708388875969234e-14,0.0519588265925961,3.813075500393885e-12,0.6111607745445352,5.820939473732872e-12
full_TAC,1,9,,121.29979212609419,24.26386348329259,3,3,LOCALLY_SOLVED,Solve_Succeeded,0.072299292,0.9095266615159749,1.0656397516415607e7,95.67545489029379,24.26386344055842,503.5799897155192,4.776757887462858e-16,4.776757887462858e-16,8.87767625822902e-9,0.0,0.9999999593831506,0.4731088803133824,1.399326699124589e-6,8.43317298213555e-8,1.1817411138291148e-7,1.4616039859652821e-7,1.487928662558298e-7,8.6224753803621e-10,1.5304983892505347e-8,8.256125897658707e-9,3.120338595634508e-8,4.904001387094043e-10,1.1817413993903417e-7,2.0441068038377113e-8,5.0634687992861983e-8,2.478631363434889e-9,1.4134826434957349e-8,1.0351707926710185e-8,3.001106020894042e-8,1.187215715103117e-9,1.181740903760425e-7,0.18753847384725364,5.138139250363909e-8,2.4872170745611823e-9,1.3471646951343789e-8,9.505936877878336e-9,2.8659779596713412e-8,1.0990347962160567e-9,0.2801113263593247,-3.6779842814764378e-9,4.4441388416413634e-9,-8.714662452644001e-9,1.7466054779620496e-8,-5.443037058408764e-9,1.1296256598202064e-9,-8.705409992260136e-9,0.5269648992216215,-6.676747802064114e-9,-2.1169698806665643e-9,-8.780171182264091e-9,1.602047062526238e-8,-6.7131843505936075e-9,-2.448072859510283e-9,-8.87767625822902e-9,0.192923243510486,-4.932447495446882e-9,-1.1097729985615994e-9,-8.499821130797022e-9,1.5212082705532087e-8,-6.116773341146083e-9,-1.1586255303788333e-9,-8.537225661415237e-9,1.3130456820323494e-8,2.2256242513562248e-7,4.629111394625816e-7,1.281053485082369e-8,1.7005537658339267e-9,1.2571828071434848e-8,9.70772007530736e-8,7.285944917968291e-9,1.3130459993226013e-8,3.11261717857106e-8,1.5753014042223728e-7,3.682538025674692e-8,1.5705362705508158e-9,1.5762827979308687e-8,9.336774287225907e-8,1.7638633481532022e-8,1.313045448622694e-8,0.28556994881286346,1.598532211224327e-7,3.6952939393480424e-8,1.4968496612604204e-9,1.4474949336769281e-8,8.91637587453306e-8,1.632851697235284e-8,0.793650789408494,1.2204507843371273e-15,0.059383373207962255,1.2551333151121117e-13,0.5620112530630649,1.709880421001887e-13
full_TAC,1,10,,121.29979212609419,23.048916662356444,3,2,LOCALLY_SOLVED,Solve_Succeeded,0.0570905,0.9457901273847663,1.071960349480412e7,92.47179144526629,23.048655360332397,503.5819249016218,1.1278456123176193e-16,1.288200854712193e-19,8.239682987946183e-9,0.0,0.9999529463233171,0.4666261720012561,0.0008367651552539682,8.996066986538678e-5,0.00014029352336208814,9.557803534882502e-5,0.0001083751341153276,2.187657796621814e-6,1.5235903086586382e-8,3.5022753642070423e-9,3.012275059798191e-8,1.9034565330124317e-9,0.00014032373217696088,1.7929850169687543e-5,4.293193712772511e-5,1.6556421904857489e-6,1.519013251778081e-8,3.488552375515173e-9,3.006267108300596e-8,1.901372073029114e-9,0.00014025129446726628,0.1848508869712745,4.624516465030707e-5,1.6932869425293194e-6,1.516886000660701e-8,3.480508699947282e-9,3.00369939630589e-8,1.899241311536509e-9,0.2794544725923269,5.023640189550042e-6,1.1181996019718559e-5,9.583221029130224e-7,1.0360670412977038e-8,-4.8653979886173805e-9,5.686504555812258e-9,-8.239682987946183e-9,0.5928393227954276,2.5449496407786194e-6,6.253119336725086e-6,5.49758435127392e-7,1.0329156775993557e-8,-4.836425831303434e-9,5.79722999662339e-9,-8.222277932731107e-9,0.12719143754800466,3.86812474745877e-6,6.782572647847835e-6,5.923620498609681e-7,1.0314506263524865e-8,-4.816551761890366e-9,5.877133664180827e-9,-8.21089738608942e-9,1.5588169262454232e-5,0.0001455392810993472,0.0003371670839143525,3.250234440695266e-5,1.6928781207318195e-9,5.333010213678904e-9,9.371522408261039e-8,2.8279925633327555e-8,1.559152579744009e-5,2.7302271849296943e-5,0.0001335660266195892,2.4598112544359693e-5,1.687792501975645e-9,5.312113844534467e-9,9.352831003601854e-8,2.82489565135754e-8,1.558347716302958e-5,0.28147748697898617,0.0001438738455787331,2.5157406003292743e-5,1.6854288896230005e-9,5.29986552037427e-9,9.344842566284989e-8,2.8217299485685277e-8,0.7936553256868176,8.330794251203933e-13,0.06683924008781209,8.563859658376003e-11,0.512713431009908,1.31599903876425e-10
full_TAC,1,11,,121.29979212609419,21.833969841420302,3,3,ALMOST_LOCALLY_SOLVED,Solved_To_Acceptable_Level,0.071513208,0.8540444247035649,1.0561607318399716e7,59.20123240211588,10.983151291754973,503.5885503191882,2.2556912246352386e-16,1.5922526291542861e-16,8.239270704831552e-9,0.0,0.9995243962968822,0.29959587238359253,0.5017443136421148,0.00984743396025307,0.0011741312916981725,0.0027408570206039983,0.05805910008160551,0.0005926375585724743,1.5230770252754726e-8,3.497266567600222e-9,3.0117276790407094e-8,1.906945841431213e-9,0.001245403637376215,0.11600527347841413,0.06396851789556011,2.7972422304476273e-5,1.5231557190244855e-8,3.499038264068363e-9,3.0117026397045396e-8,1.907979934197169e-9,1.5396694839097708e-8,3.561902814342807e-9,3.031795287933106e-8,1.9246942015669084e-9,1.5257493046049284e-8,3.5090284103009738e-9,3.014895985721754e-8,1.9106348876103866e-9,0.19853910726715573,1.862520876980236e-5,4.450282205237411e-5,3.914288094564391e-6,1.0351919241617753e-8,-4.865804729519737e-9,5.6898644600005696e-9,-8.239270704831552e-9,0.7982968074383815,1.3129078793990984e-5,3.0195246225866463e-5,2.3301288237973443e-6,1.0352460698507563e-8,-4.8283445549285324e-9,5.83169980476183e-9,-8.219156753611312e-9,1.0466005855058696e-8,-4.835931635432747e-9,5.779301958726908e-9,-8.228654805845706e-9,1.0370304017664725e-8,-4.8023952393787594e-9,5.928512865039523e-9,-8.20610181337646e-9,0.000130459032410908,0.004173577735919725,0.18062831136499488,0.008804900870219618,1.6923078058616353e-9,5.325383182482156e-9,9.369819445904429e-8,2.8331766786978023e-8,0.00013837818193069047,0.17664439370576696,0.19901316678618702,0.0004155902742379332,1.6923952433605387e-9,5.328080993013189e-9,9.369741545747456e-8,2.834713045092937e-8,1.710743871010856e-9,5.423806558203819e-9,9.432252006902997e-8,2.8595456708994064e-8,1.695277005116587e-9,5.343293261140119e-9,9.379676400023235e-8,2.8386575473068597e-8,0.7936642695219254,2.2961464084295597e-12,0.1443368243875839,2.3811961773681235e-10,7.976859730506108e-10,3.7910544974139904e-10
full_TAC,1,12,,121.29979212609419,20.61902302048416,3,3,LOCALLY_SOLVED,Solve_Succeeded,0.209278458,0.8481498555467203,1.0551402309623359e7,59.156299865094326,10.374697589708665,503.580233427179,4.5113824492704774e-17,5.126570965080088e-17,8.248830834579593e-9,0.0,0.999986506883012,0.4006845541119771,0.00013040006099719145,6.368353399112745e-5,1.560485090211473e-5,0.0793365749044985,2.8260022781136915e-5,3.6710017833444793e-6,1.521844143313615e-8,3.5241065080005623e-9,3.014219704099716e-8,1.9233268283048856e-9,4.264976117375129e-5,0.07949297563420035,2.925129671689267e-6,3.305835222830573e-7,1.5111297015954538e-8,3.528211949725155e-9,2.995348057279018e-8,1.9442221275436887e-9,1.518035036888659e-8,3.555008374303921e-9,3.003811775715124e-8,1.951545750519322e-9,1.5050600717942444e-8,3.5046422176979973e-9,2.987917284102195e-8,1.9377996827776596e-9,1.4251309832084213e-5,5.319236341465327e-7,1.1379298487781747e-6,9.573884564645553e-8,1.0366631330808125e-8,-4.8846336324578925e-9,5.576108093172433e-9,-8.248830834579593e-9,0.9999074196862952,3.6722423507806614e-7,5.408782758906626e-7,4.402834177113857e-8,1.0292700985176613e-8,-4.869972085602541e-9,5.5558950674773866e-9,-8.231917056388986e-9,1.0340355796613914e-8,-4.8951866703869706e-9,5.450953903618588e-9,-8.24765235369085e-9,1.0250790851221321e-8,-4.845739082519315e-9,5.656517857073136e-9,-8.216824881435293e-9,1.7338723224571918e-6,0.12080796633184997,8.792007087464818e-5,5.454059792397511e-5,1.6909379370151273e-9,5.366253091728129e-9,9.377572412754672e-8,2.857514144910115e-8,4.738862352639032e-6,0.12104612198844142,9.100403423033275e-6,4.911526616776851e-6,1.6790330017727257e-9,5.3725045598087586e-9,9.318860622645834e-8,2.8885585894934796e-8,1.6867055965429538e-9,5.413308206326425e-9,9.345192191113717e-8,2.8994394007715634e-8,1.6722889686602708e-9,5.336614286040132e-9,9.295742661651272e-8,2.8790166715553798e-8,0.7936511737247898,6.658060706210999e-14,0.14430127940397486,6.888319366521965e-12,2.1999665194374062e-11,1.053121408049499e-11
full_TAC,1,13,,121.29979212609419,19.404076199548015,3,2,ALMOST_LOCALLY_SOLVED,Solved_To_Acceptable_Level,0.094991958,0.8510146563342897,1.0556348337568535e7,59.20357841641609,10.85439256397326,503.58477437631075,2.2556912246352386e-16,1.9786765128379286e-16,8.239494992640586e-9,0.0,0.999736749234793,0.3268110928707287,0.3607385107281217,0.009728433999978104,0.0006795020793440339,0.0022551417061200123,0.08762759578782087,0.0006002354947060382,1.5230459912257236e-8,3.4978869656320233e-9,3.0117043938274206e-8,1.9072997975604444e-9,0.0006705142246847376,0.1272845404166597,0.00011019242612117585,1.3046326660938206e-5,1.5197806588559923e-8,3.4879232523184345e-9,3.007461857150428e-8,1.9056604736117907e-9,1.5312578926242413e-8,3.5316100698832646e-9,3.0214209411472657e-8,1.9172786124515653e-9,1.519094104983385e-8,3.4853888613584473e-9,3.0066523821763695e-8,1.9049870340082015e-9,0.16769312154288057,1.0453396655436935e-5,2.4919542464030584e-5,2.1919943020989036e-6,1.0352247592273554e-8,-4.866246273948347e-9,5.687111712169908e-9,-8.239494992640586e-9,0.8305435004585323,7.334519329735911e-6,1.3276789597861036e-5,1.2563821801933597e-6,1.032977588158307e-8,-4.833985546643973e-9,5.811371491796844e-9,-8.220918671094294e-9,1.0408733991327276e-8,-4.849027463572137e-9,5.7372456381533104e-9,-8.232737015077271e-9,1.0325050299713085e-8,-4.812823654659609e-9,5.894275526779304e-9,-8.209326545877797e-9,7.550023103822596e-5,0.0034339657797736547,0.2726191868954427,0.008917784492775424,1.6922733235841367e-9,5.326327879485126e-9,9.369747003018641e-8,2.8337025563755168e-8,7.450158052052637e-5,0.19381964108900454,0.0003428208812658804,0.00019383113896251047,1.6886451765066577e-9,5.311155861484889e-9,9.356548000023554e-8,2.8312669893660887e-8,1.7013976584713788e-9,5.377678970049516e-9,9.39997626134705e-8,2.8485282242137534e-8,1.6878823388704274e-9,5.307296675250363e-9,9.354029633437595e-8,2.8302664505264706e-8,0.7936583067996572,1.2819228770892388e-12,0.1443274718935659,1.319363778742915e-10,4.243699317301843e-10,2.0408854833759007e-10
full_TAC,1,14,,121.29979212609419,18.189129378611874,3,3,LOCALLY_SOLVED,Solve_Succeeded,0.427163791,0.8481428631692306,1.0551390207280468e7,59.15592114179085,10.374021585547025,503.58012475721716,1.5922526291542861e-16,1.5922526291542861e-16,8.256939066174152e-9,0.0,0.9999924448238907,0.40070426867248937,6.43585818140164e-5,3.1127150976330276e-5,8.162018324597882e-6,0.0793508755733634,1.3879971673262076e-5,1.7947693073840086e-6,1.520703014439187e-8,3.545387165402226e-9,3.0165390246529096e-8,1.9370145493198316e-9,2.393935685787769e-5,0.07948665057029329,1.4299936172141694e-6,1.5817450957927746e-7,1.506709395731011e-8,3.5722785976227615e-9,2.9892469215910016e-8,1.980319300184589e-9,1.5139118340905382e-8,3.6007309892827694e-9,2.998149117209746e-8,1.9882791337014626e-9,1.498941338404808e-8,3.5415691147300675e-9,2.979664834746231e-8,1.9717661687646155e-9,7.114359091746332e-6,2.9254819197815673e-7,6.216036884537425e-7,4.835704315879338e-8,1.0377657976317753e-8,-4.900143860064769e-9,5.484373538184506e-9,-8.256622554506618e-9,0.9999495539396779,2.0059923530911317e-7,2.81767604924329e-7,1.874602717262759e-8,1.0280899779924352e-8,-4.8957513358703735e-9,5.361557996068284e-9,-8.23983074698664e-9,1.0330714667046408e-8,-4.923363888287295e-9,5.248915177276925e-9,-8.256939066174152e-9,1.0227139507198949e-8,-4.864817588374917e-9,5.488150598455234e-9,-8.220525746825876e-9,9.068909249553199e-7,0.12082974235034881,4.3182134094593123e-5,2.666514399541955e-5,1.6896700160435404e-9,5.398657729135208e-9,9.38478807669794e-8,2.8778501875608923e-8,2.6599285397641864e-6,0.12103649064112842,4.44886903133297e-6,2.350021285177836e-6,1.6741215508122335e-9,5.4396060463801124e-9,9.299879311616448e-8,2.9421886745599604e-8,1.682124260100597e-9,5.482931279135126e-9,9.327575031319209e-8,2.9540147129278866e-8,1.6654903760053414e-9,5.3928438792480565e-9,9.270068374766052e-8,2.929481165021714e-8,0.7936510014233626,3.729950654992961e-14,0.14430090236835727,3.874014333635642e-12,1.236857429470694e-11,5.915411134607998e-12
full_TAC,1,15,,121.29979212609419,16.974182557675732,3,3,LOCALLY_SOLVED,Solve_Succeeded,0.214736333,0.8497778376473644,1.0554233722122652e7,59.12850636213015,10.372922699742734,503.5799888720909,1.5922526291542861e-16,1.5922526291542861e-16,9.547725027045615e-9,0.0,0.9999999201402086,0.40066697499370824,1.7983567848034386e-6,1.258474516783616e-6,1.6672923109737914e-7,1.305663478413632e-7,3.1822275136523984e-7,4.3851059771502565e-8,9.7154615187933e-9,5.824239379363265e-9,2.7579668450774467e-8,4.961203560858631e-9,1.6672932313464374e-7,0.1588228081109449,4.11936056167682e-8,1.1832330648345895e-8,5.428244421894322e-9,6.320007432179762e-9,1.925480419753663e-8,7.461920254169332e-9,5.454559674680448e-9,6.409203667355414e-9,1.9371149605372078e-8,7.503064400635604e-9,5.330904793775976e-9,6.008991409614366e-9,1.886660925979713e-8,7.317512954913284e-9,0.2801107552293533,-6.922402244612339e-9,-2.7824046958877027e-9,-9.339278750719826e-9,9.532538382566916e-9,-7.2617600429552414e-9,-3.5330152516217802e-9,-9.238750026651963e-9,0.7198887404963363,-7.758531442246193e-9,-5.660645947881645e-9,-9.547725027045615e-9,5.211036013305354e-9,-8.07050556160279e-9,-5.825064276797019e-9,-9.49080926812109e-9,5.237285605873815e-9,-8.172342390445622e-9,-6.02296364719394e-9,-9.52325461965917e-9,5.113964909668409e-9,-7.720989600780002e-9,-5.161096303076027e-9,-9.372403600930615e-9,1.852547012193101e-8,1.9881693875843938e-7,9.90026337580746e-7,6.515014594623238e-7,1.0794957243103664e-9,8.868728145848607e-9,8.5803412957965e-8,7.37093100470425e-8,1.8525480348293744e-8,0.24184382144166608,1.281578841410566e-7,1.7579462677542472e-7,6.031382690993688e-10,9.623647680819181e-9,5.990383528122505e-8,1.108628152048015e-7,6.060621860756051e-10,9.759469220745743e-9,6.026579877226868e-8,1.1147409966658612e-7,5.923227548639972e-10,9.150055101003693e-9,5.869611769714662e-8,1.0871733533014021e-7,0.7936507859416364,7.151843901591273e-16,0.14429201083595677,1.1632125615530937e-13,3.471105019439648e-13,1.5890442201211184e-13
full_TAC,1,16,,121.29979212609419,15.759235736739589,3,2,ALMOST_LOCALLY_SOLVED,Solved_To_Acceptable_Level,0.326397291,0.8510350533540652,1.0556372579676053e7,59.20007027314693,11.012228678635879,503.5847747445873,1.5922526291542861e-16,1.5922526291542861e-16,8.239494832370316e-9,0.0,0.9997365938267598,0.33009459853271844,0.31720202544996906,0.021679172794667616,0.0006816248332440802,0.0021873498746303177,0.07703755265159362,0.0013539811324130482,1.5230466738030647e-8,3.4978884943276885e-9,3.011706261748107e-8,1.9072949307053454e-9,0.0006686067754697166,0.12865390236703372,0.00011028317507950325,1.2950107720479885e-5,1.51978131860848e-8,3.4879246980069058e-9,3.00746369450228e-8,1.9056555920486813e-9,1.531258558055014e-8,3.531611526707602e-9,3.021422792767224e-8,1.9172736882853977e-9,1.519094771104167e-8,3.485390331836825e-9,3.00665422682386e-8,1.9049821616664297e-9,0.17253267217561044,1.0451297156103022e-5,2.4904183804982194e-5,2.2047550531122064e-6,1.0352252163540803e-8,-4.866245415233468e-9,5.687115709187139e-9,-8.239494832370316e-9,0.8257035551902937,7.3358445239460705e-6,1.3277795222046766e-5,1.2559188439717162e-6,1.0329780297312692e-8,-4.833984609921034e-9,5.811375840098966e-9,-8.220918464058167e-9,1.0408738440768907e-8,-4.8490265196203365e-9,5.737249994733299e-9,-8.232736804011583e-9,1.0325054759596905e-8,-4.812822746836293e-9,5.894279769376693e-9,-8.209326358101045e-9,7.573609258267554e-5,0.003330737309096165,0.23967238602718013,0.020116291110136714,1.6922740820034045e-9,5.326330207271707e-9,9.369752814327444e-8,2.8336953256193697e-8,7.428964171885738e-5,0.19590480587707407,0.00034310321135845454,0.00019240160041855827,1.688645909564977e-9,5.311158062874152e-9,9.356553716229315e-8,2.8312597367580407e-8,1.7013983978389038e-9,5.377681188395666e-9,9.399982021942475e-8,2.8485209083097334e-8,1.687883079004629e-9,5.307298914387893e-9,9.354035372340896e-8,2.830259211618695e-8,0.7936583066380559,1.2819227483373611e-12,0.14432638656644584,1.3193635756639178e-10,4.243698731174018e-10,2.0408851603740318e-10
full_TAC,1,17,,121.29979212609419,14.544288915803445,3,3,LOCALLY_SOLVED,Solve_Succeeded,0.177400125,0.848142863139163,1.0551390207229014e7,59.15592114024271,10.374021574413508,503.58012475716504,2.2556912246352386e-16,1.5922526291542861e-16,8.256939058901779e-9,0.0,0.9999924448515223,0.40070426896435607,6.435838232002992e-5,3.112650037429e-5,8.162010228896866e-6,0.07935087570139197,1.3879923740931253e-5,1.7947285998903674e-6,1.520703020425535e-8,3.5453872411858184e-9,3.0165390268769686e-8,1.9370144512583203e-9,2.393929611346889e-5,0.07948665055794578,1.4299930444377998e-6,1.5817419051041162e-7,1.5067094033716847e-8,3.572278687977917e-9,2.989246924998862e-8,1.9803192073576775e-9,1.513911842381347e-8,3.6007310825438336e-9,2.9981491214038625e-8,1.9882790410339707e-9,1.4989413443525157e-8,3.541569198029008e-9,2.9796648360833464e-8,1.971766074673319e-9,7.114359681903219e-6,2.9254823093940326e-7,6.216036410313972e-7,4.8357018224290056e-8,1.0377658122218889e-8,-4.900143809555292e-9,5.4843736618773885e-9,-8.256622541330324e-9,0.9999495540432074,2.0059923023367497e-7,2.8176756744741665e-7,1.8746020076038337e-8,1.028089993632844e-8,-4.8957512956320486e-9,5.3615580625101605e-9,-8.239830738259651e-9,1.0330714828423524e-8,-4.923363850535715e-9,5.248915234302973e-9,-8.256939058901779e-9,1.0227139651368666e-8,-4.8648175417852625e-9,5.488150690294392e-9,-8.220525734168934e-9,9.068900254329848e-7,0.1208297425453014,4.318198497178611e-5,2.666453919837117e-5,1.6896700226950383e-9,5.39865784453295e-9,9.384788083617237e-8,2.877850041869504e-8,2.659921790385431e-6,0.1210364906223265,4.448867249362044e-6,2.3500165447261154e-6,1.6741215593018713e-9,5.439606183966373e-9,9.299879322218682e-8,2.9421885366456916e-8,1.682124269312607e-9,5.482931421146291e-9,9.327575044367571e-8,2.9540145752504704e-8,1.665490382613906e-9,5.392844006089626e-9,9.270068378925967e-8,2.929481025228931e-8,0.7936510014233024,3.729950248416167e-14,0.14430090236783616,3.874013860866454e-12,1.236857283981662e-11,5.915410418677816e-12
full_TAC,1,18,,121.29979212609419,13.329342094867304,3,3,LOCALLY_SOLVED,Solve_Succeeded,1.152252667,0.8481348201158001,1.0551376276868887e7,59.155475028898735,10.37338065797791,503.57999139953114,1.5922526291542861e-16,1.5922526291542861e-16,9.000312325991942e-9,0.0,0.999999794187506,0.4007202587987701,2.8141776650149576e-6,1.5203863910955813e-6,2.7581205187899977e-7,0.07936456952491716,5.17125714801537e-7,6.808495560848588e-8,1.3418236386944311e-8,4.833093062119386e-9,3.040211329263816e-8,3.079048506544382e-9,6.276411286452702e-7,0.07947948910543948,6.311963071079846e-8,1.296018526520292e-8,1.0030801738157066e-8,5.172524654737359e-9,2.446291109597461e-8,5.065721341645176e-9,1.00992272310651e-8,5.2596241416367984e-9,2.4619621970933105e-8,5.125024693249829e-9,9.813551931871195e-9,4.906840480287012e-9,2.398929104229264e-8,4.8824022007256346e-9,3.644704866806336e-7,-1.2128713898885587e-9,8.935304834979903e-9,-8.252921329885529e-9,1.0487928716083905e-8,-5.982913159706067e-9,5.007223161979428e-10,-8.74628677982403e-9,0.9999983441028841,-3.883399492249542e-9,1.7676482955203657e-10,-8.87191801012037e-9,7.743701899306607e-9,-6.68238059657177e-9,-2.2615685360753086e-9,-8.948172019312926e-9,7.799537786066902e-9,-6.793257164144957e-9,-2.515460488064347e-9,-9.000312325991942e-9,7.566302454533687e-9,-6.35256093592625e-9,-1.5040388110145858e-9,-8.780352062108537e-9,3.0645783542111074e-8,0.12085059450385113,1.608835557160337e-6,1.0115479118975043e-6,1.4909151541049228e-9,7.359482617318155e-9,9.458435246598538e-8,4.5745863525802244e-8,6.973790318280777e-8,0.12102558568328284,1.963721844335952e-7,1.9255132394015765e-7,1.114533526461896e-9,7.876344360622796e-9,7.610683452080988e-8,7.526214564729975e-8,1.1221363590072329e-9,8.008973124765123e-9,7.659437946512521e-8,7.614322401399746e-8,1.090394659096799e-9,7.471779822255223e-9,7.463334990935488e-8,7.253854698220942e-8,0.7936507899757161,1.3828570614961521e-15,0.14430044935418193,1.8382483238434248e-13,5.644652780769586e-13,2.62494001347172e-13
full_TAC,1,19,,121.29979212609419,12.11439527393116,3,2,ALMOST_LOCALLY_SOLVED,Solved_To_Acceptable_Level,0.078176208,0.8499459504547928,1.0554506363757728e7,59.20708784106845,10.625802726571596,503.5885404978588,2.2556912246352386e-16,1.5379712895240266e-16,8.23927012414017e-9,0.0,0.999506853508514,0.3673339556800962,0.1612576479935153,0.006273496281521976,0.0010491974515951068,0.05361852980812359,0.03896329955137961,0.0003668245128665229,1.523084155935601e-8,3.49727819472321e-9,3.011709140174562e-8,1.9069507819978447e-9,0.0014352601423186808,0.0919786432335939,0.00024470161650367206,2.840430493038517e-5,1.5231629968406516e-8,3.4990504552967683e-9,3.0116842850611496e-8,1.9079850289388225e-9,1.5396768743030663e-8,3.561915223869715e-9,3.031776752195894e-8,1.9246993813452863e-9,1.5257565172978663e-8,3.509040321912653e-9,3.014877501974356e-8,1.910639912346115e-9,0.0426052365903727,1.8915107444348846e-5,4.387963742201701e-5,3.876352655782448e-6,1.0351965885637805e-8,-4.865801832953336e-9,5.689851041077025e-9,-8.23927012414017e-9,0.9541409990320182,1.3065152863585548e-5,2.479966796142022e-5,2.3316854783648803e-6,1.0352508354586951e-8,-4.828342186175252e-9,5.831683746106415e-9,-8.219156513502982e-9,1.046605418859155e-8,-4.835929381551628e-9,5.779285561369762e-9,-8.22865463246739e-9,1.0370351210643653e-8,-4.802392556274965e-9,5.928497849331969e-9,-8.206101386560408e-9,0.00011657749462167849,0.08164639766237,0.12121915415984766,0.0054499641911597676,1.6923157288173338e-9,5.325400887419434e-9,9.369761769431969e-8,2.8331840189682262e-8,0.00015947334914652003,0.14005838856024527,0.0007612939180114242,0.00042200681610857964,1.6924033298229455e-9,5.328099556929169e-9,9.369684442412464e-8,2.8347206144233933e-8,1.7107520825589619e-9,5.423825454528883e-9,9.432194340165003e-8,2.8595533665701398e-8,1.6952850192198508e-9,5.343311399276085e-9,9.37961889503133e-8,2.8386650126285134e-8,0.7936642794302332,2.296146061934781e-12,0.14433810278024517,2.38119585152672e-10,7.976858891597613e-10,3.7910536446838475e-10
full_TAC,1,20,,121.29979212609419,10.899448452995019,3,3,LOCALLY_SOLVED,Solve_Succeeded,0.090252208,0.8481498535743717,1.0551402306250583e7,59.15629978359817,10.374696819699945,503.58023342519766,2.563285482540044e-17,1.6102510683902413e-20,8.248830587986794e-9,0.0,0.9999865082265831,0.40068457777920163,0.00013037007037338265,6.363906767744434e-5,1.560440974859948e-5,0.0793365848801689,2.8252767336753752e-5,3.6682183306236366e-6,1.5218442630422224e-8,3.5241077266798684e-9,3.0142196440948513e-8,1.92332522734212e-9,4.2646774272052436e-5,0.07949297503849759,2.925091090801249e-6,3.305628847137773e-7,1.5111298556886914e-8,3.5282133072517526e-9,2.9953480416298176e-8,1.94422054940408e-9,1.5180352002426002e-8,3.555009771219103e-9,3.00381177037487e-8,1.951544172873819e-9,1.5050602046490465e-8,3.5046434897099384e-9,2.987917243338979e-8,1.937798090313765e-9,1.4251365529492287e-5,5.319269694613192e-7,1.13792644729317e-6,9.57377342062986e-8,1.0366633764557965e-8,-4.884632736011617e-9,5.576110394282037e-9,-8.248830587986794e-9,0.9999074247831022,3.6722500755235504e-7,5.408775991928366e-7,4.4028099728760424e-8,1.0292703645233812e-8,-4.869971317064534e-9,5.5558968092581e-9,-8.23191688335134e-9,1.0340358527457376e-8,-4.895185933400101e-9,5.4509555198013524e-9,-8.247652199217077e-9,1.0250793358544297e-8,-4.8457382372723424e-9,5.656519914716024e-9,-8.21682466094617e-9,1.7338233053999414e-6,0.12080798152207535,8.789749838101167e-5,5.4499243769265456e-5,1.6909380700469132e-9,5.3662549474443445e-9,9.37757222607287e-8,2.857511766336864e-8,4.738530474672491e-6,0.12104612108134857,9.100283393603886e-6,4.911220001461833e-6,1.6790331729874343e-9,5.3725066269515315e-9,9.318860573959433e-8,2.8885562448289187e-8,1.6867057780473327e-9,5.4133103334472705e-9,9.345192174499594e-8,2.8994370568411022e-8,1.672289116276718e-9,5.336616222967406e-9,9.295742534832378e-8,2.879014305609022e-8,0.7936511737227504,6.658058713384118e-14,0.1443012793775944,6.888315723072315e-12,2.1999655183747907e-11,1.0531208736439134e-11
full_TAC,1,21,,121.29979212609419,9.684501632058875,3,3,LOCALLY_SOLVED,Solve_Succeeded,0.017175667,0.9930442663748524,1.0803712342656503e7,43.26009977587478,9.684501837486058,503.5799890328042,1.1278456123176193e-16,5.126570965080088e-17,8.711383186446461e-9,8.454163560086156e-9,1.0000000013844295,0.35556729695566996,3.2522210546958295e-7,-7.341175457983674e-9,3.2482238556328416e-9,8.129277860627899e-9,1.0350155586316279e-8,1.637800622527701e-10,-5.468035199425187e-10,6.096459449400324e-10,6.884924187252297e-9,1.9675687116696545e-11,1.3873437814933934e-8,0.09171823353101007,1.6073287561711894e-8,7.556975428822351e-10,2.274283816347638e-9,5.911054133584596e-9,9.785393540074549e-9,3.099946667101433e-10,2.769226164977058e-9,7.415474230705175e-9,1.0412909282541246e-8,3.608974258636547e-10,6.205800858681423e-10,2.3047955857988904e-9,7.915511250367874e-9,1.5936395352365158e-10,2.7508510097585823e-8,0.07936506157038399,2.7172838679317518e-8,-4.415539072801876e-9,7.416113984184753e-9,5.714187925266465e-9,1.3269572482976165e-8,-5.408472814261971e-9,0.9999998854764426,0.04482207586170229,1.2163648817286567e-8,-5.750717496843949e-9,2.0522105617600482e-8,7.277753541475667e-10,6.173067349861154e-9,-6.985766002840626e-9,2.3843864473429116e-8,-4.451672308889959e-10,4.866862422742316e-9,-7.477356207460042e-9,1.1907450276959303e-8,2.912250853765319e-9,9.062703261202276e-9,-5.361100514740318e-9,3.6091376173698224e-10,1.2378673105956119e-8,3.22004840463173e-8,2.4333037820411556e-9,-6.075594666027983e-11,9.283245070677764e-10,2.1419764138118258e-8,2.923244943052058e-10,1.5414930905482143e-9,0.13966185560403804,5.0005783525325895e-8,1.1227506351393206e-8,2.5269820181640416e-10,9.000923339776542e-9,3.0443446569120815e-8,4.605635048264985e-9,3.0769179610856185e-10,1.1291744851301061e-8,3.2395717767906094e-8,5.3619046128314396e-9,6.895334287423801e-11,3.5095750965574016e-9,2.4626035001144497e-8,2.367693023779966e-9,0.7936507873561611,-5.393383682361312e-16,0.16699518562383966,-7.017460802718116e-13,-1.6550601504497887e-12,-9.38132783690398e-13
full_TAC,2,1,,116.96606519139173,33.98343805078173,3,3,LOCALLY_SOLVED,Solve_Succeeded,0.076199958,0.24390138411002363,9.497888659162432e6,116.9660467279914,33.98343518441597,503.58001408188926,2.7068294695622867e-16,2.0506283860320352e-16,8.283137493335164e-9,0.0,0.9999996042950493,0.5127840455984323,1.857323034001577e-5,1.1876657069135822e-6,1.0499384332873033e-6,4.2073075167080434e-5,1.8124918297981203e-6,2.4377486595961628e-8,1.431599630367784e-8,3.5711146057388284e-9,2.9672612889887573e-8,1.5553082363826743e-9,7.664690933850704e-7,0.006690318486180925,1.175509592175721e-6,2.195823183599524e-8,1.5169784105155236e-8,3.971490268092769e-9,3.07095774166307e-8,1.652054057295255e-9,1.0499424426688934e-6,0.18743409054707094,1.1174262652769565e-6,2.1620492300530597e-8,1.4624685916838636e-8,3.743446217587231e-9,3.001516886419929e-8,1.6062352193976628e-9,0.19894162088880193,0.022954818840760765,1.0441117547557427e-6,5.424022345914557e-8,1.0453761904734172e-8,-4.464222031191866e-9,6.972529600400412e-9,-8.075701895382375e-9,1.5653522425833502e-6,4.747935928052928e-8,1.0434771332576614e-7,-8.573369745708675e-11,1.1089071139271297e-8,-4.81785302624733e-9,5.4184229407183835e-9,-8.283137493335164e-9,0.8010531519824116,8.482652856174716e-8,1.5657933492325168e-7,4.102951308198487e-9,1.068383159077422e-8,-4.602190510826646e-9,6.297615848111171e-9,-8.15413980437268e-9,1.1665982592081144e-7,6.406581900441793e-5,5.63886347048304e-6,3.62179800854287e-7,1.5906662559642037e-9,5.437833604193216e-9,9.2314795657428e-8,2.31074366548283e-8,8.516323259834112e-8,0.010187530422139135,3.657140953435576e-6,3.262365872776435e-7,1.6855315672394702e-9,6.047496544595806e-9,9.554090751840661e-8,2.4544803136958073e-8,1.1666027140765477e-7,0.28541100151485804,3.4764372697505308e-6,3.2121874275074023e-7,1.624965101870959e-9,5.7002476495078285e-9,9.338052535528666e-8,2.3864066116765274e-8,0.7936510034007694,6.20122523477103e-14,0.002661388628485201,6.580076316251277e-12,0.9615911740601485,9.641766509968595e-12
full_TAC,2,2,,116.96606519139173,32.76849122984559,3,3,LOCALLY_SOLVED,Solve_Succeeded,0.057383791,0.39296762173206623,9.757171298670344e6,116.96606603831876,32.768491496730924,503.57998786670163,3.1845052583085723e-16,3.1845052583085723e-16,9.782795040450672e-9,1.0983416407303029e-8,1.0000000027544802,0.5146651398757277,5.167764922204028e-7,-4.387941355381297e-9,6.804453945956313e-10,2.6857340760493124e-7,3.048521926305864e-8,6.72025089876154e-11,-5.6469209003383786e-9,-3.5719357495516316e-9,3.807912774520575e-9,-2.965122475016303e-10,6.804442304895902e-10,2.056739510295866e-8,2.8403343659304767e-8,1.0153641723894467e-9,-1.4114922769520105e-9,1.689007074523747e-8,2.3783501365785927e-8,7.699599641249031e-10,6.804458479286238e-10,0.20168462116867375,2.620047470488717e-8,8.97874363257333e-10,-3.593698978515643e-9,-1.2548122724838435e-10,8.561538130634314e-9,-6.66885291562601e-11,0.259396652330992,0.005869100880528017,1.269074060762212e-8,-8.471982058469449e-9,-2.6964968949794738e-9,3.6051271472499126e-9,1.797914755253295e-8,-1.3836566617531144e-9,0.07179332637717119,-9.095946860111333e-9,-7.909766886858859e-9,-9.782795040450672e-9,3.3353812572968034e-8,-7.993169573772484e-9,-5.692239285832491e-9,-9.477468154463782e-9,0.6688099970867295,-8.403845298843478e-9,-6.805397933189404e-9,-9.642380606875163e-9,5.869801271784013e-9,3.8662966385359376e-9,8.074716362452816e-9,-3.4838339424057123e-9,7.560504384395901e-11,4.089640524893271e-7,9.484290437396021e-8,9.984372763874287e-10,-6.274356555931529e-10,-5.439083982271802e-9,1.18468397429529e-8,-4.405324820024222e-9,7.560491449884334e-11,3.131853345223251e-8,8.836595805117039e-8,1.5085410561214634e-8,-1.5683247521689002e-10,2.5718971362066143e-8,7.399311536022288e-8,1.1439405181284275e-8,7.560509421429153e-11,0.3071106731432077,8.151258797076006e-8,1.3339847682680373e-8,-3.99299886501738e-10,-1.9107368694640346e-10,2.6635896406417864e-8,-9.908010046072929e-10,0.7936507862656769,-1.1898445567640145e-15,0.008090344177181965,-7.497984095408487e-15,0.9077122634742587,-2.5028248677528163e-13
full_TAC,2,3,,116.96606519139173,31.553544408909442,3,1,ALMOST_LOCALLY_SOLVED,Solved_To_Acceptable_Level,0.051545791,0.5143356164453531,9.968334527615868e6,114.86448749383102,31.553429606682442,503.58129311683916,3.1845052583085723e-16,3.1845052583085723e-16,8.239622309762546e-9,0.0,0.9999792030560511,0.5110303578143531,0.0006534517996277467,4.6860882387484507e-5,7.383589817566991e-5,0.004057852353501561,6.825878368027316e-5,1.01142937044347e-6,1.5241384076053362e-8,3.507617426878272e-9,3.0131466467050834e-8,1.8976633893287788e-9,7.293234884985113e-5,3.958501184203008e-5,4.38480253896292e-5,9.19901737656605e-7,1.5214853930467145e-8,3.4999767912131043e-9,3.009654887104948e-8,1.89665995786913e-9,7.208159875419645e-5,0.19846917341582637,4.1788884654919754e-5,9.129433603974971e-7,1.520472983772499e-8,3.4962013063942062e-9,3.008450185067042e-8,1.8956657026160817e-9,0.2655992607017123,4.512735314128744e-6,9.120457638477246e-6,7.48236084398512e-7,1.0369897749626152e-8,-4.863389402480964e-9,5.691208555290055e-9,-8.239622309762546e-9,0.1314870004115124,2.357389927588751e-6,5.296975346619481e-6,4.448710357602457e-7,1.0351623922695981e-8,-4.833449308892111e-9,5.805585290140279e-9,-8.222510359908921e-9,0.602649693646936,3.1621372210699992e-6,5.963395042359322e-6,5.0015403656345e-7,1.034464943356331e-8,-4.811070194701757e-9,5.893589289268481e-9,-8.210177676581679e-9,8.203988686185541e-6,0.006179002447377376,0.00021236066033862764,1.5026950646588694e-5,1.6934871195614837e-9,5.341144718201004e-9,9.37423401197137e-8,2.819385607002757e-8,8.103594316650121e-6,6.0277177123091245e-5,0.0001364160789899575,1.3667111530898129e-5,1.69053932560746e-9,5.329510113892682e-9,9.36337075988206e-8,2.8178947945484212e-8,8.009066528244047e-6,0.3022144231559174,0.00013000986337086145,1.356372992590567e-5,1.689414426413887e-9,5.323761080191177e-9,9.359622797986354e-8,2.8164176153153208e-8,0.7936569716603352,1.2814862522050806e-12,0.014849756309499536,1.3180591829375186e-10,0.8568521381046635,2.038706928936505e-10
full_TAC,2,4,,116.96606519139173,30.3385975879733,3,3,LOCALLY_SOLVED,Solve_Succeeded,0.061313166,0.6148297162148643,1.0143224272514526e7,111.66794398674381,30.338593572574805,503.5800339637869,1.5379712895240266e-16,1.0253141930160176e-16,8.277163348537168e-9,0.0,0.9999992296599651,0.5048057159191899,1.7621376885021326e-5,1.4632668178780342e-6,2.6417965344473373e-6,3.5910430087232282e-6,2.2391093744189838e-6,3.4704360404564866e-8,1.5463831224132235e-8,3.789563533972506e-9,3.048859513104346e-8,1.6998213574043355e-9,2.6417907176344835e-6,4.205521321702407e-7,9.095816686929952e-7,2.6214795805374266e-8,1.5483202562249656e-8,3.881990083454647e-9,3.041465439430886e-8,1.7519488703272096e-9,2.6418052815549928e-6,0.20009903351096442,8.943429779157828e-7,2.604418214213582e-8,1.5324847223474344e-8,3.8179048824519044e-9,3.0219577635391074e-8,1.737719583466195e-9,0.28009298819747436,1.3474819346779422e-7,2.9482246004969523e-7,1.6839636115878717e-8,1.082892769020215e-8,-4.827732104750975e-9,5.58691855484374e-9,-8.259229916756573e-9,0.19749655694412632,5.552878714058092e-8,1.4808970883512017e-7,4.163615698650904e-9,1.0842643537119176e-8,-4.8826538669643216e-9,5.226308671841069e-9,-8.277163348537168e-9,0.5224007947114245,1.0194304006539514e-7,1.6619678207638182e-7,5.759280282084949e-9,1.0730463523851845e-8,-4.820162591565386e-9,5.476553169591781e-9,-8.23988182803914e-9,2.935329482719263e-7,5.4681791269194605e-6,6.966118053747949e-6,5.156076402963922e-7,1.7182034693480254e-9,5.770471744912678e-9,9.48534070743574e-8,2.5254488738578696e-8,2.93532301959387e-7,6.403862012592301e-7,2.8298096359337622e-6,3.8947696625127473e-7,1.720355840249961e-9,5.911212172533212e-9,9.462336922673866e-8,2.6028954644861396e-8,2.9353392017277687e-7,0.30469625557351393,2.782400375737991e-6,3.8694213468316077e-7,1.7027608026082598e-9,5.813627889188127e-9,9.401646375455e-8,2.5817548097212037e-8,0.7936509685183329,3.694796206309484e-14,0.02225642042222698,3.770041400771927e-12,0.8077780287707849,5.749796926313181e-12
full_TAC,2,5,,116.96606519139173,29.12365076703716,3,2,LOCALLY_SOLVED,Solve_Succeeded,0.049812042,0.6952363855769069,1.028318612919354e7,108.46953782304962,29.123650906241767,503.57998896895907,1.0468401263500556e-16,1.0253141930160176e-16,9.179224114760996e-9,5.7288354654774054e-9,0.9999999827626392,0.49846866830762243,1.0688708389629955e-6,1.3892656165631701e-8,5.7747140304965914e-8,1.721790338111619e-7,8.7832589401334e-8,3.8768714723571305e-10,1.2550868448391267e-8,1.0331574201455253e-8,2.8545881432391723e-8,2.280274463434889e-10,5.7747139306064055e-8,2.1750719650114612e-8,4.487821106319878e-8,1.1989198154985992e-9,1.2251834042004871e-8,1.281162373876044e-8,2.945516817186121e-8,6.773317565245333e-10,5.774714726075352e-8,0.19759097007109042,4.398669386030576e-8,1.1629693952393954e-9,1.1684298315644515e-8,1.1776925658812387e-8,2.804056830611107e-8,6.281487441721221e-10,0.2801113800838945,-5.1379386617190984e-9,7.635358578175264e-10,-9.057407260135148e-9,2.070653230918722e-8,-5.502937086077606e-9,4.327665656480849e-10,-8.844330651837557e-9,0.2633906376478274,-7.4239682810265975e-9,-3.8680104344108635e-9,-9.179224114760996e-9,2.0128827641239955e-8,-7.193540031181038e-9,-3.549721835050979e-9,-9.134680541445992e-9,0.456497672112437,-6.317806609585709e-9,-3.016938667966955e-9,-9.004019208855217e-9,1.9051534044411097e-8,-6.4849912445903715e-9,-2.0404761566514983e-9,-8.805161751124469e-9,6.416348922773988e-9,2.6218171057608743e-7,2.732569448041502e-7,5.759923330359164e-9,1.3945409387101401e-9,1.5732169806761407e-8,8.880940890077425e-8,3.387836345674692e-9,6.416348811784893e-9,3.312041401267451e-8,1.396211010855073e-7,1.7812522973122045e-8,1.3613148935560964e-9,1.9508608874930666e-8,9.163830097912376e-8,1.0063214668364495e-8,6.4163496956392775e-9,0.3008771589718876,1.3684749200984013e-7,1.7278402443556727e-8,1.2982553684049456e-9,1.7933045889555226e-8,8.72373236190122e-8,9.3324956277001e-9,0.7936507890861285,1.1909971735826528e-15,0.02968134006636911,1.0296787673551651e-13,0.7586266912937475,1.3112845040633358e-13
full_TAC,2,6,,116.96606519139173,27.908703946101014,3,1,LOCALLY_SOLVED,Solve_Succeeded,0.0512645,0.7624680590806037,1.0400239500704724e7,105.26503801978687,27.908486784865815,503.58210323734374,2.2556912246352386e-16,1.0253141930160176e-16,8.239464709968578e-9,0.0,0.9999613469909425,0.49194831549891793,0.0009918972585841604,8.354862829999864e-5,0.0001300909516449177,0.00024956222693452303,0.00011504164457969222,1.8864920805126215e-6,1.5236333552751297e-8,3.502727395453726e-9,3.012417164862271e-8,1.902164278892914e-9,0.00013006954447519837,3.4340538594313225e-5,5.952172084141271e-5,1.60850381890521e-6,1.5206560619093222e-8,3.493856112030053e-9,3.0085279561373297e-8,1.900826223522289e-9,0.00013004729332888643,0.19471685889645213,5.928421740079127e-5,1.6084618545328312e-6,1.5198143119121275e-8,3.4907309235624295e-9,3.007530269910239e-8,1.899999709930108e-9,0.2789078054577054,6.4480567085470285e-6,1.3658125281248278e-5,1.1443328082396923e-6,1.036143127273714e-8,-4.864617632416522e-9,5.689918609197276e-9,-8.239464709968578e-9,0.3291982927409168,3.3391487338377444e-6,7.802523270695753e-6,6.697955558077614e-7,1.0340932727980982e-8,-4.833452120154569e-9,5.809513523436667e-9,-8.221579769709246e-9,0.39142160283205735,4.776699353806558e-6,8.674649060300107e-6,7.424788159269507e-7,1.0335136387676056e-8,-4.81171283051783e-9,5.8948392507789e-9,-8.209635795214924e-9,1.4454550182768626e-5,0.000380015209195751,0.00035790733869237577,2.802788233904466e-5,1.6929259503056989e-9,5.333698533986355e-9,9.371964512904841e-8,2.8260726429266146e-8,1.4452171608355369e-5,5.2291274677704225e-5,0.00018517868706217284,2.3897771023734545e-5,1.6896178465659129e-9,5.320189988773035e-9,9.359864752427247e-8,2.8240846749474004e-8,1.4449699258765156e-5,0.29650067150141574,0.00018443978746912837,2.38971475530592e-5,1.688682568791252e-9,5.3154311790609726e-9,9.356760839720743e-8,2.82285671189616e-8,0.7936574348394582,1.2816538015730274e-12,0.03713774291950028,1.3185839453869937e-10,0.7093340144676488,2.0396165496132795e-10
full_TAC,2,7,,116.96606519139173,26.693757125164872,3,3,LOCALLY_SOLVED,Solve_Succeeded,0.063990042,0.8188026985683778,1.0498344891241299e7,102.07234646369149,26.693750060424087,503.58005491827896,3.1845052583085723e-16,3.1845052583085723e-16,8.256846728423803e-9,0.0,0.999998712440246,0.4857851439962679,2.328685597443843e-5,2.3416034544165596e-6,4.243621247879381e-6,3.251729804092674e-6,3.2733918089589876e-6,6.04915465939796e-8,1.5371035574853766e-8,3.683036470257923e-9,3.034832895671338e-8,1.7920391548717225e-9,4.243632714894407e-6,4.083865799142932e-7,1.0464099211173074e-6,4.016786041546443e-8,1.5315458153606694e-8,3.74437313449621e-9,3.018100979045923e-8,1.8402026462818034e-9,4.2436255178537555e-6,0.19255965965897498,1.0547212489348955e-6,4.028874154355118e-8,1.5194556634335032e-8,3.696007886294158e-9,3.003217772155528e-8,1.828422547473195e-9,0.28009082789788825,1.7771192260398077e-7,3.972144501870655e-7,2.6217342557913152e-8,1.0644328328017679e-8,-4.853156391962669e-9,5.565195224749731e-9,-8.255148067622008e-9,0.3951778122947363,7.036969091256852e-8,1.9182790910426214e-7,8.27222989155878e-9,1.0605388735487648e-8,-4.879873300034661e-9,5.315950692433389e-9,-8.256846728423803e-9,0.32471584407669113,1.4389435998113238e-7,2.1385406823981516e-7,1.022820578670052e-8,1.0520623003579011e-8,-4.8322255884136016e-9,5.508808461547134e-9,-8.227790749285334e-9,4.7151347198659773e-7,4.951497656232027e-6,1.0183885627872405e-5,8.987315493962681e-7,1.7078928416504179e-9,5.608260079710928e-9,9.441702342088605e-8,2.6624581729522734e-8,4.7151474609937833e-7,6.218613830513099e-7,3.255497532364956e-6,5.967796404583286e-7,1.7017175726229652e-9,5.701659091164684e-9,9.389647490365093e-8,2.7340153601901077e-8,4.7151394642819494e-7,0.2932158453898028,3.281354996686341e-6,5.98575588647046e-7,1.6882840704816696e-9,5.6280120086751945e-9,9.34334418003942e-8,2.7165134991030324e-8,0.7936509782972926,3.7057674073319595e-14,0.04453322512993844,3.80520910567735e-12,0.6603151068499147,5.808163980607198e-12
full_TAC,2,8,,116.96606519139173,25.47881030422873,3,3,LOCALLY_SOLVED,Solve_Succeeded,0.050547833,0.8675367578920659,1.0583234555635536e7,98.87398310963303,25.478810469894576,503.57998818215174,1.5922526291542861e-16,1.5922526291542861e-16,9.554442911200298e-9,6.817822913377579e-9,0.9999999942632662,0.4794489442581173,7.15155765374303e-7,4.7687831946954635e-9,2.287214474727004e-8,9.117976052126594e-8,4.5928369049703875e-8,-9.617955324630889e-11,8.216494535340355e-9,1.455553122126431e-8,2.526072285420686e-8,-3.046892250584027e-11,2.2872146607499168e-8,1.623452749679071e-8,2.8432087352452475e-8,1.0558948161377493e-9,7.191838873013156e-9,1.5641158486725842e-8,2.7428362415018154e-8,9.777398916380181e-10,2.2872144414963013e-8,0.19005170035678567,2.8832775767365573e-8,1.0776946751104603e-9,6.937798263686222e-9,1.4783414002275437e-8,2.607907344878579e-8,8.539899257710641e-10,0.2801117714724604,-7.741611773067897e-9,-4.951229267786131e-9,-9.554442911200298e-9,2.8765067114604284e-8,-6.941258850586703e-9,-3.2161089221204363e-9,-9.190839123598203e-9,0.4610712787575696,-8.685793635915141e-9,-6.906768138625681e-9,-9.552936005667012e-9,2.4275225315665422e-8,-8.394788712102761e-9,-6.257544106145415e-9,-9.387337906107283e-9,0.2588167666731862,-8.270718265956956e-9,-6.4419222860916304e-9,-9.4364757754978e-9,2.3250238191284997e-8,-7.87545450169068e-9,-5.134157775895478e-9,-8.979536862158335e-9,2.541349416363337e-9,1.3884190806647314e-7,1.4288825926574538e-7,-1.4289533625165893e-9,9.129438372600391e-10,2.216410435965247e-8,7.858891554642134e-8,-4.526811343724839e-10,2.541349623055462e-9,2.4720757779204033e-8,8.845538287429658e-8,1.568758012547513e-8,7.990932081125726e-10,2.3817218604787074e-8,8.533268306894536e-8,1.452642124719341e-8,2.541349379440334e-9,0.28939690736146906,8.970196905402622e-8,1.6011463744498268e-8,7.708664737429132e-10,2.2511107685283052e-8,8.113489517400023e-8,1.2687850325741523e-8,0.7936507857137911,5.689646670044943e-16,0.051957842067851194,5.494583579040091e-14,0.6111652047751278,6.082648626876793e-14
full_TAC,2,9,,116.96606519139173,24.26386348329259,3,1,LOCALLY_SOLVED,Solve_Succeeded,0.052438,0.9096814975806534,1.0656666805696055e7,95.67285520478069,24.263739373217508,503.5809904812958,1.5922526291542861e-16,1.5922526291542861e-16,8.240218362770753e-9,0.0,0.999977987224003,0.4730372597898317,0.0004169363658174095,4.319235157059456e-5,6.898603823116183e-5,5.605065951329038e-5,5.488147900139754e-5,1.0490454974944218e-6,1.5240642534565493e-8,3.5083172066372526e-9,3.012999960816553e-8,1.8998000578490383e-9,6.899183631268938e-5,9.003103725379255e-6,2.120036736390844e-5,7.955081136705635e-7,1.5183386455056806e-8,3.4930345660690216e-9,3.0052170273161665e-8,1.898537679937701e-9,6.898207550576978e-5,0.1874427651381601,2.2131421539192487e-5,8.063281319964589e-7,1.5149391868617998e-8,3.4801062316588452e-9,3.001095522739634e-8,1.8951222855688956e-9,0.2797537572380677,2.697018707931192e-6,5.9306747767441005e-6,5.005557661284535e-7,1.0370038841052296e-8,-4.865050764879099e-9,5.681981348750782e-9,-8.240218362770753e-9,0.5269551903910977,1.3181587101529514e-6,3.2403513803866982e-6,2.7981045646513324e-7,1.0330593326449475e-8,-4.839533415431687e-9,5.774992388245834e-9,-8.223928546490982e-9,0.19303900244985137,2.1441031404414536e-6,3.611577171558084e-6,3.109693855589783e-7,1.0307164461214666e-8,-4.820167667187632e-9,5.8546154875336495e-9,-8.212398293420088e-9,7.665115359017977e-6,8.534986789523761e-5,0.000170742379115459,1.558581881991712e-5,1.693404726062832e-9,5.3422102919249065e-9,9.373777655873718e-8,2.822560085947142e-8,7.665759590298816e-6,1.3709271581827502e-5,6.595669846549291e-5,1.1818977688819802e-5,1.6870429394507554e-9,5.318938998332373e-9,9.349564084983629e-8,2.8206845530502978e-8,7.66467505619664e-6,0.2854242105512892,6.88533114552655e-5,1.197973224680453e-5,1.6832657631797772e-9,5.299252670935059e-9,9.336741626301084e-8,2.8156102528452156e-8,0.7936532889482865,4.650725563803403e-13,0.059398381860497014,4.781881599317003e-11,0.5619415017262833,7.326211757159756e-11
full_TAC,2,10,,116.96606519139173,23.048916662356444,3,3,LOCALLY_SOLVED,Solve_Succeeded,0.056780792,0.9455158994375823,1.0719126548065577e7,92.47687633447413,23.048912691398183,503.580018633737,2.2556912246352386e-16,2.0128138354878017e-21,8.293262886911445e-9,0.0,0.999999250969995,0.46676778078540543,9.681193357584292e-6,1.1852240659439132e-6,2.2130602172893973e-6,8.714966796624779e-7,1.4741442029640339e-6,3.3540320965200863e-8,1.5489073925958846e-8,3.849780060411815e-9,3.052775468457067e-8,1.7409103634560786e-9,2.2130677979935493e-6,1.1480145158773319e-7,3.496749508872497e-7,1.8477783673860726e-8,1.534640162769883e-8,4.025320562398535e-9,3.0106437660794253e-8,1.873495230129231e-9,2.2130486481357706e-6,0.1850240176663497,3.6236799017785865e-7,1.864021668358992e-8,1.5144282789791424e-8,3.938417107940921e-9,2.985154307255328e-8,1.8524674334543143e-9,0.2801043393418437,6.517702433134965e-8,1.612236761801062e-7,6.1665848002569396e-9,1.0908202540413528e-8,-4.8814854597758604e-9,5.275115560389561e-9,-8.281837752531866e-9,0.5928588383471,1.9746966297745832e-8,6.861439200980167e-8,-2.039747594961554e-9,1.0806547855482379e-8,-4.967798324809182e-9,4.595570736385856e-9,-8.293262886911445e-9,0.12702861295236065,5.7154185813182744e-8,7.691421276511679e-8,-1.213255254274729e-9,1.0662360582844745e-8,-4.88343832943027e-9,4.915219272354755e-9,-8.24249719848028e-9,2.458955796988218e-7,1.3270517622133186e-6,4.586226409221438e-6,4.983133400544128e-7,1.7210082139954268e-9,5.862165091990719e-9,9.497523679644209e-8,2.5864953971347452e-8,2.458964219992832e-7,1.74811301281321e-7,1.0878776249825548e-6,2.745270717259308e-7,1.7051557364109806e-9,6.1294654018341325e-9,9.3664472722471e-8,2.783478627620572e-8,2.458942942373077e-7,0.28174111781012334,1.127367080553338e-6,2.76940362156193e-7,1.6826980877546023e-9,5.997135141637311e-9,9.287146733683242e-8,2.7522373297035525e-8,0.793650856857506,1.3559176633399417e-14,0.06680927654680699,1.3999248641298687e-12,0.5128555693086624,2.126117846533624e-12
full_TAC,2,11,,116.96606519139173,21.833969841420302,3,2,LOCALLY_SOLVED,Solve_Succeeded,0.153594,0.8481498552399659,1.0551402309091572e7,59.15629986426954,10.37469756763591,503.5802334272384,3.383536836952858e-16,3.1845052583085723e-16,8.248830820246894e-9,0.0,0.9999865068211521,0.4006845582938922,0.00013037934034537425,6.368327855363347e-5,1.5604834913999717e-5,0.07933657655572264,2.8254999999767167e-5,3.6709856597401914e-6,1.521844174753076e-8,3.5241066179922043e-9,3.0142195730780824e-8,1.92332685937353e-9,4.264980500284015e-5,0.07949297564074337,2.9251136111413254e-6,3.305835384758606e-7,1.5111297325263478e-8,3.5282120587248405e-9,2.9953479281418293e-8,1.9442221589042436e-9,1.5180350681061073e-8,3.555008484311265e-9,3.003811646119684e-8,1.951545782181319e-9,1.505060102382851e-8,3.5046423254598098e-9,2.9879171552549374e-8,1.9377997137779107e-9,1.4251272811924265e-5,5.319234655833162e-7,1.137924837523981e-6,9.573882371386854e-8,1.0366631527244492e-8,-4.884633589613307e-9,5.576108073851324e-9,-8.248830820246894e-9,0.9999074196305184,3.6722422296052307e-7,5.408778957267359e-7,4.4028341694971576e-8,1.0292701178443027e-8,-4.869972044139e-9,5.555895045552247e-9,-8.231917042511638e-9,1.0340355991639417e-8,-4.895186629484003e-9,5.450953881253709e-9,-8.247652340181179e-9,1.0250791042315407e-8,-4.845739040214449e-9,5.656517836838787e-9,-8.21682486701005e-9,1.7338705459999682e-6,0.12080796884621402,8.790444444372008e-5,5.454035837328284e-5,1.6909379719478615e-9,5.366253259215401e-9,9.377572005131811e-8,2.857514191069244e-8,4.738867222537793e-6,0.12104612199840464,9.100353456884124e-6,4.911526857355643e-6,1.6790330361403858e-9,5.372504725785552e-9,9.31886022088569e-8,2.8885586360863046e-8,1.6867056312290078e-9,5.4133083738376074e-9,9.345191787927904e-8,2.8994394478122446e-8,1.6722890026476117e-9,5.336614450131982e-9,9.295742260793137e-8,2.8790167176128956e-8,0.7936511737248074,6.658060681297566e-14,0.14430127940317278,6.888319343507479e-12,2.19996651319961e-11,1.0531214036251589e-11
full_TAC,2,12,,116.96606519139173,20.61902302048416,3,3,LOCALLY_SOLVED,Solve_Succeeded,0.238757667,0.8497779005645885,1.055423383122513e7,59.1285090089715,10.372926118036142,503.5799900216313,2.2556912246352386e-16,5.032034588719504e-22,9.242804915865001e-9,0.0,0.9999998494655229,0.40066690532238136,2.316003758133263e-6,1.3789715960091602e-6,3.282279863675895e-7,1.628981489305184e-7,4.1921179862161156e-7,5.608486753504035e-8,1.2403986165447176e-8,5.233574836378514e-9,2.9580846865592272e-8,3.707995965049829e-9,3.2822828804724777e-7,0.15882274818904318,5.137318047237904e-8,1.226622663552831e-8,8.162830129842265e-9,5.542413389504008e-9,2.2185162749181728e-8,6.156447097803047e-9,8.210285694597537e-9,5.633820890671291e-9,2.232461416067098e-8,6.212825130359656e-9,8.001758069424718e-9,5.246928873853987e-9,2.1743205210355753e-8,5.96974423816516e-9,0.28011023096391946,-4.609189181791759e-9,2.629625802935008e-9,-8.838709277629288e-9,1.0386305715056569e-8,-6.464984316324179e-9,-1.1642211660586525e-9,-8.93940034263304e-9,0.7198888178673981,-5.995618051005002e-9,-2.8796929194035968e-9,-9.2269493508703e-9,6.695318212927502e-9,-7.274469254072649e-9,-3.9019881760514805e-9,-9.196973836242448e-9,6.736785299484817e-9,-7.388347416285071e-9,-4.1402763517991374e-9,-9.242804915865001e-9,6.554535700890819e-9,-6.912652293447195e-9,-3.150344495501132e-9,-9.039256669891575e-9,3.6469776263065494e-8,2.4804945405328936e-7,1.3042144846005692e-6,8.332608890920278e-7,1.3782206850496857e-9,7.969307137212737e-9,9.20293013596204e-8,5.509022576645459e-8,3.6469809783027515e-8,0.24184373019695213,1.598276725807348e-7,1.8224108144213487e-7,9.069811255380291e-10,8.439584024926558e-9,6.90205063307876e-8,9.14672140245024e-8,9.122539660663926e-10,8.57877271988583e-9,6.945435516653193e-8,9.230483050820057e-8,8.890842299360794e-10,7.989641694277661e-9,6.764552732110678e-8,8.86933429670252e-8,0.7936507877433827,1.0100829494459793e-15,0.1442920170711304,1.4631983848905702e-13,4.4376282243997535e-13,2.0503992058217904e-13
full_TAC,2,13,,116.96606519139173,19.404076199548015,3,3,LOCALLY_SOLVED,Solve_Succeeded,0.153261875,0.848142863173274,1.0551390207287377e7,59.15592114192431,10.374021587214953,503.5801247572209,2.2556912246352386e-16,1.5922526291542861e-16,8.256939066772436e-9,0.0,0.9999924448205028,0.40070426862991726,6.4358595897397e-5,3.112725021661172e-5,8.162018874580481e-6,0.07935087555525251,1.3879975052634847e-5,1.7947755193485473e-6,1.5207030108436895e-8,3.545387147888474e-9,3.01653902124583e-8,1.9370145630913507e-9,2.393936142149184e-5,0.07948665057152535,1.4299936564557202e-6,1.5817455552186875e-7,1.5067093931806878e-8,3.5722785840062523e-9,2.989246919457807e-8,1.980319315391234e-9,1.513911831708014e-8,3.600730976315005e-9,2.99814911529046e-8,1.988279149196395e-9,1.4989413353231525e-8,3.5415690990281946e-9,2.979664831949569e-8,1.9717661832753044e-9,7.114358936725187e-6,2.925482037985781e-7,6.21603718635781e-7,4.8357049495555706e-8,1.0377657943429049e-8,-4.900143859772747e-9,5.484373548752831e-9,-8.256622552033521e-9,0.9999495539307633,2.0059923231710587e-7,2.817676042453748e-7,1.874602765168031e-8,1.0280899754314097e-8,-4.895751339807577e-9,5.3615579892110444e-9,-8.23983074712588e-9,1.0330714642567717e-8,-4.9233638929388304e-9,5.248915167460501e-9,-8.256939066772436e-9,1.0227139477941132e-8,-4.86481759018587e-9,5.488150600405222e-9,-8.220525745603044e-9,9.068909860644977e-7,0.12082974232277084,4.3182144608197305e-5,2.666523628746413e-5,1.6896700120485432e-9,5.398657702466539e-9,9.384788066098138e-8,2.877850208021435e-8,2.659929046832426e-6,0.1210364906430045,4.448869153417796e-6,2.3500219677534787e-6,1.6741215479785413e-9,5.439606025645883e-9,9.29987930497984e-8,2.94218869715269e-8,1.6821242574533482e-9,5.482931259388757e-9,9.327575025348096e-8,2.9540147359489295e-8,1.6654903725812798e-9,5.392843855338387e-9,9.270068366065327e-8,2.929481186580452e-8,0.7936510014233666,3.729950654407918e-14,0.14430090236841087,3.874014344547263e-12,1.2368574324907513e-11,5.915411145233957e-12
full_TAC,2,14,,116.96606519139173,18.189129378611874,3,3,LOCALLY_SOLVED,Solve_Succeeded,0.196864208,0.8497779728260361,1.0554233956478778e7,59.12851345345464,10.372930381248798,503.5799914393664,3.1845052583085723e-16,3.1845052583085723e-16,8.99423562396214e-9,0.0,0.999999762301973,0.40066684076042486,2.841591052348014e-6,1.5347529491624342e-6,5.298221730234959e-7,1.9673568798383864e-7,5.250785197492008e-7,6.922716376330838e-8,1.3653943735637306e-8,4.7923034931722055e-9,3.0285707934759885e-8,3.0604304464146544e-9,5.298228871306627e-7,0.15882268751136464,6.206463644105876e-8,1.2801124992364142e-8,1.0184178428637275e-8,5.142958836743459e-9,2.4398630051031002e-8,5.04504028159336e-9,1.0253472481552396e-8,5.229735356805895e-9,2.455478833673626e-8,5.104282862427355e-9,9.96452429782285e-9,4.878678959881466e-9,2.3927407649870846e-8,4.862223138808048e-9,0.2801096434088683,-1.8305404452854422e-9,9.135833630673278e-9,-8.234707019132044e-9,1.0636465775213336e-8,-5.9787669966032195e-9,5.182511302052823e-10,-8.742716245172455e-9,0.7198888585297819,-3.8214060526242515e-9,2.0317216438305363e-10,-8.863555772679407e-9,7.838174899045382e-9,-6.671497839340333e-9,-2.2356509218549416e-9,-8.94197874061643e-9,7.894484343286752e-9,-6.7820113115529556e-9,-2.4887963633877135e-9,-8.99423562396214e-9,7.659554210219054e-9,-6.343328525227047e-9,-1.4815946273743267e-9,-8.77406726824188e-9,5.886913033594397e-8,2.9957479761175426e-7,1.6335776169975132e-6,1.0285178616262958e-6,1.5171048595152558e-9,7.2973712282394944e-9,9.422220246369741e-8,4.5469252346732007e-8,5.886920968118473e-8,0.24184363780139612,1.9308998003884945e-7,1.901881427436958e-7,1.1315753809596968e-9,7.831323683222994e-9,7.5906849047652e-8,7.495488418367276e-8,1.139274720172488e-9,7.96346065695443e-9,7.63926748254017e-8,7.583505967034928e-8,1.1071693664247607e-9,7.428897507092232e-9,7.44408237995982e-8,7.22387437765767e-8,0.7936507899654877,1.380762743762795e-15,0.14429202380878106,1.8320983975670448e-13,5.626516283098728e-13,2.6175637603909356e-13
full_TAC,2,15,,116.96606519139173,16.974182557675732,3,3,LOCALLY_SOLVED,Solve_Succeeded,0.184112417,0.8497777746599879,1.0554233612853486e7,59.128505605168044,10.37291937639922,503.57998780856286,2.2556912246352386e-16,1.5922526291542861e-16,9.871063960003687e-9,0.0,0.9999999855267819,0.40066708772846604,1.0963109789300701e-6,1.1456335715680065e-6,2.7626811911888165e-8,9.02684585282352e-8,1.8705156652546762e-7,2.927108681314924e-8,1.9139152635411097e-9,7.414783668347191e-9,2.0617494970457768e-8,7.851857600118142e-9,2.7626817491964052e-8,0.15882288884601145,2.847366086804395e-8,1.1428366651890617e-8,1.2376725529548484e-10,8.410539123005367e-9,1.423680491528533e-8,9.148545714258849e-9,1.2843600384363421e-10,8.45512618524742e-9,1.430100066121436e-8,9.16180942255281e-9,1.0066123671066561e-10,8.232726185482574e-9,1.4007179463244994e-8,9.102063595924461e-9,0.2801113406883297,-9.138275930817405e-9,-7.971353994384449e-9,-9.816016167675411e-9,6.740056246690497e-9,-8.881040580783645e-9,-7.513636273282045e-9,-9.74048092532094e-9,0.7198885641097563,-9.389538421791162e-9,-8.659145035890048e-9,-9.871063960003687e-9,3.3698673814434703e-9,-9.32044893978102e-9,-8.50304868634431e-9,-9.845697982660113e-9,3.3781141913864832e-9,-9.36652080417529e-9,-8.595582708247324e-9,-9.856440012319358e-9,3.329092219443837e-9,-9.145450380045998e-9,-8.162384809272593e-9,-9.804444750620409e-9,3.0696457679875726e-9,1.374542436679945e-7,5.819382069681215e-7,4.3488471836678867e-7,2.1265725150456765e-10,1.129069331316504e-8,6.414331768586862e-8,1.166561700588981e-7,3.069646387996005e-9,0.24184394437915377,8.858472270058117e-8,1.697928759709463e-7,1.3751917255053868e-11,1.280695730093999e-8,4.429228195866547e-8,1.3592125061184572e-7,1.4270667093737128e-11,1.2874851236626752e-8,4.449200205711135e-8,1.3611831142078457e-7,1.118458185674062e-11,1.2536196691530281e-8,4.3577891663428865e-8,1.352306591394491e-7,0.7936507842747021,4.478564529036952e-16,0.14429200397930042,8.76454804414989e-14,2.5517963477760964e-13,1.1470935805757528e-13
full_TAC,2,16,,116.96606519139173,15.759235736739589,3,2,LOCALLY_SOLVED,Solve_Succeeded,0.136121166,0.8481428631535042,1.0551390207253555e7,59.15592114087235,10.374021579770925,503.58012475718135,2.2556912246352386e-16,5.126570965080088e-17,8.256939062806344e-9,0.0,0.9999924448393922,0.4007042688183879,6.43584982840916e-5,3.1126813576253215e-5,8.162013187577589e-6,0.07935087563850919,1.3879951713766742e-5,1.794748205632331e-6,1.5207030142727945e-8,3.545387198404811e-9,3.01653902494132e-8,1.9370144979610067e-9,2.3939319850773453e-5,0.07948665056297495,1.4299932692162652e-6,1.581743351419143e-7,1.50670939749423e-8,3.5722786460513694e-9,2.989246923288431e-8,1.980319255473564e-9,1.5139118364799417e-8,3.6007310404363646e-9,2.998149119694768e-8,1.988279089435518e-9,1.4989413383807743e-8,3.5415691558226173e-9,2.9796648342232117e-8,1.971766122350787e-9,7.114359128179571e-6,2.925482204235457e-7,6.216036793096338e-7,4.835703089355524e-8,1.0377658038733418e-8,-4.900143827739079e-9,5.4843736252457166e-9,-8.256622543980306e-9,0.9999495540019693,2.0059922194355496e-7,2.817675701667086e-7,1.8746021863175315e-8,1.0280899855086391e-8,-4.895751315442133e-9,5.3615580196352685e-9,-8.239830742085793e-9,1.0330714746840518e-8,-4.923363870411274e-9,5.2489151910012095e-9,-8.256939062806344e-9,1.022713956966249e-8,-4.864817561051746e-9,5.488150649837075e-9,-8.220525737608929e-9,9.068903541752873e-7,0.12082974244954806,4.318207199838542e-5,2.6664830483680344e-5,1.68967001585866e-9,5.398657779389144e-9,9.384788077595215e-8,2.8778501112563524e-8,2.6599244278637156e-6,0.12103649062998459,4.448867948672824e-6,2.3500186935370124e-6,1.674121552771366e-9,5.439606120123675e-9,9.299879316897343e-8,2.9421886081321516e-8,1.6821242627554901e-9,5.4829313570281e-9,9.32757503905039e-8,2.9540146471613402e-8,1.6654903759786373e-9,5.392843941820804e-9,9.27006837313888e-8,2.9294810960640263e-8,0.793651001423319,3.729950260244658e-14,0.14430090236804793,3.874013901707824e-12,1.236857294701717e-11,5.915410472505503e-12
full_TAC,2,17,,116.96606519139173,14.544288915803445,3,3,LOCALLY_SOLVED,Solve_Succeeded,0.106059167,0.8481346836208183,1.055137604014964e7,59.155470214343026,10.37337337687757,503.5799888576393,1.5922526291542861e-16,1.5922526291542861e-16,9.551730059567346e-9,0.0,0.9999999330844515,0.400720418741395,1.775966907110078e-6,1.246405239685511e-6,1.0488037765710534e-7,0.07936479889062237,3.1133257493751935e-7,4.280449626607758e-8,9.215762708943154e-9,5.909094361951125e-9,2.7773606644789985e-8,5.012429203584567e-9,1.9413900574266097e-7,0.07947932444123615,4.2213414573203245e-8,1.1988768464852382e-8,5.181306892485433e-9,6.370957689006391e-9,1.934707364864084e-8,7.488287602597297e-9,5.206980332779842e-9,6.460098684906826e-9,1.946368925444452e-8,7.529187549334009e-9,5.086208100615002e-9,6.059674610154002e-9,1.8957474564508437e-8,7.344638370129986e-9,2.4050111954108883e-7,-6.812208192321054e-9,-2.8593973728505963e-9,-9.34614264331962e-9,9.129386658604649e-9,-7.2708584519122925e-9,-3.5571130198441e-9,-9.24353724873859e-9,0.9999993087557044,-7.78102145181259e-9,-5.6799517021742605e-9,-9.551730059567346e-9,5.030206601477376e-9,-8.082336709991188e-9,-5.8473509306437424e-9,-9.495139238860258e-9,5.056013295746033e-9,-8.18393453052584e-9,-6.045084731667466e-9,-9.527345543373483e-9,4.9346415903402815e-9,-7.733175383914514e-9,-5.183066694401394e-9,-9.377526677760195e-9,1.1653375295233925e-8,0.12085094376526588,9.68590233138949e-7,6.359525159531526e-7,1.0239736343270167e-9,8.99793914206194e-9,8.64067762282355e-8,7.44703767389707e-8,2.1571000638073435e-8,0.12102533494460957,1.3133062311663232e-7,1.7811884576352106e-7,5.757007658317145e-10,9.701231026441549e-9,6.01908957957715e-8,1.1125455866715983e-7,5.785533703088711e-10,9.836968452017214e-9,6.055369990271628e-8,1.118622150186767e-7,5.651342334016668e-10,9.227231792734502e-9,5.897880975624847e-8,1.0912034149907406e-7,0.7936507859453471,7.175575290543653e-16,0.14430043701118284,1.1694384632169716e-13,3.489445904019361e-13,1.5965275400658122e-13
full_TAC,2,18,,116.96606519139173,13.329342094867304,3,1,ALMOST_LOCALLY_SOLVED,Solved_To_Acceptable_Level,0.078976541,0.850317900718442,1.0555153108011194e7,59.195597300540044,10.629040611335126,503.58476720807596,1.5922526291542861e-16,1.5922526291542861e-16,8.239499661375904e-9,0.0,0.9997255265821788,0.35510280007615824,0.23011614831076457,0.002988797222464134,0.0006095927405750092,0.03860452604460648,0.0558511622418289,0.00017491056417949651,1.5230484880511088e-8,3.4978621850150947e-9,3.0117165895131714e-8,1.9073032405177768e-9,0.0007635270479922032,0.10214985891696253,0.00011368869807951042,1.3351693477019525e-5,1.5197835520572608e-8,3.487900061725732e-9,3.0074745156894197e-8,1.9056643235045587e-9,1.531260836444783e-8,3.5315867912732615e-9,3.021433729223166e-8,1.917282521361335e-9,1.5190968505884134e-8,3.4853651271303884e-9,3.006664857987685e-8,1.904990734724571e-9,0.07906802702135848,1.0555150076655863e-5,2.459349102004529e-5,2.1497677223098368e-6,1.035225935273938e-8,-4.866259563201812e-9,5.687087640942185e-9,-8.239499661375904e-9,0.9191317017888863,7.303264689062118e-6,1.3315881652744059e-5,1.25776986817431e-6,1.0329790386905855e-8,-4.834000302834155e-9,5.8113414306432776e-9,-8.22092427049157e-9,1.0408748783516509e-8,-4.849042369767505e-9,5.737214914458411e-9,-8.232742673922134e-9,1.0325063792756135e-8,-4.812837824715068e-9,5.8942480998920176e-9,-8.209331788339079e-9,6.773252673055655e-5,0.05878416465883259,0.17375917141902325,0.0025986712392382333,1.6922760978345645e-9,5.326290145363894e-9,9.369784945152088e-8,2.833707671626411e-8,8.483633866580032e-5,0.15554637607810204,0.00035369817180292134,0.0001983680173728615,1.6886483911747334e-9,5.311120548536909e-9,9.356587382144862e-8,2.8312727092067723e-8,1.7014009293830915e-9,5.3776435230751924e-9,9.400016046472073e-8,2.84853403173684e-8,1.687885389542681e-9,5.307260534494e-9,9.354068447072798e-8,2.8302719487336474e-8,0.7936583158318518,1.2819247808991074e-12,0.14432492042057463,1.319366603480853e-10,4.2437075638409775e-10,2.0408900022164204e-10
full_TAC,2,19,,116.96606519139173,12.11439527393116,3,3,LOCALLY_SOLVED,Solve_Succeeded,0.110219292,0.8481428630678549,1.0551390207107369e7,59.15592113641105,10.374021542724146,503.5801247572652,3.1845052583085723e-16,3.1845052583085723e-16,8.256938997235353e-9,0.0,0.9999924449212538,0.40070426976827495,6.435806010148046e-5,3.11246268641698e-5,8.162002714603767e-6,0.07935087604244842,1.3879843191138209e-5,1.7946110223893572e-6,1.520703038973271e-8,3.545387364485904e-9,3.016539027914098e-8,1.9370140953530017e-9,2.3939154363421895e-5,0.07948665053512573,1.4299948112099723e-6,1.5817361539341494e-7,1.506709442530418e-8,3.572278764112174e-9,2.989246966990841e-8,1.9803187718037696e-9,1.513911882291215e-8,3.600731160510521e-9,2.998149164001104e-8,1.98827860324119e-9,1.4989413846450545e-8,3.541569279865742e-9,2.9796648797845174e-8,1.9717656436126403e-9,7.114377710661754e-6,2.9254894285296523e-7,6.216048063079168e-7,4.835705965205879e-8,1.0377658490433854e-8,-4.9001435857081036e-9,5.484374456799982e-9,-8.256622464571743e-9,0.999949554260756,2.0059961185096837e-7,2.817680601948787e-7,1.8746057542645705e-8,1.0280900445013843e-8,-4.895751063897212e-9,5.3615590924360086e-9,-8.239830677322842e-9,1.0330715343310553e-8,-4.923363617396661e-9,5.248916263046236e-9,-8.256938997235353e-9,1.022714016681917e-8,-4.864817316894599e-9,5.4881516989194445e-9,-8.220525677614955e-9,9.068891905115291e-7,0.12082974306463735,4.318173437242998e-5,2.6662792332641873e-5,1.6896700433036342e-9,5.398658032285354e-9,9.38478808684386e-8,2.8778495130958878e-8,2.65990604038021e-6,0.12103649058757779,4.4488727459865795e-6,2.350008000130736e-6,1.6741216028115746e-9,5.439606299898083e-9,9.299879452860394e-8,2.9421878895370283e-8,1.682124313656905e-9,5.482931539868293e-9,9.327575176892321e-8,2.954013924815482e-8,1.6654904273833933e-9,5.392844130704653e-9,9.270068514885164e-8,2.9294803847959226e-8,0.7936510014235307,3.729956009679979e-14,0.14430090236715662,3.8740196315581204e-12,1.2368591456375808e-11,5.9154192750176635e-12
full_TAC,2,20,,116.96606519139173,10.899448452995019,3,3,LOCALLY_SOLVED,Solve_Succeeded,0.079888125,0.8481347473211422,1.0551376150644608e7,59.15547191578561,10.373376629248963,503.5799899958129,1.1278456123176193e-16,0.0,9.248397487090684e-9,0.0,0.9999998711858664,0.40072033774454036,2.2915543475107332e-6,1.3660983032237313e-6,1.8664648577890638e-7,0.0793646876715001,4.119381854441868e-7,5.5014589212718406e-8,1.2060395468347263e-8,5.291419724808961e-9,2.9732006031841814e-8,3.738749333036833e-9,3.8561917757584975e-7,0.07947940357683922,5.23893522896469e-8,1.2423358136154557e-8,7.96812227971971e-9,5.580272560515366e-9,2.2259345161716905e-8,6.1807921915130475e-9,8.014753252688225e-9,5.671901668286469e-9,2.2399224138175604e-8,6.237029864380113e-9,7.809627461421579e-9,5.283619607887976e-9,2.1815421388351288e-8,5.994313991676041e-9,3.027037343208704e-7,-4.3050127845969675e-9,2.496221334834276e-9,-8.850733267954206e-9,1.0150666911939335e-8,-6.471355427068634e-9,-1.1858745310810284e-9,-8.943809531365456e-9,0.9999988630402584,-6.035797057490877e-9,-2.903691579028522e-9,-9.233225389251519e-9,6.567415122561385e-9,-7.2866446191639924e-9,-3.927705519509281e-9,-9.202791954053874e-9,6.608390631648035e-9,-7.400636886146224e-9,-4.1663132500295755e-9,-9.248397487090684e-9,6.428110166123558e-9,-6.9238848571974575e-9,-3.1739305883427614e-9,-9.045658142577008e-9,2.0738498419878477e-8,0.12085077440887514,1.2815854658263588e-6,8.173596111603877e-7,1.3400439409274732e-9,8.057389126413644e-9,9.249957432128564e-8,5.55471329479758e-8,4.284657528620551e-8,0.12102545544655063,1.6298909601223476e-7,1.8457560659429626e-7,8.853469199688563e-10,8.497233217148397e-9,6.925129605867481e-8,9.18289125596224e-8,8.905281391875802e-10,8.636759358527124e-9,6.968647509654632e-8,9.266444369936168e-8,8.677363846023974e-10,8.045511675647599e-9,6.787019987487066e-8,8.905837930490117e-8,0.7936507877500109,1.0122929759330755e-15,0.14430044297579078,1.4694377387017e-13,4.45600678838098e-13,2.0579093139582495e-13
full_TAC,2,21,,116.96606519139173,9.684501632058875,3,1,LOCALLY_SOLVED,Solve_Succeeded,0.014565375,0.9930452983222856,1.0803714136519754e7,43.26012412448053,9.684501751113295,503.579994301649,3.588599675556062e-17,1.7659764557883e-24,7.929020581154949e-9,4.8995732819137295e-9,0.9999999805821496,0.3555671737396999,1.0733528071087188e-6,2.7055314471644777e-9,3.453325548073567e-8,2.734299291515092e-8,3.991357232294393e-8,4.2679610836179176e-10,9.467590658899742e-9,4.049267714044931e-9,1.9561364381794426e-8,1.5817450067711758e-10,9.832843759278583e-8,0.09171796581279122,7.225887504149132e-8,6.470141393733873e-10,1.128626636007522e-8,5.33305694865838e-9,2.1346518652154947e-8,1.898197161967425e-10,1.1712311444483865e-8,5.639584684608846e-9,2.1754017757191405e-8,1.966947004268373e-10,1.020875212432862e-8,4.5687575568347526e-9,2.0301240225970935e-8,1.717259878769563e-10,6.64711265159409e-8,0.0793649397866987,1.5047301186406462e-7,8.475826882554885e-9,1.2720730655745714e-8,-1.2531311368507936e-9,1.3309121910817952e-8,-7.326731250923755e-9,0.9999996612306842,0.04482270911645362,7.580945321221938e-8,-3.537265181921249e-9,1.5352801667977426e-8,-2.1219606313713895e-9,1.01416466911403e-8,-7.823591541026272e-9,1.598739839310959e-8,-2.3526863812516013e-9,9.396626678567854e-9,-7.929020581154949e-9,1.3778726270238011e-8,-1.5914939610458033e-9,1.199886118332687e-8,-7.541542876553384e-9,3.837028386748406e-9,4.16359210298889e-8,1.2417555833804775e-7,6.340970752803763e-9,1.0519545176555265e-9,6.165930382750235e-9,6.085757807669377e-8,2.3500211529171753e-9,1.0925381954753978e-8,0.1396614479422048,2.2480538901797297e-7,9.612781499261751e-9,1.2540295955639128e-9,8.120791262729806e-9,6.641139136225983e-8,2.8201786406373164e-9,1.3013679382759845e-9,8.587549406108923e-9,6.767916635570658e-8,2.9223212634844397e-9,1.1343057915920684e-9,6.9569717342711e-9,6.315941403635402e-8,2.5513575341719224e-9,0.7936508024334069,4.1614370158042867e-13,0.16699533262333263,-4.417414562800188e-11,-5.810877210971139e-11,-5.0788916474538196e-11
full_TAC,3,1,,112.63233825668928,33.98343805078173,3,3,LOCALLY_SOLVED,Solve_Succeeded,0.098852125,0.34797482150942044,9.67893802097943e6,112.63233863991292,33.98343826137305,503.57998843332575,9.022764898540955e-17,2.0506283860320352e-16,9.527861354888529e-9,8.66668895731934e-9,0.9999999941773506,0.5016454974004667,9.9445653356775e-7,5.14644705676845e-9,1.5686203087926885e-8,0.03318747227607068,7.292675606830888e-8,4.786345097325648e-10,-2.605339811697478e-9,-2.070961924780269e-9,8.554790000091126e-9,-1.1811494348800827e-10,1.658507521878222e-8,2.92639213363191e-8,5.1441545573560024e-8,1.0139387322824947e-9,5.247619112388044e-9,1.3132655067539259e-8,2.9302868152515438e-8,5.288366123631514e-10,1.6585101693472013e-8,0.14735841022680993,4.806147268882256e-8,9.451641170909764e-10,1.8567433530742835e-9,3.756580510234113e-9,1.7737836109453882e-8,2.1964827901740502e-10,7.062633524814746e-7,0.04617738505976291,3.673202436550665e-8,-6.9414350831956295e-9,3.2322203384286816e-11,2.377696052911704e-10,2.177097923947435e-8,-2.471374978868329e-9,0.04773894826713243,-8.045867572555413e-9,-5.4559166890744844e-9,-9.527861354888529e-9,2.4381139932876778e-8,-6.561309335636103e-9,-2.5195813062083194e-9,-9.15225759833843e-9,0.9522602452154086,-6.406636813662864e-9,-3.2367279207365552e-9,-9.248176030193887e-9,1.0734214200674611e-8,1.4076164950923614e-10,9.728540553030557e-9,-6.1638637658671524e-9,1.7429114542140977e-9,0.05053546914765307,2.268832411014054e-7,7.111141287455247e-9,-2.8948220129971963e-10,-3.1535102036426824e-9,2.661490222250572e-8,-1.7548505889646939e-9,1.8427861354202463e-9,4.456097112575863e-8,1.6004036400663118e-7,1.506423259391135e-8,5.830687902653381e-10,1.999745203466205e-8,9.116447869671469e-8,7.85700109796682e-9,1.8427890770524453e-9,0.2243866701180969,1.4952458169855903e-7,1.4042438311065933e-8,2.0630481700825364e-10,5.720247595129217e-9,5.518437900718986e-8,3.2633458596871595e-9,0.7936507904082564,-3.073430313730624e-16,0.005379680039947252,7.110460681134975e-14,0.9680082720352756,-1.916776023696596e-13
full_TAC,3,2,,112.63233825668928,32.76849122984559,3,3,LOCALLY_SOLVED,Solve_Succeeded,0.072955459,0.46229801701238443,9.877809616448846e6,112.63233921553602,32.768491524736056,503.5799876484445,2.2556912246352386e-16,1.5922526291542861e-16,9.88404347723304e-9,1.2135941437727984e-8,1.0000000061741265,0.503531834009161,2.9546886386031e-7,-7.1470073416891105e-9,-4.6647295496925905e-9,2.8898557559858986e-7,1.4041026318239466e-8,-2.2809204914878684e-10,-7.235856456628088e-9,-4.511838236907563e-9,1.2858691385324752e-9,-4.166151070342324e-10,-4.664729689311256e-9,1.7520967457068403e-8,1.797952375830045e-8,1.0543218525487359e-9,-5.191964034775694e-9,1.847071538324507e-8,1.9581005926992484e-8,1.2620232837651234e-9,-4.6647293599736836e-9,0.18809729630134742,1.6141247935200932e-8,8.628008705203868e-10,-6.2709211778732686e-9,-2.8985094769090323e-9,3.5777483385478204e-9,-3.0395147460340234e-10,0.17771275409900064,0.029012864380890124,1.9216601585114588e-9,-9.18936281916372e-9,-4.276158349553201e-9,9.71929033980011e-9,1.3419113175580256e-8,-2.011548642258114e-9,0.09578165168743027,-9.518866863852692e-9,-8.884192614533011e-9,-9.88404347723304e-9,3.848234039117776e-8,-8.853176436257647e-9,-7.461185701275929e-9,-9.679592000233374e-9,0.7265056001545449,-9.174914188068504e-9,-8.268537297655409e-9,-9.805230830690634e-9,2.352446641287852e-9,7.015559457592446e-9,6.248940319115517e-9,-1.946386535154296e-9,-5.183032832991766e-10,4.400462173887618e-7,4.368319299007833e-8,-3.3887961587819753e-9,-8.039840507364538e-10,-6.870299133472879e-9,4.000481764323256e-9,-6.1897101616514525e-9,-5.183032988123617e-10,2.6679654991445064e-8,5.593629613693472e-8,1.5664210380724073e-8,-5.768848927528546e-10,2.8125862060850445e-8,6.091868510619883e-8,1.875006021593897e-8,-5.18303262219298e-10,0.28642088300432444,5.02172157984029e-8,1.28187557905886e-8,-6.967690197636962e-10,-4.413639430747844e-9,1.1130772608815442e-8,-4.515850479821977e-9,0.7936507848785169,-1.3738321016520462e-15,0.010793570532879323,-2.47620629933365e-14,0.9141161176309697,-2.4280495300664e-13
full_TAC,3,3,,112.63233825668928,31.553544408909442,3,3,LOCALLY_SOLVED,Solve_Succeeded,0.061287291,0.542395289497925,1.0017169331658173e7,112.63233931036294,31.553544708567586,503.57998751669726,2.2556912246352386e-16,1.0253141930160176e-16,9.946522184144661e-9,1.2332150612205134e-8,1.0000000082347897,0.5054089289410112,1.4882403569183796e-7,-8.55616464534505e-9,-7.668646686571552e-9,5.037198216036737e-8,4.107265642247052e-9,-4.817906061085269e-10,-8.491108375521892e-9,-5.422544835222333e-9,-7.193057582337711e-10,-5.366703227060496e-10,-7.668646702257765e-9,1.5411574259090073e-8,1.0880261553524293e-8,9.231330858120128e-10,-7.771730109405489e-9,1.8718559018021406e-8,1.688931034350831e-8,2.083638861623538e-9,-7.668646665449419e-9,0.19561258741441664,9.456056270217276e-9,6.907898743950929e-10,-8.139526309545534e-9,-5.045799184823728e-9,-6.543336176040074e-11,-5.11430085570625e-10,0.23800066389305372,0.011931536295218653,-4.254188258370372e-9,-9.62185779121294e-9,-5.725130497335015e-9,1.620535391957263e-8,8.52928968066229e-9,-2.8571786069139836e-9,0.14397054495974926,-9.78377867164998e-9,-9.493518165716182e-9,-9.946522184144661e-9,4.035630397310695e-8,-9.460010442433548e-9,-8.752584653698053e-9,-9.831751964909205e-9,0.6180288182213151,-9.635442175885007e-9,-9.196001020145928e-9,-9.90643589981891e-9,-7.946075373725072e-10,9.39355923134923e-9,5.293068830039338e-9,-7.654838592659182e-10,-8.520718540635055e-10,7.670279101692302e-8,1.2778159775879718e-8,-7.158031862183828e-9,-9.434564861690987e-10,-8.25705690817946e-9,-2.237840136727287e-9,-7.973387651632735e-9,-8.52071855806418e-10,2.3467624439978064e-8,3.384970261096446e-8,1.3715120132064188e-8,-8.635255677117208e-10,2.850326032289623e-8,5.2544521068692514e-8,3.0956920229835414e-8,-8.520718517166018e-10,0.2978646217446798,2.9418841729564856e-8,1.0263163848155663e-8,-9.043918121717255e-10,-7.683376031436131e-9,-2.0357045881013565e-10,-7.59838984276357e-9,0.7936507841195618,-1.3369247917874692e-15,0.016223945247198744,-2.3633651162289e-14,0.8602359151008641,-2.0673372870590606e-13
full_TAC,3,4,,112.63233825668928,30.3385975879733,3,2,LOCALLY_SOLVED,Solve_Succeeded,0.047895,0.61481853463665,1.0143204827319728e7,111.66806418436178,30.338597846273448,503.57998789649525,2.093680252700111e-16,1.5922526291542861e-16,9.741044150757904e-9,1.063010096582448e-8,1.000000001853616,0.5048087082808284,4.6667905021177104e-7,-5.7896998468672225e-9,6.442483893521961e-9,1.1057375090848069e-7,2.1635054821391115e-8,-1.3942051290456768e-10,2.2442954512237885e-9,1.8056572637140426e-8,1.6928305188924216e-8,-6.138620685343799e-11,6.442483463547899e-9,1.7408145862864227e-8,2.110864063178378e-8,8.619329750308269e-10,1.9288842476168403e-9,1.8033284089624117e-8,2.2080346705387953e-8,9.401139561316864e-10,6.4424845135999185e-9,0.20010419159526233,2.0203696182597257e-8,7.95606148173831e-10,1.8597110723550694e-9,1.734651380252739e-8,2.1224433772772084e-8,8.681837613355655e-10,0.2801117524225283,-8.400952632121403e-9,-6.556665612138729e-9,-9.692931306090753e-9,3.689439669069422e-8,-7.384869609051577e-9,-4.458625431834203e-9,-9.394031434468017e-9,0.19749705762904804,-9.085272745047043e-9,-7.824611443872557e-9,-9.741044150757904e-9,3.2514882642032365e-8,-8.836767969955851e-9,-7.233444256299899e-9,-9.640616873999657e-9,0.5223910625797068,-8.830874408894942e-9,-7.476621178975805e-9,-9.684548478688153e-9,3.1634894838695825e-8,-8.373656914722105e-9,-6.179610776850638e-9,-9.410576663068928e-9,7.158315437246621e-10,1.683736661560956e-7,6.73090594443279e-8,-2.0713904774392907e-9,2.493661612470875e-10,2.749523560655474e-8,5.2665838365541996e-8,-9.1202364467965e-10,7.158314959497663e-10,2.6507858472997802e-8,6.567132640999399e-8,1.280586134331514e-8,2.143204719574266e-10,2.7459773500109454e-8,6.869441197231807e-8,1.3967407348242195e-8,7.158316126222129e-10,0.3047041099291495,6.285594367919146e-8,1.1820434201439773e-8,2.0663456359500765e-10,2.6414009653848525e-8,6.603157173751315e-8,1.2898730168414115e-8,0.793650785580755,5.786777442320994e-16,0.02225581983612677,3.461766832846421e-14,0.8077805829625002,2.2215677973114327e-14
full_TAC,3,5,,112.63233825668928,29.12365076703716,3,3,LOCALLY_SOLVED,Solve_Succeeded,0.059423917,0.6952361759078934,1.0283185764469892e7,108.46954501244478,29.12365101647005,503.5799878390238,1.0468401263500556e-16,1.0595858734729801e-23,9.763746788937344e-9,1.026517729188391e-8,1.0000000025106441,0.49846878303809217,4.4605974053052804e-7,-5.837928050479314e-9,4.761373269918771e-9,9.499103355178979e-8,1.944492449300886e-8,-2.33659397450024e-10,1.3979599035123129e-9,1.865330401039303e-8,1.6598925885946347e-8,-1.399109515669934e-10,4.761373214665141e-9,1.6340229422683744e-8,1.9642640185918723e-8,8.223166148159036e-10,1.0270464027511483e-9,1.8032978569774837e-8,2.2438861201517117e-8,1.0729462127703027e-9,4.76137365938788e-9,0.19759108450807,1.904267374228765e-8,7.737170036990624e-10,9.755823252870757e-10,1.7430141119411115e-8,2.1576783754824152e-8,9.768250452509653e-10,0.2801118140019863,-8.624596889533841e-9,-7.016639422233128e-9,-9.734467868308333e-9,3.907019876839406e-8,-7.709941418611376e-9,-5.060658246954121e-9,-9.445476687653735e-9,0.2633906084393948,-9.2002785274909e-9,-8.095296577702297e-9,-9.763746788937344e-9,3.278135874109713e-8,-8.979806813945112e-9,-7.54860047257972e-9,-9.65957384955747e-9,0.4564974565619972,-8.987509230529464e-9,-7.788009886881905e-9,-9.709051620843243e-9,3.200603192288536e-8,-8.575433843901235e-9,-6.604159613076892e-9,-9.413901600126766e-9,5.290414744354188e-10,1.4464543745386173e-7,6.049532064491644e-8,-3.4715110478289285e-9,1.5532887816803472e-10,2.8403894743098478e-8,5.1641102756277515e-8,-2.0786769947096162e-9,5.290414682961265e-10,2.4881712984541154e-8,6.111043613396935e-8,1.2217275420121997e-8,1.1411626697234977e-10,2.745930827670259e-8,6.980979040471992e-8,1.594091516115878e-8,5.290415177097643e-10,0.3008773332281975,5.924387386489491e-8,1.1495224054957498e-8,1.0839803614300839e-10,2.6541351250012377e-8,6.712777168167514e-8,1.4512829243728626e-8,0.7936507851453278,4.872109050542748e-16,0.029681323195411183,3.279882601707562e-14,0.7586267453526784,2.2135041271882142e-14
full_TAC,3,6,,112.63233825668928,27.908703946101014,3,2,LOCALLY_SOLVED,Solve_Succeeded,0.067517583,0.7620515814664613,1.0399515199059775e7,105.2708771878772,27.908697952097924,503.5800484674997,1.0468401263500556e-16,1.0253141930160176e-16,8.261440123079318e-9,0.0,0.9999988940114121,0.49212528621100415,2.1591926742875468e-5,2.048888529398804e-6,3.705910696598013e-6,3.3839862184015253e-6,2.9536029835330826e-6,5.158936202909478e-8,1.5392975822648433e-8,3.7089285689223528e-9,3.0383212309229147e-8,1.7690959446977088e-9,3.7059147147902082e-6,4.121949375419723e-7,1.0112168476631728e-6,3.565332873375094e-8,1.5355013635947716e-8,3.7775040151051e-9,3.0237787980326245e-8,1.8182459000127222e-9,3.7059186762281665e-6,0.19507274402197375,1.0105041433155227e-6,3.563688715931318e-8,1.5225291830434327e-8,3.725461437768524e-9,3.007805503345007e-8,1.80585359008406e-9,0.2800914395488335,1.6612931726816812e-7,3.6822800129205866e-7,2.3556029981221977e-8,1.0688207154211802e-8,-4.846542160164529e-9,5.57223305518785e-9,-8.255900698684203e-9,0.329284067796009,6.64411667293613e-8,1.7974639135053282e-7,7.096574577310866e-9,1.0661542337774703e-8,-4.879842396514247e-9,5.296771614381088e-9,-8.261440123079318e-9,0.3906109506160431,1.3167135820245188e-7,2.0059658978078782e-7,8.94399662160358e-9,1.0570366989568762e-8,-4.82871777444222e-9,5.503188683967202e-9,-8.23042276268692e-9,4.117678551775568e-7,5.1528881052932316e-6,9.1889870598807e-6,7.664705215751222e-7,1.7103306469609366e-9,5.647686684495401e-9,9.452554940649068e-8,2.6283711178365958e-8,4.1176830164335627e-7,6.276604730752759e-7,3.146007970507649e-6,5.297065983300139e-7,1.7061126262164123e-9,5.752108386637312e-9,9.407311816101496e-8,2.70139390859033e-8,4.117687418031294e-7,0.29704258748800544,3.1437906680927373e-6,5.294623235097958e-7,1.69169909227048e-9,5.672861734783888e-9,9.357617121517799e-8,2.6829824766963174e-8,0.7936509756611362,3.702956421078329e-14,0.03710762624738665,3.796285853760961e-12,0.7094694138486065,5.793507606076466e-12
full_TAC,3,7,,112.63233825668928,26.693757125164872,3,2,LOCALLY_SOLVED,Solve_Succeeded,0.050714209,0.8187914514113618,1.0498325331070049e7,102.07250329882308,26.693757315402085,503.5799881167379,1.1278456123176193e-16,1.0253141930160176e-16,9.596743825218126e-9,7.829034545843486e-9,0.9999999964254437,0.48578888333644155,6.642654829499003e-7,5.770470326140703e-10,1.8330140177001584e-8,9.751354977747034e-8,3.9774207129940696e-8,-1.093381699496355e-10,6.915924787781982e-9,1.527378469964061e-8,2.3692103100446703e-8,-4.2397009309775736e-11,1.833014115640016e-8,1.650602144753534e-8,2.7193993696296714e-8,9.86291137388699e-10,6.115759800838309e-9,1.6147246622385795e-8,2.6653014131651606e-8,9.43645156815015e-10,1.8330140614284917e-8,0.19256482122657656,2.719331245292745e-8,9.829533459704927e-10,5.9112340973961175e-9,1.5311449634194378e-8,2.538119719741593e-8,8.330467097742028e-10,0.28011176174126257,-7.870039747864111e-9,-5.275274290993276e-9,-9.582667074858256e-9,3.015261065160532e-8,-7.0008790043962396e-9,-3.4001234828913915e-9,-9.226087493853857e-9,0.39517772296106113,-8.767843382867125e-9,-7.090281957782048e-9,-9.596743825218126e-9,2.5808861356415154e-8,-8.48097176207024e-9,-6.439713205787008e-9,-9.44383923375417e-9,0.32471034882586103,-8.388524660168819e-9,-6.6472614313999585e-9,-9.496001830921944e-9,2.4787630640888313e-8,-7.965022309647107e-9,-5.309598816926612e-9,-9.071374929705114e-9,2.036682241889064e-9,1.4848654170660254e-7,1.237419777375933e-7,-1.6244528106802988e-9,7.68436087531331e-10,2.3257808519907295e-8,7.370876520138974e-8,-6.298984240309538e-10,2.0366823507111284e-9,2.5134169022383355e-8,8.460353594403421e-8,1.4653468326917811e-8,6.795288667598118e-10,2.4587852811360185e-8,8.292048840958278e-8,1.4019870901251648e-8,2.036682290476101e-9,0.29322370504955975,8.460141652021872e-8,1.4603878282990176e-8,6.568037885995683e-10,2.3315161942977798e-8,7.896372461418288e-8,1.2376693973788154e-8,0.7936507856871243,5.658172013499746e-16,0.044532336462447496,5.058063956475608e-14,0.6603190502445823,5.302609971498919e-14
full_TAC,3,8,,112.63233825668928,25.47881030422873,3,1,LOCALLY_SOLVED,Solve_Succeeded,0.053301625,0.8676916734402355,1.058350397865921e7,98.87154464998784,25.478703562274116,503.5809137156905,2.2556912246352386e-16,2.0506283860320352e-16,8.240225782525095e-9,0.0,0.9999811210937964,0.4793807192294032,0.0003899664926506413,3.818157217246476e-5,6.106463906943902e-5,6.202178661406492e-5,5.028223405378958e-5,9.108138499009672e-7,1.5241858950062726e-8,3.5098431226534248e-9,3.0132213999795855e-8,1.8983604197673127e-9,6.106825837884694e-5,9.203838044194581e-6,2.0505167006628224e-5,7.112113919008355e-7,1.518551142012753e-8,3.494904200769113e-9,3.005549672531102e-8,1.8971929451627986e-9,6.106435609143349e-5,0.1899512238543891,2.1017680312459005e-5,7.167179301776984e-7,1.515103535642307e-8,3.4817901221820002e-9,3.001369596170911e-8,1.893733156229158e-9,0.2797480457384315,2.5917476395700254e-6,5.629350715300793e-6,4.717183674704229e-7,1.0372434993862047e-8,-4.864589528639969e-9,5.682684522240066e-9,-8.240225782525095e-9,0.4610580630952006,1.267506382874824e-6,3.083562771019609e-6,2.6404145517219593e-7,1.0333610015156134e-8,-4.839415488767024e-9,5.77423815780726e-9,-8.224151742180841e-9,0.2589713780976672,2.0323133477506396e-6,3.4445495306148965e-6,2.944888255211301e-7,1.0309846066557998e-8,-4.819868950078488e-9,5.854617264394384e-9,-8.212511541891715e-9,6.784959896604333e-6,9.444226598050794e-5,0.00015643361705623422,1.353209148424294e-5,1.6935398833403021e-9,5.344533845858624e-9,9.374466577714264e-8,2.8204211950828643e-8,6.7853620420941024e-6,1.4014935203659929e-5,6.379385290951003e-5,1.0566569251098128e-5,1.6872790466808361e-9,5.3217859420802395e-9,9.350598981207875e-8,2.8186866613847285e-8,6.784928454603719e-6,0.28924390905100156,6.538833874987246e-5,1.0648380676925804e-5,1.683448372935896e-9,5.301816776958955e-9,9.33759429919839e-8,2.8135464035404633e-8,0.7936532598065634,4.650470910749214e-13,0.05197142579123779,4.78115202371433e-11,0.6111029641830436,7.325035354878616e-11
full_TAC,3,9,,112.63233825668928,24.26386348329259,3,3,LOCALLY_SOLVED,Solve_Succeeded,0.060008,0.9095300855220747,1.0656403471433483e7,95.67539830690532,24.263860136801675,503.5800163678468,1.5922526291542861e-16,1.5922526291542861e-16,8.298909412693791e-9,0.0,0.9999993741162212,0.4731076959984607,9.283113938176621e-6,1.0488463256062476e-6,1.9440022331509738e-6,9.377795073070597e-7,1.3942553651900794e-6,2.8389660164255083e-8,1.5505816861055585e-8,3.896495859929265e-9,3.058356970127227e-8,1.7015692488667091e-9,1.94400679123143e-6,1.1634416651173325e-7,3.4497304414978176e-7,1.6925530040993418e-8,1.5393049967552107e-8,4.085311754028581e-9,3.0199252715724046e-8,1.8336224973821602e-9,1.943998448520955e-6,0.18753707170693493,3.5287496156843016e-7,1.6936232326780485e-8,1.5177592768999896e-8,3.9920492455518795e-9,2.9927042470845155e-8,1.8119416132774192e-9,0.2801045342504786,6.313091594540387e-8,1.5467007369623588e-7,5.454258164643023e-9,1.0972501370760532e-8,-4.867859868757245e-9,5.294726642463637e-9,-8.28191785450692e-9,0.5269652098876334,1.9034892427668398e-8,6.601731398697608e-8,-2.2527050688101668e-9,1.0891770505759512e-8,-4.9647253340811195e-9,4.576452111731161e-9,-8.298909412693791e-9,0.19292306617212085,5.3624108650169486e-8,7.385127018789014e-8,-1.4492287151291811e-9,1.0737347158352533e-8,-4.874681959199144e-9,4.916354389445326e-9,-8.245129216203216e-9,2.160002481278859e-7,1.4279824315812044e-6,4.337683358369135e-6,4.217892367260755e-7,1.7228685401172867e-9,5.933300513983198e-9,9.514888351506927e-8,2.528045741173396e-8,2.1600075458126989e-7,1.7716043537013926e-7,1.0732494706882097e-6,2.514650177519022e-7,1.710338885283567e-9,6.220815625452613e-9,9.395323067114148e-8,2.7242391389677804e-8,2.1599982761343938e-7,0.28556781373555995,1.0978332137684492e-6,2.516240231407386e-7,1.6863991965555433e-9,6.0788022602721795e-9,9.310635435374047e-8,2.692027539726451e-8,0.7936508559830613,1.3535162137310125e-14,0.059383730673035075,1.3929264590363714e-12,0.5620096314369227,2.1149556422689814e-12
full_TAC,3,10,,112.63233825668928,23.048916662356444,3,3,LOCALLY_SOLVED,Solve_Succeeded,0.05685875,0.9455122336693982,1.0719120172319204e7,92.47694745899608,23.04891686108817,503.57998773842814,1.0468401263500556e-16,1.0253141930160176e-16,9.819316261544787e-9,8.178618305010452e-9,1.0000000020280697,0.46676913292882377,4.6367617028582545e-7,-9.772296142396558e-10,3.6074823703196805e-9,3.662623817202119e-8,1.7022659258694285e-8,-4.259933924452138e-10,9.484045803035073e-10,1.8221526732433043e-8,1.9714016006475903e-8,-3.292716655898953e-10,3.607482904521902e-9,1.3694301742144234e-8,1.7948028421347307e-8,6.787220147959762e-10,2.886682676444949e-10,1.704198240640707e-8,2.5328148467442948e-8,1.5162361164954318e-9,3.607481547120483e-9,0.18502552166143735,1.978467645993064e-8,8.602342652968315e-10,2.558036641404457e-10,1.664082646472893e-8,2.4533504173921918e-8,1.2906309395665054e-9,0.28011202894356807,-9.086486624683495e-9,-7.958758368332202e-9,-9.819316261544787e-9,4.506363680862324e-8,-8.50310788373874e-9,-6.571682252611363e-9,-9.570114647852831e-9,0.5928583643313926,-9.426907108754204e-9,-8.640656746702939e-9,-9.7976678204275e-9,3.149720384081927e-8,-9.276049007944235e-9,-8.248210312907185e-9,-9.673707306278387e-9,0.127029487547629,-9.293969942937176e-9,-8.417221473763022e-9,-9.73561291032507e-9,3.096094688909012e-8,-9.016035790205921e-9,-7.62599090975573e-9,-9.316806220851009e-9,4.0083137447996434e-10,5.577177176194135e-8,5.295938436038221e-8,-6.329044687757462e-9,1.0537828670038968e-10,2.7746415706204858e-8,6.133249424236948e-8,-4.892036174478443e-9,4.0083143383576674e-10,2.0852686743719625e-8,5.583831064419161e-8,1.0083869934111646e-8,3.207425196049942e-11,2.5950291391574396e-8,7.879868412093362e-8,2.2526936587932127e-8,4.008312830133868e-10,0.28174340798446135,6.155232676422865e-8,1.2780623370124352e-8,2.84226293489384e-11,2.5339440298564507e-8,7.632645742997929e-8,1.9175088244988077e-8,0.793650784419663,3.6050953092900594e-16,0.06680884318283736,4.160350278689614e-14,0.5128575470606827,4.1047233192496726e-14
full_TAC,3,11,,112.63233825668928,21.833969841420302,3,3,LOCALLY_SOLVED,Solve_Succeeded,0.214019958,0.849777774659989,1.0554233612853488e7,59.12850560516805,10.372919376399677,503.57998780856275,1.5922526291542861e-16,1.5922526291542861e-16,9.871063960259418e-9,0.0,0.9999999855267818,0.4006670877284533,1.0963109829732055e-6,1.1456335990755078e-6,2.7626812066303343e-8,9.02684585282193e-8,1.8705156770392204e-7,2.927108838916923e-8,1.9139152198209644e-9,7.414783579837368e-9,2.0617494858888408e-8,7.851857664554555e-9,2.7626817646379644e-8,0.15882288884600657,2.847366089431889e-8,1.1428366683937469e-8,1.2376724161374972e-10,8.410539096283888e-9,1.4236804879139307e-8,9.148545735004914e-9,1.284359901734832e-10,8.45512615850636e-9,1.4301000624936222e-8,9.16180944325756e-9,1.0066122298324648e-10,8.232726158846486e-9,1.400717942760229e-8,9.102063616858988e-9,0.28011134068831317,-9.138275930930069e-9,-7.971353994912038e-9,-9.816016168101064e-9,6.740056125221837e-9,-8.881040581834576e-9,-7.513636276268703e-9,-9.740480926264415e-9,0.7198885641097728,-9.389538421873855e-9,-8.659145036206772e-9,-9.871063960259418e-9,3.3698673357889664e-9,-9.320448939955013e-9,-8.503048687201485e-9,-9.845697983022133e-9,3.3781141457181096e-9,-9.366520804332155e-9,-8.595582709013007e-9,-9.856440012634155e-9,3.329092173878033e-9,-9.145450380292627e-9,-8.162384810510646e-9,-9.804444751194293e-9,3.0696457851448147e-9,1.3745424366797033e-7,5.81938210634424e-7,4.3488474178194284e-7,2.1265724664677373e-10,1.1290693178388717e-8,6.414331733876394e-8,1.1665617101623908e-7,3.0696464051532928e-9,0.24184394437914633,8.858472278232543e-8,1.6979287644707094e-7,1.3751915734861076e-11,1.2806957260250466e-8,4.429228184621118e-8,1.35921250920073e-7,1.427066557483146e-11,1.2874851195907408e-8,4.449200194424602e-8,1.3611831172839803e-7,1.118458033147183e-11,1.2536196650970785e-8,4.3577891552540446e-8,1.3523065945047638e-7,0.7936507842747021,4.478564669073144e-16,0.1442920039793004,8.764548061763765e-14,2.551796352584337e-13,1.1470935832403836e-13
full_TAC,3,12,,112.63233825668928,20.61902302048416,3,3,LOCALLY_SOLVED,Solve_Succeeded,0.228584583,0.8497777746599879,1.0554233612853486e7,59.128505605168044,10.3729193763996,503.57998780856263,1.5922526291542861e-16,1.5922526291542861e-16,9.871063960218712e-9,0.0,0.9999999855267818,0.4006670877284552,1.0963109823190542e-6,1.1456335946431862e-6,2.7626812037063888e-8,9.026845852811705e-8,1.8705156751337096e-7,2.927108813523441e-8,1.9139152264426705e-9,7.414783594026971e-9,2.0617494876792676e-8,7.851857654152567e-9,2.762681761714101e-8,0.1588228888460073,2.8473660890090644e-8,1.142836667877625e-8,1.2376724355715432e-10,8.41053910058637e-9,1.4236804884968806e-8,9.148545731664944e-9,1.2843599211547145e-10,8.455126162817789e-9,1.4301000630794715e-8,9.161809439925755e-9,1.0066122493203859e-10,8.232726163106422e-9,1.400717943331476e-8,9.102063613481103e-9,0.2801113406883158,-9.138275930877488e-9,-7.971353994752682e-9,-9.816016168026071e-9,6.740056144900444e-9,-8.881040581559719e-9,-7.51363627557998e-9,-9.740480926088065e-9,0.7198885641097702,-9.38953842186134e-9,-8.659145036159231e-9,-9.871063960218712e-9,3.3698673432906533e-9,-9.32044893991438e-9,-8.503048687040405e-9,-9.845697982961347e-9,3.3781141532234593e-9,-9.36652080430009e-9,-8.595582708877818e-9,-9.856440012582276e-9,3.3290921813589646e-9,-9.145450380211608e-9,-8.16238481023608e-9,-9.804444751092793e-9,3.0696457818959867e-9,1.3745424366781458e-7,5.819382100415985e-7,4.348847380091969e-7,2.1265724738251883e-10,1.1290693199995614e-8,6.41433173944661e-8,1.1665617086169526e-7,3.069646401904555e-9,0.24184394437914744,8.858472276917088e-8,1.6979287637038998e-7,1.375191595079492e-11,1.2806957266801973e-8,4.429228186434739e-8,1.359212508704506e-7,1.4270665790607934e-11,1.2874851202472542e-8,4.449200196247244e-8,1.3611831167889693e-7,1.1184580548004281e-11,1.2536196657457504e-8,4.357789157031259e-8,1.3523065940029065e-7,0.7936507842747021,4.478564666419492e-16,0.14429200397930037,8.764548059844126e-14,2.551796351870446e-13,1.1470935826821155e-13
full_TAC,3,13,,112.63233825668928,19.404076199548015,3,3,LOCALLY_SOLVED,Solve_Succeeded,0.208519084,0.8497777746599868,1.0554233612853484e7,59.12850560516803,10.372919376399508,503.57998780856275,2.2556912246352386e-16,1.258008647179876e-22,9.871063960167056e-9,0.0,0.9999999855267818,0.4006670877284579,1.0963109814887968e-6,1.1456335890183856e-6,2.7626811999956146e-8,9.02684585279894e-8,1.870515672715585e-7,2.9271087812978718e-8,1.9139152348570536e-9,7.414783612035229e-9,2.0617494899481354e-8,7.851857640954034e-9,2.762681758003504e-8,0.1588228888460083,2.8473660884724916e-8,1.1428366672226394e-8,1.2376724602343426e-10,8.410539106046462e-9,1.4236804892366768e-8,9.148545727426337e-9,1.28435994579954e-10,8.455126168289241e-9,1.430100063822954e-8,9.161809435697505e-9,1.0066122740514178e-10,8.23272616851253e-9,1.4007179440564267e-8,9.102063609194377e-9,0.28011134068831917,-9.138275930810758e-9,-7.971353994550444e-9,-9.816016167930903e-9,6.740056169878075e-9,-8.881040581211535e-9,-7.513636274705939e-9,-9.740480925864309e-9,0.7198885641097669,-9.38953842184546e-9,-8.6591450360989e-9,-9.871063960167056e-9,3.3698673528107044e-9,-9.320448939862816e-9,-8.503048686835987e-9,-9.845697982884206e-9,3.378114162748106e-9,-9.366520804259398e-9,-8.595582708706259e-9,-9.856440012516439e-9,3.3290921908526666e-9,-9.14545038010879e-9,-8.16238480988764e-9,-9.804444750963985e-9,3.069645777772904e-9,1.374542436676202e-7,5.819382092892931e-7,4.34884733221398e-7,2.1265724831745032e-10,1.129069322741728e-8,6.41433174650531e-8,1.1665617066560278e-7,3.0696463977816697e-9,0.241843944379149,8.85847227524775e-8,1.6979287627307785e-7,1.3751916224826025e-11,1.28069572751162e-8,4.429228188736328e-8,1.35921250807477e-7,1.4270666064439329e-11,1.2874851210804072e-8,4.449200198560301e-8,1.3611831161607723e-7,1.1184580822793526e-11,1.2536196665689531e-8,4.35778915928666e-8,1.3523065933660217e-7,0.7936507842747021,4.478564796724664e-16,0.14429200397930037,8.76454805643067e-14,2.5517963505364673e-13,1.1470935821629584e-13
full_TAC,3,14,,112.63233825668928,18.189129378611874,3,3,LOCALLY_SOLVED,Solve_Succeeded,0.19684625,0.8497777746599879,1.0554233612853486e7,59.128505605168044,10.372919376399388,503.57998780856275,5.126570965080088e-17,5.126570965080088e-17,9.871063960099342e-9,0.0,0.9999999855267819,0.40066708772846116,1.0963109804004818e-6,1.145633581644954e-6,2.762681195131457e-8,9.026845852782096e-8,1.8705156695455373e-7,2.9271087390538562e-8,1.91391524587957e-9,7.4147836356261605e-9,2.0617494929254016e-8,7.851857623654421e-9,2.7626817531394e-8,0.15882288884600956,2.847366087769102e-8,1.1428366663640308e-8,1.2376724925646607e-10,8.410539113203954e-9,1.4236804902064753e-8,9.148545721870024e-9,1.2843599781061568e-10,8.455126175461633e-9,1.4301000647975713e-8,9.161809430154783e-9,1.0066123064707096e-10,8.232726175599268e-9,1.4007179450067514e-8,9.102063603574998e-9,0.28011134068832366,-9.138275930723279e-9,-7.971353994285331e-9,-9.816016167806146e-9,6.740056202630111e-9,-8.881040580755208e-9,-7.513636273560386e-9,-9.740480925570951e-9,0.7198885641097625,-9.389538421824641e-9,-8.659145036019813e-9,-9.871063960099342e-9,3.369867365290319e-9,-9.32044893979522e-9,-8.50304868656802e-9,-9.845697982783083e-9,3.3781141752337845e-9,-9.366520804206054e-9,-8.595582708481365e-9,-9.856440012430134e-9,3.329092203297796e-9,-9.145450379974008e-9,-8.16238480943088e-9,-9.804444750795132e-9,3.0696457723682847e-9,1.3745424366736372e-7,5.81938208303056e-7,4.348847269451443e-7,2.1265724954217437e-10,1.1290693263339835e-8,6.414331755767917e-8,1.1665617040857996e-7,3.0696463923771098e-9,0.2418439443791509,8.858472273059427e-8,1.697928761455131e-7,1.3751916584051779e-11,1.2806957286015109e-8,4.429228191753478e-8,1.3592125072492608e-7,1.4270666423401737e-11,1.2874851221725669e-8,4.449200201592444e-8,1.3611831153372818e-7,1.1184581183007878e-11,1.2536196676480703e-8,4.357789162243226e-8,1.3523065925311423e-7,0.7936507842747021,4.478564661695375e-16,0.14429200397930037,8.764548050473631e-14,2.5517963492533347e-13,1.1470935814098126e-13
full_TAC,3,15,,112.63233825668928,16.974182557675732,3,3,LOCALLY_SOLVED,Solve_Succeeded,0.179735917,0.849777774659989,1.0554233612853488e7,59.128505605168016,10.372919376399205,503.57998780856263,1.1278456123176193e-16,4.520899726818048e-22,9.87106396000509e-9,0.0,0.9999999855267819,0.4006670877284666,1.0963109746103717e-6,1.1456335711197442e-6,2.762681185149114e-8,9.026845845818465e-8,1.8705156552179226e-7,2.9271086784599656e-8,1.913915263258759e-9,7.4147836703359535e-9,2.061749495432784e-8,7.85185760010258e-9,2.7626817453604e-8,0.1588228888460117,2.8473660856023237e-8,1.1428366651691479e-8,1.237672545668528e-10,8.41053912379665e-9,1.4236804908756335e-8,9.148545714431425e-9,1.284360031049773e-10,8.455126186077603e-9,1.4301000654718923e-8,9.161809422735946e-9,1.0066123601080818e-10,8.232726186084377e-9,1.4007179456543365e-8,9.102063596045638e-9,0.28011134068833143,-9.138275930612978e-9,-7.971353993563212e-9,-9.81601616763362e-9,6.740056252497766e-9,-8.881040580106275e-9,-7.513636271829721e-9,-9.74048092515224e-9,0.7198885641097548,-9.389538421797596e-9,-8.659145035810452e-9,-9.87106396000509e-9,3.3698673842988696e-9,-9.320448939699259e-9,-8.503048686107438e-9,-9.845697982642598e-9,3.3781141942717446e-9,-9.366520804129737e-9,-8.595582708089731e-9,-9.856440012310137e-9,3.329092222186381e-9,-9.145450379785615e-9,-8.162384808671403e-9,-9.80444475056107e-9,3.069645761276792e-9,1.374542435613266e-7,5.819382038455758e-7,4.348847179426234e-7,2.1265725147319538e-10,1.1290693316193384e-8,6.41433176356866e-8,1.1665617005866688e-7,3.069646383733777e-9,0.24184394437915416,8.85847226631834e-8,1.6979287596798765e-7,1.3751917174094751e-11,1.2806957302144897e-8,4.429228193835304e-8,1.3592125061440972e-7,1.4270667011664142e-11,1.2874851237890894e-8,4.449200203690331e-8,1.3611831142350545e-7,1.1184581778978682e-11,1.2536196692446665e-8,4.3577891642579354e-8,1.3523065914124945e-7,0.7936507842747021,4.478564676624728e-16,0.1442920039793003,8.764548042400977e-14,2.5517963476561183e-13,1.1470935803335382e-13
full_TAC,3,16,,112.63233825668928,15.759235736739589,3,2,LOCALLY_SOLVED,Solve_Succeeded,0.124632792,0.8481346836208172,1.0551376040149638e7,59.155470214343126,10.373373376878835,503.5799888576391,3.1845052583085723e-16,3.1845052583085723e-16,9.551730061973604e-9,0.0,0.9999999330844501,0.40072041874136094,1.7759669197721694e-6,1.246405315382806e-6,1.0488037850894351e-7,0.07936479889060925,3.113325784126055e-7,4.2804500671412906e-8,9.215762580127269e-9,5.909094234330738e-9,2.7773606446665118e-8,5.01242931479496e-9,1.9413900821247132e-7,0.0794793244412361,4.2213414645840085e-8,1.1988768560498157e-8,5.181306834184512e-9,6.370957622001591e-9,1.9347073562093583e-8,7.488287656604095e-9,5.206980274413996e-9,6.4600986174927065e-9,1.9463689167248037e-8,7.52918760310681e-9,5.086208042607379e-9,6.0596745446656245e-9,1.8957474480233027e-8,7.344638425144659e-9,2.405011189074561e-7,-6.812208193153817e-9,-2.8593973764474286e-9,-9.346142646900198e-9,9.129386490633674e-9,-7.2708584616743455e-9,-3.5571130383207074e-9,-9.243537253270999e-9,0.9999993087557009,-7.781021452743032e-9,-5.6799517044450425e-9,-9.551730061973604e-9,5.0302065209481404e-9,-8.082336712821571e-9,-5.847350937977744e-9,-9.495139241783063e-9,5.056013215069021e-9,-8.18393453312627e-9,-6.0450847384602236e-9,-9.527345545961468e-9,4.9346415104100555e-9,-7.733175387600634e-9,-5.183066703663432e-9,-9.377526682066795e-9,1.1653375389882606e-8,0.1208509437652459,9.68590243950328e-7,6.359525814038489e-7,1.0239736200141406e-9,8.997938947730895e-9,8.640677561184703e-8,7.44703783912394e-8,2.1571000912496807e-8,0.1210253349446095,1.3133062334261359e-7,1.7811884718454403e-7,5.757007593538345e-10,9.70123092441151e-9,6.019089552651337e-8,1.1125455946954655e-7,5.785533638237771e-10,9.836968349363893e-9,6.055369963143833e-8,1.1186221581758688e-7,5.651342269563751e-10,9.227231693013565e-9,5.89788094940583e-8,1.0912034231643491e-7,0.7936507859453471,7.175575313015481e-16,0.1443004370111828,1.1694384690543698e-13,3.489445919564917e-13,1.59652754814844e-13
full_TAC,3,17,,112.63233825668928,14.544288915803445,3,2,ALMOST_LOCALLY_SOLVED,Solved_To_Acceptable_Level,0.064486125,0.8506605474852665,1.0555745779936088e7,59.19823628082544,10.671911600081673,503.5847713282369,1.5922526291542861e-16,1.5922526291542861e-16,8.239498652392049e-9,0.0,0.9997257001563596,0.3459528473209657,0.27700038301607877,0.0030905739388986542,0.0006278203132341427,0.026350225736669886,0.06725641027453934,0.00018140713130719227,1.5230488764956485e-8,3.497864741942367e-9,3.011713496484361e-8,1.907302940708733e-9,0.0007379219926900721,0.11077714814466609,0.00011269903573848928,1.3273228558420684e-5,1.519783729259239e-8,3.4879018129785437e-9,3.007471173030456e-8,1.9056638096872372e-9,1.531260988188641e-8,3.5315884540271434e-9,3.0214303276907686e-8,1.9172819757851297e-9,1.5190971231896476e-8,3.4853672401694877e-9,3.0066616326398055e-8,1.9049903174944454e-9,0.10949077441067567,1.0551466869362356e-5,2.4665819921509704e-5,2.1540578924809347e-6,1.0352261169828573e-8,-4.86625729081901e-9,5.687092129594554e-9,-8.239498652392049e-9,0.8887173251766721,7.313963260259487e-6,1.3304958168237954e-5,1.2574325539520526e-6,1.03297907526658e-8,-4.833997254033574e-9,5.811349176399402e-9,-8.220922769879078e-9,1.0408748966404091e-8,-4.849039204026457e-9,5.737223144047222e-9,-8.232741112792203e-9,1.0325064815639127e-8,-4.8128351457296125e-9,5.89425426011966e-9,-8.209330512960911e-9,6.975781258157137e-5,0.04012420737174732,0.20924216529856682,0.0026951916651354276,1.6922765294396088e-9,5.326294038866786e-9,9.36977532239579e-8,2.833707226195832e-8,8.19913325211191e-5,0.16868338467483243,0.0003506192222975222,0.00019720225286796441,1.6886485880658204e-9,5.311123215217327e-9,9.356576982761419e-8,2.8312719458210377e-8,1.7014010979873785e-9,5.377646054995877e-9,9.400005463926834e-8,2.8485332211664782e-8,1.6878856924329411e-9,5.307263752076265e-9,9.354058412657171e-8,2.83027132884889e-8,0.7936583141966922,1.2819243848105985e-12,0.14432575856502183,1.319365880760143e-10,4.2437053851813264e-10,2.040888962945487e-10
full_TAC,3,18,,112.63233825668928,13.329342094867304,3,3,LOCALLY_SOLVED,Solve_Succeeded,0.112375458,0.8481428630239038,1.0551390207029754e7,59.155921139337465,10.374021558569408,503.58012475736984,2.2556912246352386e-16,1.5922526291542861e-16,8.256938994737162e-9,0.0,0.9999924448393721,0.4007042704248003,6.435233196669258e-5,3.112585724071757e-5,8.162010231365628e-6,0.07935087627608498,1.3878454685528898e-5,1.7946880096243973e-6,1.5207030773766018e-8,3.545387404452251e-9,3.0165388137972274e-8,1.9370143481445605e-9,2.393928783077372e-5,0.07948665056183755,1.429990382445217e-6,1.5817421621340515e-7,1.5067094742033375e-8,3.5722787804096194e-9,2.989246750532628e-8,1.980319024775843e-9,1.5139119132022124e-8,3.60073117319712e-9,2.998148945313182e-8,1.9882788566369363e-9,1.4989414185847687e-8,3.5415693057713363e-9,2.9796646675103935e-8,1.9717658977274024e-9,7.114360812121682e-6,2.925487172233788e-7,6.216033594632541e-7,4.8357087363936704e-8,1.0377658524699208e-8,-4.900143626949761e-9,5.484374129063646e-9,-8.256622472947769e-9,0.9999495540391222,2.0059957462617257e-7,2.817679167657289e-7,1.874606544853952e-8,1.0280900435211824e-8,-4.895751090775016e-9,5.361558838790973e-9,-8.239830676719386e-9,1.033071532698378e-8,-4.923363640961964e-9,5.248916025635849e-9,-8.256938994737162e-9,1.0227140174063368e-8,-4.864817352885297e-9,5.488151404650797e-9,-8.2205256825928e-9,9.068900257072918e-7,0.1208297434204021,4.317741457720101e-5,2.6663936142991043e-5,1.6896700859740013e-9,5.3986580931432e-9,9.384787420702486e-8,2.877849888671918e-8,2.6599208700859677e-6,0.12103649062825264,4.448858967607341e-6,2.350016926599162e-6,1.6741216380037076e-9,5.439606324714647e-9,9.299878779434843e-8,2.942188265381252e-8,1.6821243480024578e-9,5.482931559186523e-9,9.327574496529897e-8,2.954014301289162e-8,1.6654904650941868e-9,5.392844170151807e-9,9.27006785447678e-8,2.9294807623378543e-8,0.7936510014236156,3.729956055742262e-14,0.14430090236791288,3.874019788812641e-12,1.2368591856972376e-11,5.915419493913325e-12
full_TAC,3,19,,112.63233825668928,12.11439527393116,3,2,ALMOST_LOCALLY_SOLVED,Solved_To_Acceptable_Level,0.052599333,0.8498682978366315,1.0554371446273817e7,59.207576430228684,10.624204882588717,503.5885388853907,1.1278456123176193e-16,1.0253141930160176e-16,8.239270219594587e-9,0.0,0.9995062296533048,0.3676018036221095,0.15995337667251558,0.006244550011969585,0.001041793874385118,0.055348053965394925,0.038645697321662564,0.0003649637073775841,1.523084300067154e-8,3.4972781378875984e-9,3.011709172690706e-8,1.906950746182626e-9,0.0014486548629861979,0.09035529469679994,0.0002450506462882647,2.8439720228415793e-5,1.523163169824258e-8,3.4990505082512254e-9,3.011684352947552e-8,1.9079850225076715e-9,1.539677053776161e-8,3.56191529376815e-9,3.031776826073235e-8,1.9246993791882863e-9,1.5257566772917502e-8,3.509040324393656e-9,3.014877553827599e-8,1.9106398924698294e-9,0.03688128315949454,1.8915138210665387e-5,4.3868514866646585e-5,3.875438222090015e-6,1.0351966882262376e-8,-4.865802010126994e-9,5.689850400803545e-9,-8.239270219594587e-9,0.9598576717816114,1.3060930634286026e-5,2.4802624789416304e-5,2.33180338850454e-6,1.0352509549722618e-8,-4.828342469204507e-9,5.831682654926163e-9,-8.219156675985641e-9,1.0466055426731736e-8,-4.835929681889842e-9,5.779284401530224e-9,-8.228654804262446e-9,1.0370352316172782e-8,-4.802392787364312e-9,5.928496976227995e-9,-8.206101517450727e-9,0.00011575487493167974,0.08427999126548771,0.12023105833406131,0.005422317938181248,1.692315888963504e-9,5.325400800874298e-9,9.369761870593307e-8,2.8331839657570444e-8,0.0001609616514429108,0.13758647147012718,0.000762379788452379,0.0004225329862507489,1.6924035220269524e-9,5.328099637564365e-9,9.369684653614605e-8,2.8347206048685404e-8,1.7107522819735116e-9,5.423825560965138e-9,9.43219457000562e-8,2.8595533633654535e-8,1.6952851969908331e-9,5.343311403053975e-9,9.37961905635253e-8,2.8386649830980315e-8,0.7936642797876008,2.2961461278143393e-12,0.1443382517038384,2.3811959984548977e-10,7.976859414907738e-10,3.7910538616072735e-10
full_TAC,3,20,,112.63233825668928,10.899448452995019,3,2,LOCALLY_SOLVED,Solve_Succeeded,0.051413042,0.8481498535618038,1.0551402306228818e7,59.15629978290333,10.37469681866746,503.5802334251922,1.1278456123176193e-16,5.126570965080088e-17,8.248830577801287e-9,0.0,0.9999865082296605,0.40068457793248713,0.00013036928428844665,6.363905223354951e-5,1.5604405472539264e-5,0.07933658494425587,2.825257622363139e-5,3.6682173468403913e-6,1.521844256632652e-8,3.5241077085304194e-9,3.014219641056372e-8,1.9233252218533714e-9,4.264674631928261e-5,0.07949297503510407,2.925090951387351e-6,3.3056289287604417e-7,1.5111298524668494e-8,3.5282132998588044e-9,2.995348042604918e-8,1.944220546214107e-9,1.5180351975683147e-8,3.5550097659747478e-9,3.0038117720439355e-8,1.951544170262659e-9,1.5050601998905553e-8,3.5046434763285285e-9,2.98791724241066e-8,1.9377980854981883e-9,1.4251365634267285e-5,5.319271349782688e-7,1.1379266112308711e-6,9.573776046165e-8,1.0366633735061328e-8,-4.884632718223742e-9,5.576110469222738e-9,-8.248830577801287e-9,0.9999074248218851,3.67225014567608e-7,5.408776106197245e-7,4.402810037331641e-8,1.0292703637596464e-8,-4.869971310553479e-9,5.555896839148553e-9,-8.231916880259727e-9,1.034035852367916e-8,-4.895185928965698e-9,5.450955540915897e-9,-8.24765219743429e-9,1.0250793340222328e-8,-4.845738224865065e-9,5.656519969396459e-9,-8.216824654120926e-9,1.7338228302821397e-6,0.12080798161966234,8.789690380685321e-5,5.4499229153057235e-5,1.690938062925168e-9,5.3662549198076836e-9,9.377572216619823e-8,2.8575117581821512e-8,4.738527368809177e-6,0.12104612107618118,9.100282959871758e-6,4.911220122729798e-6,1.67903316940761e-9,5.372506615694088e-9,9.318860576993078e-8,2.88855624008953e-8,1.6867057750759045e-9,5.413310325461546e-9,9.345192179692243e-8,2.899437052961664e-8,1.6722891109895055e-9,5.3366162025911674e-9,9.295742531944275e-8,2.879014298454451e-8,0.7936511737227487,6.658058881116969e-14,0.14430127937746134,6.888315908600937e-12,2.199965579094472e-11,1.0531209002024387e-11
full_TAC,3,21,,112.63233825668928,9.684501632058875,3,3,LOCALLY_SOLVED,Solve_Succeeded,0.018454792,0.9930442663748621,1.080371234265652e7,43.26009977587527,9.684501837486064,503.57998903280395,3.1845052583085723e-16,3.1845052583085723e-16,8.711383367052264e-9,8.454163779399069e-9,1.0000000013844292,0.35556729695566874,3.2522211425324934e-7,-7.3411753838361834e-9,3.248224196732394e-9,8.129278203126685e-9,1.035015594866601e-8,1.637800689420474e-10,-5.46803341177861e-10,6.096460512426892e-10,6.884924406442375e-9,1.9675691641569317e-11,1.3873438489845424e-8,0.09171823353100673,1.6073288014405744e-8,7.55697537294757e-10,2.2742840123506566e-9,5.9110541861610035e-9,9.78539377331992e-9,3.0999466494787607e-10,2.769226366330942e-9,7.415474248979542e-9,1.0412909517837701e-8,3.608974222149411e-10,6.20580269913338e-10,2.3047956889096756e-9,7.915511474262107e-9,1.5936395642199512e-10,2.7508510873464578e-8,0.07936506157038263,2.7172839604050316e-8,-4.415538962536206e-9,7.416114163703615e-9,5.714187717417095e-9,1.3269572611468603e-8,-5.408472859266605e-9,0.9999998854764398,0.044822075861709845,1.2163649206776425e-8,-5.750717442521173e-9,2.0522105517770684e-8,7.277752480989236e-10,6.173067423203961e-9,-6.9857660271393496e-9,2.3843864275428186e-8,-4.4516730446326185e-10,4.866862499120759e-9,-7.477356220119234e-9,1.1907450383940166e-8,2.9122507173841377e-9,9.062703353901171e-9,-5.361100572598417e-9,3.609137996369325e-10,1.237867362748836e-8,3.220048517362758e-8,2.433303881424704e-9,-6.07559267975401e-11,9.283246689377312e-10,2.141976482004294e-8,2.9232456153188703e-10,1.5414931655383798e-9,0.13966185560403296,5.0005784933706753e-8,1.1227506268379245e-8,2.5269822359451733e-10,9.000923419836072e-9,3.044344729477308e-8,4.60563502208273e-9,3.0769181848121563e-10,1.129174487912794e-8,3.239571849993951e-8,5.361904558621981e-9,6.895336332370421e-11,3.5095752535670062e-9,2.4626035697704334e-8,2.36769306684107e-9,0.7936507873561611,-5.393383204758553e-16,0.16699518562384127,-7.017460768900847e-13,-1.6550601384055765e-12,-9.381327791550598e-13
full_TAC,4,1,,108.29861132198683,33.98343805078173,3,2,LOCALLY_SOLVED,Solve_Succeeded,0.058567625,0.42899365866848543,9.819900162564063e6,108.29819353832241,33.9833614799109,503.5805717175315,2.093680252700111e-16,1.5922526291542861e-16,8.231670496361343e-9,0.0,0.9999908230353893,0.4904351486825671,0.00043221806151624354,3.161934358245358e-5,2.3636451004892234e-5,0.009989823469750896,4.326873633277357e-5,6.6950958434826e-7,1.5189627669822507e-8,3.500924334990442e-9,3.009927492708979e-8,1.8900481320816276e-9,2.4433818101127862e-5,2.4016600635264173e-5,2.8150259761838673e-5,6.044932447063478e-7,1.5183235049130525e-8,3.5021729452835e-9,3.008743097183111e-8,1.8919490025627387e-9,2.444156265120113e-5,0.15694526761680494,2.6419984052054217e-5,5.989084031873451e-7,1.5140953449764673e-8,3.4860912853406265e-9,3.00361554719933e-8,1.8877302103501505e-9,0.0003618273780205814,0.06923971280034683,2.3503987243891734e-5,1.3598079957594658e-6,1.0356711643585401e-8,-4.8475122380203574e-9,5.749040169788591e-9,-8.231670496361343e-9,0.0715486024707061,1.110857096239138e-6,2.480772339216043e-6,2.0266439574204612e-7,1.0352297169083252e-8,-4.833470931657648e-9,5.7967736324737124e-9,-8.22350450417481e-9,0.9279997428817011,2.0186578285467837e-6,3.618011635885494e-6,2.9260695351058467e-7,1.0323093390308172e-8,-4.805770029701746e-9,5.90989484986386e-9,-8.20723243671401e-9,2.6262723338769142e-6,0.015211776647120681,0.0001346138463686289,9.946999538888431e-6,1.6877364077580557e-9,5.330952964644535e-9,9.364218866205713e-8,2.8080715105212752e-8,2.714868677903095e-6,3.65707327855159e-5,8.757858592572032e-5,8.981042492780024e-6,1.6870261165700575e-9,5.332854257590784e-9,9.360534080125234e-8,2.810895660950354e-8,2.7157291834667916e-6,0.23898483932558934,8.219550593972422e-5,8.898067704497697e-6,1.6823281610849628e-9,5.308366275405044e-9,9.344581702397915e-8,2.8046277410916522e-8,0.793654135285887,8.304738210660104e-13,0.008080246734763376,8.55000365946707e-11,0.9743522173933029,1.311379571844613e-10
full_TAC,4,2,,108.29861132198683,32.76849122984559,3,3,LOCALLY_SOLVED,Solve_Succeeded,0.061176459,0.5233189572671155,9.983999491385223e6,108.29861221853756,32.76849151968285,503.57998767656926,1.5922526291542861e-16,1.5922526291542861e-16,9.868212983582421e-9,1.1927981331187038e-8,1.0000000056972702,0.4923910039765466,3.4300326172956246e-7,-6.479903185370493e-9,-4.054928727075226e-9,0.027140341875806922,1.7351356761531233e-8,-2.2423628151525586e-10,-6.97270320727337e-9,-4.323811459821893e-9,1.7635802285787807e-9,-4.093457353800013e-10,-3.953601268929011e-9,1.7552108636328964e-8,2.0302920103013537e-8,1.0765695207495655e-9,-4.647530458235293e-9,1.810583176078836e-8,2.1466578942095403e-8,1.2139433119044232e-9,-3.953600744719307e-9,0.1473399870756902,1.8301973181147014e-8,8.86168761199589e-10,-5.86811889381222e-9,-2.4152373724163378e-9,4.406405519051809e-9,-2.9290523853293704e-10,3.4303647232703454e-7,0.05222465941185378,3.293692293012038e-9,-9.10943214780025e-9,-3.952683522250749e-9,8.49697300176972e-9,1.41424819821399e-8,-1.8394399927033695e-9,0.11988953267901939,-9.467434101933109e-9,-8.763727162333807e-9,-9.868212983582421e-9,3.643293276093489e-8,-8.747475576880755e-9,-7.226946488668103e-9,-9.626244280557531e-9,0.8801101272199283,-9.084941808186585e-9,-8.088507844160982e-9,-9.775988499867021e-9,3.0043602737631853e-9,6.012727077224397e-9,5.986919481744766e-9,-1.9422383616052563e-9,-4.5054763634169163e-10,0.04132733876543327,5.398199881365272e-8,-3.331510468226658e-9,-7.74744800808152e-10,-6.583985632001519e-9,5.486694044467317e-9,-6.0817080685028754e-9,-4.3928902988100103e-10,2.6727074514410013e-8,6.316464032048656e-8,1.5994747165422114e-8,-5.163922731372546e-10,2.7570243817564095e-8,6.678491226429679e-8,1.8035729205437144e-8,-4.392889716354784e-10,0.22435861668343735,5.693947211912403e-8,1.3165935880679605e-8,-6.520132104235798e-10,-3.677747817088514e-9,1.3708817170383407e-8,-4.35173497248935e-9,0.7936507849134135,-1.1848872523939208e-15,0.013510273492939286,-1.6343784011230517e-14,0.9205297603923981,-2.0821254651571305e-13
full_TAC,4,3,,108.29861132198683,31.553544408909442,3,1,LOCALLY_SOLVED,Solve_Succeeded,0.050759666,0.5948117551339019,1.0108397797434857e7,108.29826729468799,31.55346781253121,503.58048989353927,1.5922526291542861e-16,1.5922526291542861e-16,8.230185811588328e-9,0.0,0.9999916225243713,0.49420354961925,0.0003450880023129826,2.9504931210563223e-5,2.1550694385087616e-5,0.018035227712047054,4.0312188045852804e-5,6.645959813715879e-7,1.517615004376548e-8,3.499272352049724e-9,3.009026167048128e-8,1.890324296653661e-9,2.1553963811655562e-5,1.0343221843130862e-5,1.9179008857247577e-5,5.486593259595345e-7,1.516166839007306e-8,3.500252521876485e-9,3.0064800402735156e-8,1.893377854330047e-9,2.155782559007506e-5,0.16394024241107127,1.8415462601741905e-5,5.44982888694304e-7,1.5104966217741043e-8,3.4786074682190433e-9,2.99958415181003e-8,1.8876900010820276e-9,0.09246909008027032,0.03510041938931345,1.961871187526507e-5,1.1670433894663356e-6,1.0351916900440423e-8,-4.845084042297931e-9,5.756364351995318e-9,-8.230185811588328e-9,0.16801496623859888,8.536857167823639e-7,1.9742245905792834e-6,1.6141800375652378e-7,1.0341910593288439e-8,-4.835782314025951e-9,5.781044807222675e-9,-8.223909657789862e-9,0.7394356375127643,1.6900247424533734e-6,2.824077772580047e-6,2.3056463309399752e-7,1.0302719866725215e-8,-4.80791564025597e-9,5.896764060909458e-9,-8.207047098766606e-9,2.3945215983430677e-6,0.02746273310698074,0.00012541569614265313,9.873997437520733e-6,1.6862388937517192e-9,5.328437445166625e-9,9.361414741927507e-8,2.808481812171153e-8,2.394884867961728e-6,1.574990598840381e-5,5.966802755588134e-5,8.15150998568451e-6,1.6846298211192281e-9,5.3299299764937385e-9,9.353493458628714e-8,2.813018526433212e-8,2.3953139544527833e-6,0.24963627821685852,5.729255031653037e-5,8.096888632029659e-6,1.6783295797490042e-9,5.296970462969907e-9,9.332039583408983e-8,2.8045680016075837e-8,0.7936528708715813,4.633900999148508e-13,0.018943819028050295,4.7751903533826175e-11,0.8666007094057767,7.299873466095151e-11
full_TAC,4,4,,108.29861132198683,30.3385975879733,3,2,LOCALLY_SOLVED,Solve_Succeeded,0.057932875,0.6509441770102299,1.020608752669444e7,108.2986014435375,30.338595149797968,503.5800038791159,1.5922526291542861e-16,1.5922526291542861e-16,8.282821847204792e-9,0.0,0.9999997248982245,0.49615101728590305,8.698145500621868e-6,8.652864404852531e-7,6.669562613989482e-7,8.383397712691355e-6,1.1902202448499965e-6,2.0424722846849846e-8,1.3342985164291858e-8,3.432693043471907e-9,2.8973259715423794e-8,1.510184596280303e-9,6.669553697899343e-7,1.2106776066727467e-7,3.382925778687627e-7,1.4854654759095549e-8,1.4583543321489046e-8,4.2072239871591e-9,3.037307846150241e-8,1.7514568498554898e-9,6.669554762995316e-7,0.18953137117273014,3.3314153707603343e-7,1.4261584078805236e-8,1.3741613671691794e-8,3.812738815998931e-9,2.9230649960475867e-8,1.6669263585136944e-9,0.2165727687873744,0.017993530667187094,5.531546730178302e-7,3.288183716808546e-8,1.0113578115205181e-8,-4.2300889137314115e-9,7.711233741717051e-9,-7.933529917851637e-9,0.2161481897363613,1.2117452036503211e-8,4.468167120762242e-8,-4.541267948869554e-9,1.1078781393169373e-8,-4.854126385481733e-9,4.7926211867628085e-9,-8.282821847204792e-9,0.5672764652741783,4.564373503485435e-8,6.400841087944894e-8,-2.5102108653065806e-9,1.04243402716401e-8,-4.49201454652456e-9,6.179126867242666e-9,-8.058676578372978e-9,7.410625126654977e-8,1.2765628335234563e-5,3.702907428422211e-6,3.034530251531977e-7,1.482553907143539e-9,5.227055316195858e-9,9.013903022576291e-8,2.2437028287593073e-8,7.410615219888156e-8,1.8435318101607733e-7,1.0524657978139284e-6,2.2069772784941957e-7,1.620393702387671e-9,6.406454707719538e-9,9.449402188022973e-8,2.602164462642442e-8,7.410616403328125e-8,0.2886045879221118,1.0364403375698817e-6,2.1188639202796348e-7,1.5268459635213097e-9,5.805761378907461e-9,9.093979987703604e-8,2.4765763040774888e-8,0.7936508453739566,1.2031396208833943e-14,0.024357796020424427,1.3367460127765722e-12,0.8127582322610805,1.8870080273662016e-12
full_TAC,4,5,,108.29861132198683,29.12365076703716,3,3,LOCALLY_SOLVED,Solve_Succeeded,0.05850325,0.6969265071644943,1.0286128333935376e7,108.29861229553507,29.12365102674149,503.5799875817528,3.1845052583085723e-16,3.1845052583085723e-16,9.909435648820383e-9,1.1232228680149486e-8,1.0000000069250365,0.49802969374638006,2.9220950669104447e-7,-5.732883079450881e-9,-6.085300761619362e-9,2.3007959630775904e-8,1.2443205220650007e-8,-4.449494861954706e-10,-7.653866805571155e-9,-4.818479735338366e-9,8.519156744299739e-10,-5.057267325781501e-10,-6.085300764540552e-9,1.49500161368924e-8,1.7732197152503865e-8,1.0089821115733669e-9,-6.391383422726855e-9,1.736116434342908e-8,2.3255286204200172e-8,1.773134031778859e-9,-6.085300732653341e-9,0.19705536160709203,1.6860237596437885e-8,9.019888347009934e-10,-7.137436125331833e-9,-4.26124319823621e-9,1.7179874601258731e-9,-4.804774875688277e-10,0.27689091902860524,0.0009126522001981422,1.6254836875685826e-9,-9.328003390251973e-9,-4.1524843733366935e-9,1.1257637882500815e-8,1.1875291595459117e-8,-2.1144215705486523e-9,0.26433666798928235,-9.664232139666107e-9,-9.219998820373384e-9,-9.909435648820383e-9,3.6060301714319726e-8,-9.159947109287144e-9,-8.117346723427995e-9,-9.643938864689154e-9,0.45877243118632993,-9.422129145179572e-9,-8.758923421334448e-9,-9.828647795530288e-9,6.336560553499923e-10,6.922067793770685e-9,5.266035438833974e-9,-6.338059753097923e-10,-6.761445290688177e-10,3.5034847619590575e-8,3.871219401980002e-8,-6.610678080618421e-9,-8.504296450634613e-10,-7.337230506083422e-9,2.6504043204488076e-9,-7.513654312589658e-9,-6.761445293933944e-10,2.2764797299358878e-8,5.516683558556757e-8,1.4990591371947163e-8,-7.101537136363169e-10,2.6436318432039734e-8,7.234977930195609e-8,2.6343705615000186e-8,-6.761445258503709e-10,0.3000615733562537,5.2454072522251184e-8,1.340097697270047e-8,-7.930484583702034e-10,-6.488711233677865e-9,5.3448498759471604e-9,-7.1385226724511545e-9,0.793650784240546,-9.6707105215159e-16,0.029787931775007125,-2.5920702140620494e-15,0.7588793225852879,-1.3198438910597022e-13
full_TAC,4,6,,108.29861132198683,27.908703946101014,3,2,LOCALLY_SOLVED,Solve_Succeeded,0.043525416,0.7620403535779455,1.0399495672678437e7,105.27102350655832,27.908704159562227,503.5799880492521,1.1278456123176193e-16,1.0154364620782725e-23,9.642073718488908e-9,8.78479656358276e-9,0.999999998325005,0.4921288230946163,6.08342070614302e-7,-2.2022892763443286e-9,1.420762783994267e-8,1.0271714952862932e-7,3.372733318077617e-8,-1.1963799733108567e-10,5.546152865984038e-9,1.6054976929226334e-8,2.1870859858271585e-8,-5.0217801299485464e-11,1.4207628192979666e-8,1.6779307096520883e-8,2.567267510565916e-8,9.371043306826627e-10,4.9296072070872635e-9,1.6681983638608577e-8,2.560526117364944e-8,9.29395261387247e-10,1.4207628541470514e-8,0.19507794339743179,2.53286213684367e-8,9.126132976863987e-10,4.77383054846763e-9,1.5881415773633464e-8,2.443988795261781e-8,8.313226393164711e-10,0.28011175557438606,-8.017372879896619e-9,-5.63981109756035e-9,-9.614079492322935e-9,3.186688578388107e-8,-7.085759263385995e-9,-3.6467953920456005e-9,-9.269417485217435e-9,0.32928416790225884,-8.858411032785121e-9,-7.296185311340587e-9,-9.642073718488908e-9,2.758041746427692e-8,-8.579128643347725e-9,-6.652687017352096e-9,-9.504327656342496e-9,0.39060392451272463,-8.516841852286957e-9,-6.878293459022598e-9,-9.556416553707903e-9,2.6585582031569606e-8,-8.07199245216358e-9,-5.527671514843537e-9,-9.173738667276796e-9,1.578625315549185e-9,1.564102049640492e-7,1.0492948100685919e-7,-1.7774788174904154e-9,6.162392073315596e-10,2.4447351233140095e-8,6.804267511462269e-8,-7.460930478780697e-10,1.5786253547755177e-9,2.5550308533338616e-8,7.987054477316183e-8,1.3922692912999557e-8,5.477341341208068e-10,2.5402111449699424e-8,7.966081254024269e-8,1.3808158169181955e-8,1.5786253934967231e-9,0.2970505047188166,7.880015536846972e-8,1.3558826137055064e-8,5.304256164964031e-10,2.4183064928032775e-8,7.603520696369985e-8,1.2351079212701854e-8,0.7936507856595455,5.657044823058857e-16,0.03710683096671497,4.603829581776245e-14,0.709472894697459,4.460351064264663e-14
full_TAC,4,7,,108.29861132198683,26.693757125164872,3,1,ALMOST_LOCALLY_SOLVED,Solved_To_Acceptable_Level,0.045062917,0.8198587871745793,1.0500181251483675e7,102.07131932532084,26.693504935720778,503.5823130407448,2.2556912246352386e-16,1.5922526291542861e-16,8.239445042823779e-9,0.0,0.9999566539187965,0.4855934496986861,0.001129296151213829,9.579793089309007e-5,0.00015125540031474542,0.012187543823518764,0.0001387661068825844,2.2033149546743415e-6,1.5235277026274323e-8,3.5020316751460266e-9,3.012313536944493e-8,1.902878802778428e-9,0.0001469419407605549,3.524173660040295e-5,6.427427483710281e-5,1.8306993467679282e-6,1.5205035729611593e-8,3.4929824023093716e-9,3.008366815516007e-8,1.901492048155959e-9,0.00014285012300495326,0.18025836034839796,6.361649492177242e-5,1.8280011157416725e-6,1.5196866252322457e-8,3.4899515879681886e-9,3.007399190027889e-8,1.900689963307091e-9,0.23671765933478497,7.272675113232368e-6,1.4949898544267222e-5,1.2531849569169735e-6,1.035997276086735e-8,-4.864805840566576e-9,5.6896924681380645e-9,-8.239445042823779e-9,0.3951185268687289,3.578923548277945e-6,8.414811211584878e-6,7.252703112059042e-7,1.0339153020037401e-8,-4.833462849017133e-9,5.810043334579721e-9,-8.221448051278283e-9,0.36763033323678534,5.149890187154987e-6,9.286843945648855e-6,7.988642131636116e-7,1.0333527807258937e-8,-4.811816308471976e-9,5.8949804445695415e-9,-8.209560502077793e-9,1.6806155590527263e-5,0.018558305367630843,0.0004317167769680404,3.273496504087593e-5,1.6928085584749239e-9,5.332639141699631e-9,9.371642114938423e-8,2.8271342212708074e-8,1.6326882306728315e-5,5.366355345970449e-5,0.00019996441060431982,2.719896172340922e-5,1.6894484144012874e-9,5.318859567152906e-9,9.359363426049799e-8,2.8250739001174245e-8,1.5872235889439245e-5,0.27448432143960594,0.00019791798420106975,2.715887371959056e-5,1.6885406947024945e-9,5.314244463497014e-9,9.35635303564232e-8,2.8238822311991062e-8,0.7936575079648363,1.2816818502613936e-12,0.044569585256993914,1.3186724666932075e-10,0.6601567908524628,2.039765949637313e-10
full_TAC,4,8,,108.29861132198683,25.47881030422873,3,3,LOCALLY_SOLVED,Solve_Succeeded,0.052729375,0.8675403742132389,1.058324084514196e7,98.87392085594956,25.478807470573617,503.5800141512309,4.776757887462858e-16,4.776757887462858e-16,8.306025920438786e-9,0.0,0.9999994646618703,0.47944764970425585,8.824505420059963e-6,9.298003931737464e-7,1.7153346799189859e-6,9.87362475971096e-7,1.3015081147362876e-6,2.4085955830825227e-8,1.5532168988017922e-8,3.9463340580475906e-9,3.0641666270663644e-8,1.6596762154174472e-9,1.7153376868050432e-6,1.1751275795297739e-7,3.3886643379164816e-7,1.547542905403529e-8,1.5452913600270543e-8,4.150357398215524e-9,3.029962396202812e-8,1.7911573649957384e-9,1.7153343210280031e-6,0.1900501584788709,3.433247557081358e-7,1.5393923644952122e-8,1.5222282265707594e-8,4.0498688227207955e-9,3.0007869614138864e-8,1.7687878030852184e-9,0.2801047587046702,6.039313895117295e-8,1.469928751239098e-7,4.6331929925003284e-9,1.1048841835472508e-8,-4.854413066329727e-9,5.3111957763028114e-9,-8.282684506688206e-9,0.46107158826751005,1.8173916005076627e-8,6.307590695631107e-8,-2.4928218447466494e-9,1.099180837070013e-8,-4.963376039759288e-9,4.54906062155333e-9,-8.306025920438786e-9,0.25881731569664584,4.9899708616507825e-8,7.055416452985328e-8,-1.704853852393596e-9,1.0825669141563198e-8,-4.866851049108764e-9,4.91186471121347e-9,-8.248873748418922e-9,1.9059274221322057e-7,1.5034837702287142e-6,4.049136356957339e-6,3.5784848662940335e-7,1.7257965542242128e-9,6.009190497481558e-9,9.532962839762022e-8,2.465804662905921e-8,1.905930763116714e-7,1.7893988142839737e-7,1.054251127351794e-6,2.2992066023138144e-7,1.71699040003006e-9,6.319862401828183e-9,9.426549677075417e-8,2.6611480851365253e-8,1.905927023364447e-7,0.28939455950191706,1.068121462203089e-6,2.287097227250029e-7,1.6913646961897322e-9,6.166845707324848e-9,9.33578165773209e-8,2.6279133074408955e-8,0.7936508551414416,1.3512591704382275e-14,0.051958189774517265,1.3858904662838383e-12,0.6111636623784671,2.1036081589764767e-12
full_TAC,4,9,,108.29861132198683,24.26386348329259,3,2,LOCALLY_SOLVED,Solve_Succeeded,0.058029917,0.9095264801915017,1.065639720095621e7,95.67546287585137,24.263863622537166,503.5799882474413,1.1278456123176193e-16,1.0253141930160176e-16,9.528681050526228e-9,5.730480312321636e-9,0.9999999916212682,0.4731090051793193,7.618858254401656e-7,1.1796587686156645e-8,2.809626474591803e-8,8.316168941307933e-8,5.2097300355911395e-8,-7.703536758853749e-11,9.51976015682619e-9,1.385298231756479e-8,2.663648246544847e-8,-1.0658957966298616e-11,2.8096267896865293e-8,1.594021198287815e-8,2.9444973373972294e-8,1.168494146882802e-9,8.199087613148604e-9,1.5120448051695175e-8,2.7967282607521708e-8,1.048422120720232e-9,2.8096262428112147e-8,0.18753858121961656,3.034411371192387e-8,1.2255103004094033e-9,7.898686886271065e-9,1.4257197214987795e-8,2.657603420558514e-8,9.090997316012656e-10,0.2801117865127145,-7.629466066906303e-9,-4.662232316086097e-9,-9.528681050526228e-9,2.7648567378106593e-8,-6.901941742898119e-9,-3.0817251473625383e-9,-9.16206489841175e-9,0.5269648364110046,-8.609702377914422e-9,-6.739764827485995e-9,-9.51067640312709e-9,2.2879329186568302e-8,-8.317651013162444e-9,-6.0996340397489815e-9,-9.335540022681013e-9,0.19292317417158522,-8.159935857746734e-9,-6.25474515406081e-9,-9.37787447838014e-9,2.1879923185632687e-8,-7.799441633314702e-9,-4.9926184810262606e-9,-8.900768192222021e-9,3.1218071939908905e-9,1.2663257251537077e-7,1.6208048999616877e-7,-1.144525461315414e-9,1.057751128536243e-9,2.1094313983564567e-8,8.286905655917301e-8,-1.583616612135794e-10,3.1218075440961428e-9,2.4272595519382635e-8,9.160658383013602e-8,1.7360484467973054e-8,9.110097347942891e-10,2.3024318624172197e-8,8.70093236678453e-8,1.557655722212916e-8,3.121806936456904e-9,0.28557011231168883,9.440390932598537e-8,1.8207581606082556e-8,8.776318762523402e-10,2.170982303191323e-8,8.268099530626487e-8,1.350662458379023e-8,0.7936507857413866,5.748348458849708e-16,0.05938334796231066,5.940803420891199e-14,0.5620113571758336,6.851762324623523e-14
full_TAC,4,10,,108.29861132198683,23.048916662356444,3,2,LOCALLY_SOLVED,Solve_Succeeded,0.06052775,0.9455122232014337,1.0719120154099133e7,92.47694833828409,23.048916872011738,503.5799876574898,2.2556912246352386e-16,1.5922526291542861e-16,9.863751919918097e-9,8.628167521479101e-9,1.000000003995684,0.46676914515284185,4.0133398680750977e-7,-3.5433698213285252e-9,-6.32073381001229e-11,2.9600476126549816e-8,1.1364221359653795e-8,-4.838118203657215e-10,-1.4590966784432235e-9,1.9220438115666435e-8,1.7243951884037848e-8,-3.988583300769027e-10,-6.320705030112932e-11,1.3410649971718663e-8,1.5507993223262665e-8,5.297017706693193e-10,-1.880852198401234e-9,1.7371700381750413e-8,2.4459606197587077e-8,1.6491458548500864e-9,-6.320778153670328e-11,0.1850255325479966,1.7419499110617277e-8,7.276053534746807e-10,-1.8935602475062286e-9,1.707678064422086e-8,2.3849017127555584e-8,1.4330930252787994e-9,0.2801120659964826,-9.308956550255292e-9,-8.461399655728118e-9,-9.863751919918097e-9,5.015819763115493e-8,-8.828753724155821e-9,-7.273806750884468e-9,-9.658698328961324e-9,0.5928583596354244,-9.56292476547915e-9,-8.956088443136137e-9,-9.84607558044547e-9,3.393886192118785e-8,-9.445033482075393e-9,-8.640813252023228e-9,-9.747213261759255e-9,0.12702946672629364,-9.468229298186146e-9,-8.780951079801e-9,-9.798208846167594e-9,3.356612519480798e-8,-9.240365904179128e-9,-8.135030610964702e-9,-9.445596137670928e-9,-7.02303756668032e-12,4.5073452283609945e-8,3.535535534114514e-8,-7.188061331147862e-9,-1.6212185316035812e-10,2.9267485312492072e-8,5.3647850305895517e-8,-5.925895189713982e-9,-7.0230055890143664e-12,2.0420762456935234e-8,4.824709002792829e-8,7.869854878515599e-9,-2.0898357760013704e-10,2.6452361944938127e-8,7.609655261471535e-8,2.450159555777271e-8,-7.023086837411472e-12,0.28174342456172213,5.419399723303152e-8,1.0810136680195256e-8,-2.1039558305624754e-10,2.6003279617336314e-8,7.419694217461735e-8,2.129166780414216e-8,0.7936507842298923,3.3008797239060666e-16,0.06680884151254063,3.8642638232973576e-14,0.5128575525784929,3.638083641009813e-14
full_TAC,4,11,,108.29861132198683,21.833969841420302,3,3,LOCALLY_SOLVED,Solve_Succeeded,0.219218292,0.849777774659989,1.0554233612853488e7,59.12850560516805,10.372919376399665,503.57998780856275,1.5922526291542861e-16,1.5922526291542861e-16,9.871063960261352e-9,0.0,0.9999999855267818,0.4006670877284543,1.0963109786501744e-6,1.1456335986253636e-6,2.7626812001125537e-8,9.026845845805359e-8,1.870515666994316e-7,2.927108836052337e-8,1.9139152190790077e-9,7.414783581756855e-9,2.0617494842661212e-8,7.851857664514583e-9,2.762681760323944e-8,0.158822888846007,2.8473660882302504e-8,1.142836668373889e-8,1.2376724060025515e-10,8.410539097073551e-9,1.4236804872618604e-8,9.14854573517919e-9,1.2843598915042854e-10,8.455126159341265e-9,1.4301000618457523e-8,9.161809443444049e-9,1.0066122199634078e-10,8.232726159415165e-9,1.4007179420869618e-8,9.102063616973589e-9,0.2801113406883149,-9.138275930687955e-9,-7.97135399400939e-9,-9.816016168052232e-9,6.740056131161391e-9,-8.881040581042436e-9,-7.51363627458913e-9,-9.740480926069068e-9,0.7198885641097711,-9.389538421881169e-9,-8.65914503613098e-9,-9.871063960261352e-9,3.369867338806523e-9,-9.320448939859452e-9,-8.503048686939424e-9,-9.845697983001907e-9,3.3781141487671093e-9,-9.366520804279162e-9,-8.595582708842434e-9,-9.856440012623647e-9,3.3290921767756673e-9,-9.14545037998705e-9,-8.162384809827206e-9,-9.804444751125033e-9,3.0696457779028364e-9,1.3745424356112702e-7,5.819382075093426e-7,4.3488474135634716e-7,2.1265724656433412e-10,1.1290693181311573e-8,6.414331728827932e-8,1.1665617101564522e-7,3.069646400359937e-9,0.24184394437914705,8.85847227449411e-8,1.6979287644412062e-7,1.3751915622250567e-11,1.2806957261452905e-8,4.429228182592454e-8,1.3592125092266224e-7,1.427066546115872e-11,1.2874851197178743e-8,4.4492001924090065e-8,1.361183117311687e-7,1.1184580221815638e-11,1.2536196651836728e-8,4.357789153159437e-8,1.3523065945217902e-7,0.7936507842747021,4.478564683903977e-16,0.14429200397930034,8.76454806095929e-14,2.5517963522991087e-13,1.1470935828778196e-13
full_TAC,4,12,,108.29861132198683,20.61902302048416,3,3,LOCALLY_SOLVED,Solve_Succeeded,0.213853667,0.8497777746599879,1.0554233612853486e7,59.128505605168044,10.3729193763996,503.57998780856275,3.1845052583085723e-16,3.1845052583085723e-16,9.871063960222258e-9,0.0,0.9999999855267818,0.400667087728455,1.0963109822973223e-6,1.1456335946307185e-6,2.7626812005165273e-8,9.026845852736247e-8,1.8705156750799138e-7,2.927108813459441e-8,1.9139152234032665e-9,7.414783593530115e-9,2.0617494876207396e-8,7.851857653993016e-9,2.7626817585243903e-8,0.15882288884600723,2.8473660890118997e-8,1.142836667877993e-8,1.2376724165627683e-10,8.410539100575448e-9,1.4236804885024159e-8,9.148545731676282e-9,1.284359902179102e-10,8.455126162849245e-9,1.4301000630906494e-8,9.161809439948114e-9,1.0066122301668107e-10,8.232726162885336e-9,1.4007179433107567e-8,9.102063613437223e-9,0.28011134068831584,-9.138275930625999e-9,-7.971353994209459e-9,-9.816016167979088e-9,6.7400561457697835e-9,-8.881040580793147e-9,-7.513636274063118e-9,-9.740480925910074e-9,0.7198885641097705,-9.389538421867218e-9,-8.659145036184599e-9,-9.871063960222258e-9,3.369867344372974e-9,-9.320448939822304e-9,-8.503048686872323e-9,-9.845697982943262e-9,3.378114154316037e-9,-9.366520804250434e-9,-8.595582708791202e-9,-9.856440012573693e-9,3.3290921823940633e-9,-9.145450379910031e-9,-8.162384809687225e-9,-9.80444475102659e-9,3.069645778351696e-9,1.3745424366666558e-7,5.81938210024862e-7,4.3488473799968837e-7,2.1265724704480727e-10,1.1290693199239038e-8,6.414331739264524e-8,1.1665617085932478e-7,3.0696463983604326e-9,0.24184394437914733,8.858472276925909e-8,1.6979287637044464e-7,1.375191573958631e-11,1.2806957266785341e-8,4.4292281864519596e-8,1.3592125087061903e-7,1.4270665579767796e-11,1.287485120252044e-8,4.4492001962820196e-8,1.3611831167922907e-7,1.1184580335186782e-11,1.2536196657120852e-8,4.3577891569667975e-8,1.3523065939963873e-7,0.7936507842747021,4.478564664738908e-16,0.1442920039793004,8.76454805836519e-14,2.5517963515109905e-13,1.1470935822651115e-13
full_TAC,4,13,,108.29861132198683,19.404076199548015,3,3,LOCALLY_SOLVED,Solve_Succeeded,0.2109115,0.8497777746599879,1.0554233612853486e7,59.12850560516803,10.372919376399505,503.57998780856275,1.5922526291542861e-16,1.5922526291542861e-16,9.8710639601706e-9,0.0,0.9999999855267818,0.40066708772845766,1.0963109814670105e-6,1.1456335890059645e-6,2.7626811968059006e-8,9.02684585272389e-8,1.8705156726619283e-7,2.9271087812340217e-8,1.91391523181347e-9,7.4147836115381515e-9,2.0617494898868472e-8,7.851857640795923e-9,2.762681754813666e-8,0.15882288884600823,2.847366088475336e-8,1.1428366672230075e-8,1.2376724412249885e-10,8.410539106035557e-9,1.4236804892422262e-8,9.14854572743767e-9,1.2843599268233693e-10,8.455126168320692e-9,1.4301000638341397e-8,9.161809435719869e-9,1.0066122548972691e-10,8.232726168291431e-9,1.4007179440357141e-8,9.102063609150508e-9,0.2801113406883192,-9.138275930559265e-9,-7.971353994007223e-9,-9.816016167883917e-9,6.740056170768688e-9,-8.88104058044503e-9,-7.513636273188547e-9,-9.740480925686282e-9,0.719888564109767,-9.389538421851336e-9,-8.65914503612427e-9,-9.8710639601706e-9,3.369867353892918e-9,-9.32044893977074e-9,-8.503048686667907e-9,-9.845697982866122e-9,3.3781141638406405e-9,-9.36652080420974e-9,-8.595582708619643e-9,-9.856440012507856e-9,3.329092191887696e-9,-9.145450379807212e-9,-8.162384809338787e-9,-9.804444750897782e-9,3.069645774228777e-9,1.3745424366647743e-7,5.819382092725998e-7,4.348847332119118e-7,2.1265724797927432e-10,1.1290693226660367e-8,6.414331746314635e-8,1.1665617066325371e-7,3.0696463942374055e-9,0.24184394437914888,8.8584722752566e-8,1.6979287627313251e-7,1.3751916013610978e-11,1.2806957275099595e-8,4.429228188753593e-8,1.3592125080764536e-7,1.427066585359299e-11,1.2874851210851963e-8,4.4492001985951005e-8,1.3611831161640945e-7,1.1184580609969651e-11,1.253619666535286e-8,4.357789159222221e-8,1.3523065933595038e-7,0.7936507842747021,4.478564662694124e-16,0.14429200397930034,8.764548052304758e-14,2.5517963505589447e-13,1.1470935817960376e-13
full_TAC,4,14,,108.29861132198683,18.189129378611874,3,3,LOCALLY_SOLVED,Solve_Succeeded,0.200252042,0.849777774659989,1.0554233612853488e7,59.12850560516803,10.372919376399373,503.57998780856263,1.5922526291542861e-16,1.5922526291542861e-16,9.871063960101276e-9,0.0,0.9999999855267819,0.4006670877284621,1.0963109760790328e-6,1.1456335811950122e-6,2.7626811886143452e-8,9.026845845768714e-8,1.8705156595044538e-7,2.9271087361906893e-8,1.9139152451407234e-9,7.414783637552256e-9,2.0617494913017655e-8,7.851857623613066e-9,2.7626817488246342e-8,0.15882288884601,2.8473660865679046e-8,1.1428366663441807e-8,1.2376724824240566e-10,8.410539113993325e-9,1.4236804895546515e-8,9.148545722044261e-9,1.284359967870549e-10,8.455126176296259e-9,1.4301000641499493e-8,9.161809430341221e-9,1.0066122965965127e-10,8.23272617616768e-9,1.4007179443337308e-8,9.102063603689551e-9,0.2801113406883254,-9.13827593048116e-9,-7.971353993382813e-9,-9.816016167757316e-9,6.740056208567446e-9,-8.881040579963487e-9,-7.51363627188033e-9,-9.740480925375581e-9,0.7198885641097608,-9.389538421831955e-9,-8.659145035944055e-9,-9.871063960101276e-9,3.3698673683071134e-9,-9.320448939699661e-9,-8.503048686305994e-9,-9.84569798276286e-9,3.378114178282017e-9,-9.366520804153062e-9,-8.595582708310823e-9,-9.856440012419628e-9,3.3290922061946774e-9,-9.145450379668433e-9,-8.16238480874749e-9,-9.804444750725874e-9,3.0696457651270493e-9,1.3745424356056904e-7,5.819382051791633e-7,4.3488472651975946e-7,2.1265724946008031e-10,1.1290693266272754e-8,6.414331750716603e-8,1.1665617040796553e-7,3.069646387582926e-9,0.24184394437915158,8.858472269322371e-8,1.6979287614256397e-7,1.3751916471378403e-11,1.2806957287217108e-8,4.4292281897255824e-8,1.3592125072751472e-7,1.4270666309672759e-11,1.2874851222996576e-8,4.44920019957762e-8,1.3611831153649811e-7,1.118458107329458e-11,1.2536196677346238e-8,4.357789160149384e-8,1.3523065925481619e-7,0.7936507842747021,4.47856454313501e-16,0.14429200397930037,8.76454804787657e-14,2.5517963491155867e-13,1.147093580840691e-13
full_TAC,4,15,,108.29861132198683,16.974182557675732,3,3,LOCALLY_SOLVED,Solve_Succeeded,0.181244917,0.8497777746599879,1.0554233612853486e7,59.12850560516804,10.372919376399219,503.57998780856286,1.0253141930160176e-16,1.0253141930160176e-16,9.871063960010245e-9,0.0,0.9999999855267819,0.4006670877284658,1.0963109788898204e-6,1.1456335715448815e-6,2.7626811852870688e-8,9.026845852684026e-8,1.8705156651551589e-7,2.9271086811964634e-8,1.9139152579328404e-9,7.414783667437802e-9,2.061749496936331e-8,7.851857599819766e-9,2.7626817432948246e-8,0.15882288884601137,2.847366086809638e-8,1.142836665189742e-8,1.2376725177851067e-10,8.410539122985179e-9,1.42368049153878e-8,9.14854571427983e-9,1.2843600033280985e-10,8.455126185305624e-9,1.4301000661421178e-8,9.161809422594187e-9,1.006612331669096e-10,8.23272618507352e-9,1.4007179462861682e-8,9.102063595843287e-9,0.2801113406883298,-9.138275930352113e-9,-7.971353993379418e-9,-9.816016167588485e-9,6.740056248288076e-9,-8.881040579364358e-9,-7.513636270475684e-9,-9.740480924991536e-9,0.7198885641097564,-9.389538421802036e-9,-8.65914503593698e-9,-9.871063960010245e-9,3.3698673834458454e-9,-9.320448939610666e-9,-8.503048686033334e-9,-9.845697982626655e-9,3.3781141934078426e-9,-9.366520804083418e-9,-8.595582708087071e-9,-9.85644001230348e-9,3.3290922213588767e-9,-9.145450379488038e-9,-8.162384808257133e-9,-9.804444750497923e-9,3.069645761430075e-9,1.3745424366587038e-7,5.819382069371606e-7,4.348847183491888e-7,2.1265725088142665e-10,1.1290693311780288e-8,6.414331768246362e-8,1.1665617005446508e-7,3.0696463814386925e-9,0.24184394437915363,8.85847227007443e-8,1.6979287597104732e-7,1.375191686427896e-11,1.2806957300909248e-8,4.4292281958984264e-8,1.3592125061215743e-7,1.4270666703645535e-11,1.2874851236715381e-8,4.4492002057754776e-8,1.3611831142139933e-7,1.1184581462989951e-11,1.2536196690907403e-8,4.3577891662236335e-8,1.352306591382431e-7,0.7936507842747021,4.478564656347294e-16,0.14429200397930037,8.764548042082254e-14,2.551796347479575e-13,1.14709357988804e-13
full_TAC,4,16,,108.29861132198683,15.759235736739589,3,2,ALMOST_LOCALLY_SOLVED,Solved_To_Acceptable_Level,0.148525916,0.8481346622006662,1.0551376002984792e7,59.15546994973649,10.373372327287555,503.57998849690847,2.2556912246352386e-16,5.126570965080088e-17,9.65844461378818e-9,0.0,0.999999952540569,0.4007204516945949,1.5766355483211035e-6,1.209036337138231e-6,7.655608972066105e-8,0.0793648398372126,2.733982877721533e-7,3.83551089311177e-8,7.491306037683168e-9,6.216132120919127e-9,2.640004634001952e-8,5.733105024407181e-9,1.3549167482644998e-7,0.07947929593574034,3.844383049992755e-8,1.1850724388387861e-8,3.879494309807487e-9,6.847775533231869e-9,1.8037343088660998e-8,8.001339697484816e-9,3.897858537408776e-9,6.930124287839157e-9,1.814201059070551e-8,8.034125668375773e-9,3.808251195271646e-9,6.550056269174615e-9,1.7680282304256998e-8,7.88455854121594e-9,2.1547828129807611e-7,-7.60683465426242e-9,-4.593090380190123e-9,-9.505947981659555e-9,8.414030488513868e-9,-7.681376115569033e-9,-4.647265637145408e-9,-9.384989697254072e-9,0.9999994587842147,-8.334150122365399e-9,-6.641966303075938e-9,-9.65844461378818e-9,4.372251813154485e-9,-8.43441003405317e-9,-6.62672031374743e-9,-9.606556061559096e-9,4.3923755838858115e-9,-8.524548815108046e-9,-6.800061933072208e-9,-9.632462956676192e-9,4.294221082837549e-9,-8.114802706060213e-9,-6.029416227418768e-9,-9.510234387947301e-9,8.506232191184557e-9,0.12085100611575553,8.505724508466991e-7,5.698473326908915e-7,8.323673375203516e-10,9.465473911399579e-9,8.213347750228295e-8,8.517756036262097e-8,1.5054630536272215e-8,0.12102529153851367,1.196030282219968e-7,1.7606790519890534e-7,4.310549233119428e-10,1.042729456196671e-8,5.611617849805643e-8,1.1887704693406011e-7,4.3309539304541936e-10,1.0552689256482353e-8,5.6441810726639366e-8,1.1936415278729717e-7,4.2313902169684944e-10,9.973949318970434e-9,5.50053227243551e-8,1.1714201261235111e-7,0.7936507853733797,6.25722002162192e-16,0.14430043489084296,1.072999135254613e-13,3.1794037168447166e-13,1.448045629240534e-13
full_TAC,4,17,,108.29861132198683,14.544288915803445,3,2,LOCALLY_SOLVED,Solve_Succeeded,0.119551291,0.8481428631487765,1.0551390207245661e7,59.15592114050441,10.374021575310229,503.5801247573329,2.2556912246352386e-16,1.5922526291542861e-16,8.25693902895389e-9,0.0,0.9999924448445496,0.40070426894364725,6.435842253229254e-5,3.1126547831476045e-5,8.162019859552778e-6,0.0793508756848405,1.387993103691744e-5,1.7947313283230165e-6,1.5207030146027357e-8,3.545387157038175e-9,3.016539008929396e-8,1.9370144050430942e-9,2.3939310828753943e-5,0.07948665056599827,1.429995202337553e-6,1.581744471923506e-7,1.50670941212152e-8,3.5722785574707722e-9,2.989246937433914e-8,1.980319100753005e-9,1.5139118510594192e-8,3.6007309503557048e-9,2.9981491335367115e-8,1.988278933420057e-9,1.4989413552017247e-8,3.541569077324527e-9,2.979664851310514e-8,1.971765971343012e-9,7.114370684012797e-6,2.925486965643529e-7,6.216045832174796e-7,4.835710631448561e-8,1.0377658053375593e-8,-4.900143734178926e-9,5.484374041671565e-9,-8.256622501970587e-9,0.9999495539981812,2.0059949727722336e-7,2.817679685250006e-7,1.8746059431469028e-8,1.0280899968529698e-8,-4.895751209623769e-9,5.361558652929179e-9,-8.239830709935078e-9,1.0330714859953158e-8,-4.923363761442426e-9,5.248915831216567e-9,-8.25693902895389e-9,1.0227139698292771e-8,-4.864817465113947e-9,5.488151248389388e-9,-8.220525711593805e-9,9.068910955058639e-7,0.12082974252009804,4.318200767040981e-5,2.6664579735084812e-5,1.689670016225261e-9,5.398657716399039e-9,9.384788027780343e-8,2.8778499732068823e-8,2.659923425417104e-6,0.12103649063458825,4.448873962827943e-6,2.3500203582863512e-6,1.6741215690239107e-9,5.439605985239585e-9,9.29987936090551e-8,2.9421883782616075e-8,1.6821242789549096e-9,5.482931219859824e-9,9.327575082114213e-8,2.9540144153669414e-8,1.665490394668582e-9,5.3928438222896204e-9,9.270068426299377e-8,2.9294808717096168e-8,0.7936510014235737,3.729954953619162e-14,0.14430090236837176,3.874018714858981e-12,1.236858836852524e-11,5.915417834718109e-12
full_TAC,4,18,,108.29861132198683,13.329342094867304,3,3,LOCALLY_SOLVED,Solve_Succeeded,0.094859083,0.8481348201160525,1.0551376276869325e7,59.15547502891076,10.37338065799242,503.5799913995362,2.2556912246352386e-16,5.126570965080088e-17,9.000311593707053e-9,0.0,0.999999794187231,0.40072025879850426,2.814179414981916e-6,1.5203869572673322e-6,2.758123526606825e-7,0.07936456952451544,5.171260715796901e-7,6.808500018060528e-8,1.3418239377693832e-8,4.83309177624386e-9,3.040211440771706e-8,3.0790469473736063e-9,6.276419913429158e-7,0.07947948910573013,6.311966714696974e-8,1.2960187199829558e-8,1.0030807450278482e-8,5.1725236296448145e-9,2.4462917235190578e-8,5.0657181127271655e-9,1.0099233014452741e-8,5.259623101769722e-9,2.4619628160672113e-8,5.125021457030932e-9,9.81355746414e-9,4.906839548211893e-9,2.3989297104649722e-8,4.88239903661821e-9,3.6447069441005406e-7,-1.212860219573056e-9,8.93532783117827e-9,-8.252919192327558e-9,1.0487929255350572e-8,-5.982911896112983e-9,5.007269802900964e-10,-8.74628625335275e-9,0.9999983441010761,-3.8833917653342766e-9,1.767754118829785e-10,-8.871916766563745e-9,7.74370516069494e-9,-6.682378890371616e-9,-2.2615635116710115e-9,-8.948171276070001e-9,7.799541095252478e-9,-6.793255435725723e-9,-2.5154554871125283e-9,-9.000311593707053e-9,7.566305601726752e-9,-6.352559363709118e-9,-1.5040338527519354e-9,-8.780351321290229e-9,3.064581696229804e-8,0.12085059450323941,1.6088366671368137e-6,1.0115485741118498e-6,1.4909154864104254e-9,7.3594806592804215e-9,9.458435593511973e-8,4.5745840360979283e-8,6.973799903810172e-8,0.12102558568372541,1.963722977905725e-7,1.92551352683182e-7,1.114534161142053e-9,7.876342799686421e-9,7.610685362059292e-8,7.526209767480359e-8,1.1221370016058596e-9,8.008971541331166e-9,7.6594398722091e-8,7.614317593303098e-8,1.0903952737933331e-9,7.471778402959016e-9,7.463336877002135e-8,7.253849997261338e-8,0.7936507899757241,1.3828584031327945e-15,0.14430044935420347,1.838249649541897e-13,5.644657054935275e-13,2.624942045977218e-13
full_TAC,4,19,,108.29861132198683,12.11439527393116,3,2,LOCALLY_SOLVED,Solve_Succeeded,0.069977042,0.8481498548276682,1.0551402308389282e7,59.15629984181244,10.37469736974408,503.58023342664603,4.5113824492704774e-17,5.126570965080088e-17,8.248830744973508e-9,0.0,0.9999865072127079,0.40068456299949906,0.00013037935370271322,6.367146340953075e-5,1.5604715449170846e-5,0.07933657858889205,2.8255008462315754e-5,3.6702461435610312e-6,1.5218441902240476e-8,3.5241068979344522e-9,3.014219583142456e-8,1.923326418995432e-9,4.264894437620354e-5,0.07949297547234344,2.925108132855662e-6,3.3057797838362976e-7,1.511129761112462e-8,3.528212394022223e-9,2.995347953758315e-8,1.944221731038777e-9,1.5180350998731562e-8,3.5550088330170243e-9,3.003811675586044e-8,1.951545355242967e-9,1.5050601230202573e-8,3.504642628951671e-9,2.987917171174243e-8,1.9377992796385334e-9,1.425130080906818e-5,5.319245877904623e-7,1.1379260535213027e-6,9.573855850213555e-8,1.0366632095424111e-8,-4.884633337557463e-9,5.5761087813631465e-9,-8.248830744973508e-9,0.9999074210830642,3.672243987103833e-7,5.408777628715122e-7,4.4028270875980254e-8,1.0292701833909504e-8,-4.869971842760505e-9,5.555895527291766e-9,-8.231916996390502e-9,1.0340356671092527e-8,-4.895186439611444e-9,5.4509543163890575e-9,-8.247652300925804e-9,1.025079164109264e-8,-4.8457388095405195e-9,5.6565184401299975e-9,-8.216824802642922e-9,1.7338572721300935e-6,0.12080797194217653,8.790447077164902e-5,5.452937127576388e-5,1.6909379891378302e-9,5.366253685491097e-9,9.377572036443196e-8,2.8575135367932136e-8,4.738771597355947e-6,0.12104612174197749,9.100336413328724e-6,4.91144425027107e-6,1.6790330679027354e-9,5.372505236352022e-9,9.318860300581425e-8,2.888558000400468e-8,1.6867056665257283e-9,5.413308904821378e-9,9.345191879601027e-8,2.8994388135038356e-8,1.6722890255780629e-9,5.336614912267317e-9,9.295742310319866e-8,2.8790160726058206e-8,0.7936511737242055,6.658059581641883e-14,0.14430127939617224,6.888317800311913e-12,2.1999660656314562e-11,1.0531211713585663e-11
full_TAC,4,20,,108.29861132198683,10.899448452995019,3,3,LOCALLY_SOLVED,Solve_Succeeded,0.074113334,0.8481347473211583,1.0551376150644636e7,59.15547191578613,10.373376629249906,503.5799899958132,5.126570965080088e-17,5.126570965080088e-17,9.248397415028436e-9,0.0,0.9999998711858487,0.4007203377445182,2.2915544841499306e-6,1.3660983392553882e-6,1.8664650758750608e-7,0.07936468767146983,4.1193821254722314e-7,5.501459255557762e-8,1.2060395951052832e-8,5.291419574454398e-9,2.9732006308396527e-8,3.738749089376235e-9,3.856192314577792e-7,0.07947940357686048,5.2389355057011244e-8,1.242335826539741e-8,7.96812290581336e-9,5.580272414473434e-9,2.2259345836869358e-8,6.180791862816822e-9,8.014753884960929e-9,5.6719015222771935e-9,2.2399224819772836e-8,6.237029538709812e-9,7.809628069296415e-9,5.283619466418446e-9,2.1815422048026377e-8,5.994313655779785e-9,3.027037512603316e-7,-4.305012019639602e-9,2.4962229426503406e-9,-8.850733119072077e-9,1.0150667059141361e-8,-6.4713552493866295e-9,-1.1858739657636266e-9,-8.943809461439976e-9,0.9999988630401357,-6.035796539640612e-9,-2.9036908004469106e-9,-9.2332252985972e-9,6.5674154872874585e-9,-7.286644431568293e-9,-3.927705035900391e-9,-9.202791878836799e-9,6.608391000827031e-9,-7.400636700350122e-9,-4.166312775669621e-9,-9.248397415028436e-9,6.428110518139917e-9,-6.923884670169389e-9,-3.1739300860585644e-9,-9.045658058780772e-9,2.073850084305622e-8,0.12085077440882903,1.2815855501469162e-6,8.173596608257247e-7,1.3400439945614253e-9,8.05738889746465e-9,9.249957518167808e-8,5.554712932787547e-8,4.284658127308657e-8,0.12102545544658298,1.6298910462181275e-7,1.8457560851447583e-7,8.853469895348174e-10,8.497232994766363e-9,6.925129815914911e-8,9.182890767613563e-8,8.90528209440103e-10,8.636759136194817e-9,6.968647721707103e-8,9.266443886083147e-8,8.677364521440457e-10,8.045511460228087e-9,6.787020192719317e-8,8.905837431444251e-8,0.7936507877500114,1.0122930472061544e-15,0.1443004429757924,1.4694378259688214e-13,4.456007071663202e-13,2.0579094453448896e-13
full_TAC,4,21,,108.29861132198683,9.684501632058875,3,1,LOCALLY_SOLVED,Solve_Succeeded,0.014649459,0.9930452983222856,1.0803714136519754e7,43.260124124480406,9.684501751113297,503.5799943016489,2.2556912246352386e-16,1.5922526291542861e-16,7.929020581100305e-9,4.899573355018034e-9,0.9999999805821495,0.3555671737396993,1.0733528100850966e-6,2.7055315251906167e-9,3.453325544533151e-8,2.7342992798416578e-8,3.991357235085296e-8,4.2679610686277386e-10,9.467590640481608e-9,4.049267693161327e-9,1.9561364379549216e-8,1.5817449962077992e-10,9.832843787632496e-8,0.09171796581279146,7.22588753058298e-8,6.470141380941793e-10,1.1286266363858535e-8,5.333056941362135e-9,2.1346518674344804e-8,1.8981971547979913e-10,1.1712311452177687e-8,5.639584679683467e-9,2.1754017783647112e-8,1.9669469975855848e-10,1.0208752116421634e-8,4.568757542417744e-9,2.030124023535166e-8,1.7172598699362513e-10,6.647112621560981e-8,0.07936493978669809,1.5047301308642208e-7,8.475827039591462e-9,1.2720730613578503e-8,-1.2531311306864882e-9,1.3309121960452266e-8,-7.3267312436599406e-9,0.9999996612306843,0.044822709116453474,7.58094534348734e-8,-3.537265176465672e-9,1.5352801653512456e-8,-2.1219606324700375e-9,1.0141646703682897e-8,-7.82359154008246e-9,1.598739838354753e-8,-2.3526863840183554e-9,9.396626684538614e-9,-7.929020581100305e-9,1.3778726241191175e-8,-1.5914939577910598e-9,1.19988612157613e-8,-7.541542872503672e-9,3.837028382814611e-9,4.1635920852134326e-8,1.2417555842487588e-7,6.3409707305326386e-9,1.0519545156090672e-9,6.165930350950203e-9,6.085757806970867e-8,2.350021137223016e-9,1.0925381986258323e-8,0.13966144794220517,2.2480538984035938e-7,9.612781480256376e-9,1.254029595984281e-9,8.120791251619614e-9,6.641139143129494e-8,2.8201786299855863e-9,1.3013679391308538e-9,8.587549398608915e-9,6.767916643801323e-8,2.9223212535557255e-9,1.1343057907135145e-9,6.956971712317928e-9,6.31594140655385e-8,2.5513575210481444e-9,0.7936508024334069,4.161437011596896e-13,0.1669953326233328,-4.4174145304463725e-11,-5.810877123162455e-11,-5.078891617300606e-11
full_TAC,5,1,,103.96488438728439,33.98343805078173,3,3,LOCALLY_SOLVED,Solve_Succeeded,0.062252291,0.5286350688059519,9.993243122634966e6,103.96487758013876,33.983433099773535,503.58000717383135,2.093680252700111e-16,1.5922526291542861e-16,8.228384644098565e-9,0.0,0.9999996851893983,0.47945755773395754,1.1184005589237997e-5,0.007495148756112371,2.8564796474990113e-7,1.7125903932333036e-7,4.5708633565611264e-7,2.0422637208842555e-8,1.235168705693852e-8,2.981104518342163e-9,2.8055802019815717e-8,1.5318076941351914e-9,6.614053244847762e-7,2.5259348974786844e-7,7.065821645615022e-7,2.3729758259512016e-8,1.413416976645375e-8,3.882914234594579e-9,3.033918422613103e-8,1.7789853098441106e-9,6.614093340161896e-7,0.16667255637857437,6.801787930685917e-7,2.2996210937741633e-8,1.309619757121115e-8,3.413832798195053e-9,2.891181885637569e-8,1.6719393630839621e-9,3.0015214459328903e-7,0.05898696224331164,3.038697367231157e-6,0.007494030885481186,9.34634767699413e-9,-3.996959720255358e-9,9.010890834808604e-9,-7.736075309141937e-9,0.10963169674106452,2.1595791345374534e-8,6.50533365894146e-8,-3.291651634703152e-9,1.0739237716279959e-8,-4.743036852898668e-9,5.503885841140011e-9,-8.228384644098565e-9,0.8903658271202441,8.81686175259554e-8,1.1929657699029715e-7,1.2798106297910743e-9,9.929606565565894e-9,-4.31772098250382e-9,7.25446059833832e-9,-7.950011260969354e-9,3.1738662749989e-8,2.607808098787076e-7,1.4220463775967947e-6,3.0342203853137504e-7,1.3724096729931686e-9,4.539409152930111e-9,8.728471739498222e-8,2.2758285741437128e-8,7.348948049830844e-8,3.8463099575243597e-7,2.1982556230802287e-6,3.5255640842703565e-7,1.5704633073837491e-9,5.912619402678108e-9,9.438857314796321e-8,2.6430638889112502e-8,7.348992600179882e-8,0.25379684721282914,2.1161118006578405e-6,3.4165799107501855e-7,1.455133063467905e-9,5.198336306342467e-9,8.994788088650214e-8,2.4840241965818863e-8,0.7936508884358121,2.0562175845616676e-14,0.012354632335944858,2.3740872462713118e-12,0.9721340160126035,3.2685047928746145e-12
full_TAC,5,2,,103.96488438728439,32.76849122984559,3,3,LOCALLY_SOLVED,Solve_Succeeded,0.053637,0.5791320090537748,1.008113391338321e7,103.96488535341072,32.768491542015845,503.57998751630726,3.1845052583085723e-16,3.1845052583085723e-16,9.94651760055207e-9,1.2847074960988632e-8,1.0000000082678495,0.481264052420711,1.4791727179542605e-7,-8.60002883289868e-9,-7.696814858873725e-9,0.004054473064161543,4.138837168150637e-9,-4.813721028305489e-10,-8.506280140882047e-9,-5.421539631520778e-9,-7.411445376971933e-10,-5.371864063659143e-10,-7.678120174929494e-9,1.571225472663293e-8,1.0991249658095716e-8,9.505581812741115e-10,-7.7812324257297e-9,1.8914500486940193e-8,1.6787662998326438e-8,2.0753894915455276e-9,-7.678120112578644e-9,0.15686400661948668,9.306719985113155e-9,6.728574226973235e-10,-8.135403278030251e-9,-4.984861360708545e-9,-3.211185091690303e-14,-5.089498675023666e-10,2.7582944697288775e-7,0.07531055702311393,-4.559595859591909e-9,-9.637281971312833e-9,-5.814279869078376e-9,1.6337964535231542e-8,8.368568613950573e-9,-2.8736712501440552e-9,0.14377616456345685,-9.784136987533168e-9,-9.49332010233502e-9,-9.94651760055207e-9,3.99241524120045e-8,-9.46680897027204e-9,-8.763061550192329e-9,-9.83398511884203e-9,0.8562235870546393,-9.637913111904966e-9,-9.19953489555049e-9,-9.90699436708523e-9,-5.384875307840077e-10,9.463394602213724e-9,5.1328992641341275e-9,-8.321407805071393e-10,-8.55201650985969e-10,0.006173856711336893,1.2876382300913093e-8,-7.151814099196725e-9,-9.451422378757826e-10,-8.255526257088456e-9,-2.3057830061690456e-9,-7.981055180293585e-9,-8.531244638810547e-10,2.3925478788281962e-8,3.419499893629778e-8,1.4122578693215367e-8,-8.645813806366329e-10,2.8801625741477116e-8,5.222828488368226e-8,3.083435816010498e-8,-8.531244569531824e-10,0.23886110098876379,2.895423995368537e-8,9.99673885150309e-9,-9.039336975589165e-10,-7.590584344715284e-9,-9.990353618592052e-14,-7.561540888606589e-9,0.7936507841184539,-1.3182251327431733e-15,0.016202040800192698,-2.4993664470558524e-14,0.9269252715300438,-2.0777740386898945e-13
full_TAC,5,3,,103.96488438728439,31.553544408909442,3,3,LOCALLY_SOLVED,Solve_Succeeded,0.05491575,0.6428183379760165,1.0191958354089472e7,103.96488534332792,31.553544705110085,503.5799875331297,2.2556912246352386e-16,1.5922526291542861e-16,9.936510345905433e-9,1.2189860394533524e-8,1.0000000079411735,0.4831364184951667,1.9771372160153557e-7,-8.033692836110708e-9,-7.292329009019276e-9,0.021093089900916726,6.323272995515286e-9,-4.79174804454455e-10,-8.255398898091555e-9,-5.217310278174466e-9,-2.437566825834193e-10,-5.307520039453858e-10,-7.265735418755868e-9,1.5495058250506953e-8,1.3647744750950536e-8,9.689567871354743e-10,-7.4126285633190106e-9,1.8412032374743436e-8,1.962771340284641e-8,1.986782479799914e-9,-7.265735359426507e-9,0.14732163617018884,1.203100834757332e-8,7.362801245789074e-10,-7.839915036055774e-9,-4.720858788460594e-9,5.721599116838409e-10,-5.04980217189561e-10,2.6809246802087557e-7,0.05827194106754131,-3.4809577545094608e-9,-9.578940670006928e-9,-5.183374154643374e-9,1.4624276165152227e-8,9.641586680496603e-9,-2.623033688482844e-9,0.19204011531972454,-9.753339319497193e-9,-9.421364388928061e-9,-9.936510345905433e-9,3.811142895660342e-8,-9.393733619185216e-9,-8.601238396565477e-9,-9.786579052325723e-9,0.8079596416920549,-9.585082608308185e-9,-9.08556888006981e-9,-9.886443078429096e-9,2.7747399167381467e-10,8.479981819135357e-9,5.055566467613906e-9,-7.449678034840055e-10,-8.102587787799192e-10,0.032119023258214106,1.9672404874936445e-8,-7.11916852332333e-9,-9.172665442323947e-10,-7.944540650856571e-9,-7.5835412359286e-10,-7.885458344331444e-9,-8.073039354173185e-10,2.3594747790544677e-8,4.2459650336290555e-8,1.4395929408869902e-8,-8.236253959243342e-10,2.8036503843359318e-8,6.106399725329993e-8,2.9517911128455863e-8,-8.073039288251671e-10,0.22433067325915118,3.742980374800588e-8,1.0939018993743766e-8,-8.711016706728635e-10,-7.188580427883177e-9,1.7800530585719494e-9,-7.502563226816334e-9,0.7936507841340232,-1.1325317741850086e-15,0.021640876506732083,-1.502322941192219e-14,0.8730512132858231,-1.7034795399272469e-13
full_TAC,5,4,,103.96488438728439,30.3385975879733,3,1,ALMOST_LOCALLY_SOLVED,Solved_To_Acceptable_Level,0.06418,0.6952205834326007,1.02831620968929e7,103.96448138394325,30.33849542528064,503.58059087574713,1.804552979708191e-16,6.441004273560965e-20,8.231519025434435e-9,0.0,0.9999895491903962,0.4849353566314173,0.0004119172471017764,3.785594965812053e-5,2.6317965213815645e-5,0.012089037977301861,5.126872387894219e-5,8.823084981414123e-7,1.518201363026459e-8,3.4976266096569517e-9,3.009150820571273e-8,1.8944599537763803e-9,2.6304616376170428e-5,1.0087539190685837e-5,2.1189560326780752e-5,6.929029674466091e-7,1.515919574143178e-8,3.4954259443050883e-9,3.0055813030887034e-8,1.896674769922924e-9,2.6290455016013983e-5,0.16381729055509298,2.058813594075459e-5,6.896815304902694e-7,1.510689822223259e-8,3.475477964513883e-9,2.999223702249453e-8,1.8914151822338737e-9,0.09210231965211907,0.04114322901425456,2.346146582443269e-5,1.4160925078791146e-6,1.0349056426065123e-8,-4.848688411167137e-9,5.7449473891423025e-9,-8.231519025434435e-9,0.2401729088121497,9.766555198277136e-7,2.2900281120143543e-6,1.9007924324114641e-7,1.033330099869069e-8,-4.836228489507369e-9,5.782958905768602e-9,-8.2232843158259e-9,0.6676265580969092,1.998503099796095e-6,3.253588111588211e-6,2.6959935783391064e-7,1.0297179048122697e-8,-4.81001456361204e-9,5.891694640101559e-9,-8.207448099365914e-9,2.9242183570906265e-6,0.018408307829073288,0.0001595026965122646,1.3108583400958123e-5,1.6868904033627316e-9,5.325931428341267e-9,9.361802552888405e-8,2.814626217039193e-8,2.9227351529078245e-6,1.536057104036252e-5,6.592307657220677e-5,1.0294558373492478e-5,1.6843550823813084e-9,5.322580415191839e-9,9.350697387387078e-8,2.8179168010283434e-8,2.9211616684459967e-6,0.24944905607252793,6.405197848234761e-5,1.0246697024426858e-5,1.6785442469147317e-9,5.2922050823279574e-9,9.330918184776075e-8,2.810102556461755e-8,0.7936529500498983,4.636674282169974e-13,0.027076216392727236,4.777225890323231e-11,0.8191108112165385,7.305523541580668e-11
full_TAC,5,5,,103.96488438728439,29.12365076703716,3,3,LOCALLY_SOLVED,Solve_Succeeded,0.062920125,0.7379222833899134,1.0357498544157319e7,103.96488515529495,29.123650980433002,503.5799878289684,2.2556912246352386e-16,1.5922526291542861e-16,9.778989605270602e-9,8.860855528487168e-9,1.000000002459303,0.48689629806010953,5.592264351770101e-7,3.9802668510739275e-9,2.700185530540419e-10,1.8726034581930075e-7,4.0071390311207026e-8,-1.919291210091367e-10,-5.718470904987366e-9,-3.6702576844836503e-9,3.846180428975407e-9,-3.794557272725439e-10,2.7001874225600917e-10,1.6383352628859202e-8,2.7734080147432997e-8,1.2770327938310274e-9,-1.8278150600100655e-9,1.5732355394000822e-8,2.7013668415096387e-8,1.1662787464239198e-9,2.7001897081908663e-10,0.183467852704959,2.6578747277105057e-8,1.168617745593033e-9,-4.0004353995609525e-9,-9.094048681386446e-10,7.561377183818758e-9,-2.563304601930327e-10,0.19520639236368287,0.024056419995507505,1.393443323026678e-8,-8.548819170157532e-9,-2.699543443893587e-9,4.013311848598222e-9,1.600197753852336e-8,-1.1810908231059516e-9,0.2883250121333111,-9.21225986725252e-9,-8.189532847617806e-9,-9.778989605270602e-9,2.9589750215819034e-8,-8.214269113824874e-9,-6.149745161974895e-9,-9.253988718774994e-9,0.5164685786869877,-8.605802751979673e-9,-7.222532947537747e-9,-9.588246861188312e-9,4.314742547243015e-9,2.523397286609927e-9,4.873899892626079e-9,-1.8182767544904764e-9,3.000206145044909e-11,2.8514643567938974e-7,1.246665476348663e-7,-2.851518369278602e-9,-6.35385656109707e-10,-5.588801474100102e-9,1.1965894667923488e-8,-5.637627948049223e-9,3.0002082472889895e-11,2.4947377866671965e-8,8.628380490312488e-8,1.8973058651203836e-8,-2.0309056222334052e-10,2.3956086622683067e-8,8.404252395807763e-8,1.7327569946869663e-8,3.000210786878739e-11,0.2793715029825512,8.268943597321573e-8,1.7362320791667915e-8,-4.4449282217343896e-10,-1.3847755946656635e-9,2.3524284571880578e-8,-3.808338265725056e-9,0.793650785040687,-6.46320587552309e-16,0.03249116702466413,1.3989902356447716e-14,0.7652831402027043,-9.930449934111104e-14
full_TAC,5,6,,103.96488438728439,27.908703946101014,3,2,LOCALLY_SOLVED,Solve_Succeeded,0.062438792,0.7736252824202086,1.0419665697297422e7,103.96488532318688,27.90870419112012,503.5799875754411,1.5922526291542861e-16,1.5922526291542861e-16,9.91046742481908e-9,1.0797894117547991e-8,1.0000000069062054,0.48877341276673986,3.0801507903160245e-7,-3.569191674678504e-9,-6.164450509671738e-9,2.978989141000614e-8,1.3604129385587667e-8,-4.735030795417052e-10,-7.639259963708602e-9,-4.815717118880116e-9,9.69023987862231e-10,-5.199308802377695e-10,-6.16445049342959e-9,1.4552719680223149e-8,1.8377658363358335e-8,1.0357185731849813e-9,-6.464868484291111e-9,1.702671788237498e-8,2.444569362612887e-8,1.8622524871627635e-9,-6.1644504831150065e-9,0.19098306904574033,1.790980139947939e-8,9.740205265222862e-10,-7.153895625473423e-9,-4.328366466942487e-9,1.7180345253084775e-9,-5.011858507522909e-10,0.2554940393312827,0.0069750947443686555,9.275327254333066e-10,-9.376855305451946e-9,-3.8684442203911755e-9,1.1000919756628103e-8,1.180788345764883e-8,-2.0437268654712733e-9,0.33651389256954395,-9.680974982552302e-9,-9.259850573602923e-9,-9.91046742481908e-9,3.504713160728794e-8,-9.205866646904504e-9,-8.226484951002982e-9,-9.60586082161699e-9,0.4079920869793759,-9.45324427459875e-9,-8.823395736432855e-9,-9.824250884911185e-9,1.0155105178515923e-9,6.7006416189405184e-9,4.933768815578641e-9,-5.063542543433788e-10,-6.849389455190818e-10,4.5361880101600246e-8,4.232395808849496e-8,-7.0349028960481896e-9,-8.488066626342888e-10,-7.333023794658358e-9,3.014741295571385e-9,-7.724687363532576e-9,-6.849389437143987e-10,2.2159823149430698e-8,5.717493713044816e-8,1.5387818801605432e-8,-7.183187204767899e-10,2.5927047684525537e-8,7.605326905906759e-8,2.766775123784677e-8,-6.849389425683337e-10,0.2908151278651046,5.5719382131713657e-8,1.4471162108331106e-8,-7.94877291719269e-10,-6.5909216655715145e-9,5.344996300959707e-9,-7.446189782605464e-9,0.7936507841629533,-8.586642155684819e-16,0.03792153939966301,3.4380128658559444e-15,0.7114029488804051,-1.0915547346962041e-13
full_TAC,5,7,,103.96488438728439,26.693757125164872,3,2,LOCALLY_SOLVED,Solve_Succeeded,0.062578833,0.8188026988601643,1.0498344891748818e7,102.07234645644334,26.69375006019812,503.58005491966685,1.804552979708191e-16,1.0253141930160176e-16,8.256845567837374e-9,0.0,0.9999987124128613,0.4857851438589785,2.3287497446513522e-5,2.3416760682231673e-6,4.243675408483851e-6,3.2518102689041098e-6,3.2734836679193554e-6,6.049343754137888e-8,1.537102052918798e-8,3.6830286440175347e-9,3.0348314493519944e-8,1.7920421610842949e-9,4.243687441263611e-6,4.0839761213532135e-7,1.0464387371014744e-6,4.016912743309397e-8,1.5315448140868305e-8,3.74436537709102e-9,3.018100349907263e-8,1.8402050322766535e-9,4.243680756466941e-6,0.19255965950787063,1.054750492978899e-6,4.029001922407751e-8,1.5194545647645615e-8,3.6959997846162298e-9,3.003217022582174e-8,1.828424814297507e-9,0.2800908273862816,1.777191579582341e-7,3.972292763205603e-7,2.6218587617774588e-8,1.0644315258591183e-8,-4.85315400796161e-9,5.565209128159584e-9,-8.255146077318236e-9,0.3951778123356441,7.037153969486053e-8,1.918324555137255e-7,8.27262630458831e-9,1.0605379198096335e-8,-4.879871752765844e-9,5.31596379225834e-9,-8.256845567837374e-9,0.32471584433771666,1.4389841339062584e-7,2.1385990850846244e-7,1.0228715446748126e-8,1.0520612797158194e-8,-4.832223687750391e-9,5.508823242437511e-9,-8.227789342099845e-9,4.7151948983153884e-7,4.9516201821948945e-6,1.0184171411304661e-5,8.987596434719148e-7,1.7078911699097749e-9,5.6082481624812466e-9,9.441697842428426e-8,2.662462639325238e-8,4.715208268070677e-7,6.218781821151483e-7,3.255587182093476e-6,5.967984647202532e-7,1.7017164600964775e-9,5.7016472787522335e-9,9.389645533044816e-8,2.734018905096742e-8,4.7152008405188216e-7,0.29321584515971205,3.2814459781565746e-6,5.985945713291515e-7,1.688282849738401e-9,5.627999672029258e-9,9.34334184803343e-8,2.7165168669562958e-8,0.7936509783013028,3.7058465107330806e-14,0.044533225151839315,3.805292420807444e-12,0.6603151067536794,5.8082896282099134e-12
full_TAC,5,8,,103.96488438728439,25.47881030422873,3,2,LOCALLY_SOLVED,Solve_Succeeded,0.0597985,0.8675369392854966,1.0583234871200338e7,98.8739757560422,25.478810313346504,503.5799895375992,2.2556912246352386e-16,1.5922526291542861e-16,8.923333337226567e-9,3.752334277516005e-10,0.9999999666208563,0.47944882743455264,1.3275544675522516e-6,5.874777443296097e-8,1.009517353188613e-7,1.550419425071466e-7,1.3443894078659635e-7,6.927088098161968e-10,1.4771038568761504e-8,8.686544291942141e-9,3.08099842939371e-8,3.9942407592152326e-10,1.0095175250658087e-7,2.0768431306744624e-8,4.9668873544792906e-8,2.0017695338103955e-9,1.3878909069694737e-8,1.0913429477399637e-8,3.013526555597521e-8,1.0038605431626889e-9,1.0095173224854609e-7,0.19005159567376564,4.98982743920172e-8,1.987617484181855e-9,1.3212009184257991e-8,1.0007724686136685e-8,2.8726604940307735e-8,9.287961865693072e-10,0.28011133240996605,-3.9607376011298706e-9,3.7093978018256304e-9,-8.78876855236781e-9,1.8039089206354698e-8,-5.4279921333665235e-9,1.0523518288341955e-9,-8.727521809090593e-9,0.4610713297013134,-6.829262781384565e-9,-2.4707303389740397e-9,-8.859964190518654e-9,1.6842248606666913e-8,-6.7932623937402744e-9,-2.633158357540303e-9,-8.923333337226567e-9,0.25881687064867615,-5.233252819764728e-9,-1.4958670180340745e-9,-8.59993531412606e-9,1.5960477542087694e-8,-6.166257885380042e-9,-1.2835163643243851e-9,-8.577503265749099e-9,1.1216859479873473e-8,2.3608659427224592e-7,4.182544824471887e-7,1.0291673745840638e-8,1.6412265076401665e-9,1.3227237899093714e-8,9.585328447002653e-8,5.934300556548344e-9,1.1216861389620092e-8,3.162465676254294e-8,1.545253843615779e-7,2.9740575930897297e-8,1.5421010077438591e-9,1.6618176704222173e-8,9.37541595074784e-8,1.491449949841709e-8,1.1216859138727339e-8,0.2893967479577794,1.552390758862757e-7,2.95303169078447e-8,1.4680010204731096e-9,1.5239035317526317e-8,8.937165981429071e-8,1.3799257629029708e-8,0.7936507893375553,1.2099808673742688e-15,0.051957864154792026,1.200999796123916e-13,0.6111651187387689,1.6190449746243305e-13
full_TAC,5,9,,103.96488438728439,24.26386348329259,3,1,LOCALLY_SOLVED,Solve_Succeeded,0.062376959,0.9099542483682274,1.0657141180282878e7,95.66781518800059,24.263520794652745,503.5827528073717,2.2556912246352386e-16,2.576401709424386e-19,8.239436599616483e-9,0.0,0.999939326865644,0.4728858684991623,0.0012637583583699301,0.00012356703331110061,0.00019024657609438778,0.0001836509893040743,0.00015746080810580474,2.917572932170174e-6,1.5234514349744964e-8,3.500750970241925e-9,3.0121274398433456e-8,1.9040290998938378e-9,0.00019026600671967896,3.1719047124909226e-5,6.880280738676763e-5,2.3214557774491626e-6,1.520352087565894e-8,3.4914171728315215e-9,3.008088704455505e-8,1.902564262217009e-9,0.0001901669272382154,0.18722808878179287,7.224591104964379e-5,2.3524290691140733e-6,1.519575148175209e-8,3.488538872603323e-9,3.007169651230569e-8,1.901801705722574e-9,0.27901325621627576,7.5693403026818534e-6,1.657697891541918e-5,1.4139129224720322e-6,1.0358164493205851e-8,-4.86518200565626e-9,5.6891365645308e-9,-8.239436599616483e-9,0.5269099717204142,3.901117010668976e-6,9.404089817348185e-6,8.225390065674729e-7,1.0336829397972443e-8,-4.833554514806675e-9,5.810699739951988e-9,-8.221259964922109e-9,0.1933819288537701,5.660457617900762e-6,1.0182937589951399e-5,8.85902214667561e-7,1.0331480283157578e-8,-4.8120575501216035e-9,5.895010201732767e-9,-8.209463461616932e-9,2.1138508454931963e-5,0.00027965037007665855,0.0004898780696625035,4.334679784938544e-5,1.6927238166383287e-9,5.33068897741384e-9,9.371063146179296e-8,2.828843234127987e-8,2.1140667413297653e-5,4.8299458122020855e-5,0.00021405317853661043,3.449020012210184e-5,1.689280097295437e-9,5.316476149538907e-9,9.358498191639347e-8,2.8266669038652705e-8,2.1129658582023925e-5,0.2850973170086391,0.00022476505659889176,3.495037474112337e-5,1.688416831305787e-9,5.312093283282331e-9,9.355638914939548e-8,2.8255339627878236e-8,0.7936576893630167,1.2817371738895784e-12,0.059426023407042956,1.3188313009040115e-10,0.561811686683357,2.0400329639320458e-10
full_TAC,5,10,,103.96488438728439,23.048916662356444,3,2,LOCALLY_SOLVED,Solve_Succeeded,0.068979625,0.9455235958947631,1.0719139933464477e7,92.47676146902349,23.048905290523493,503.58007346983914,1.5922526291542861e-16,1.5922526291542861e-16,8.254593126396536e-9,0.0,0.9999979179523514,0.46676507157420005,2.760637298908211e-5,3.3735604240687573e-6,6.1858333803878755e-6,2.6524969973540873e-6,4.1070850875726144e-6,9.412065745897464e-8,1.533283770082712e-8,3.625734570816322e-9,3.027051299783011e-8,1.8436016130618525e-9,6.185890603044032e-6,3.9319479462939155e-7,1.117832370411835e-6,5.490137155664714e-8,1.5241138509499263e-8,3.672425733299883e-9,3.0058664811551925e-8,1.8896821095836673e-9,6.185744739508029e-6,0.18502076162044281,1.1698585005810534e-6,5.60649921965417e-8,1.513829050744535e-8,3.631574789969666e-9,2.993223650976575e-8,1.8792223926667572e-9,0.2800895342106692,2.0039520730736425e-7,4.636528997299878e-7,3.248161859254305e-8,1.0556068346274595e-8,-4.869723766292261e-9,5.5419248876052066e-9,-8.254593126396536e-9,0.5928591003227314,7.863796710811901e-8,2.1972074214045427e-7,1.1197187561679405e-8,1.049217492883748e-8,-4.8830909171118066e-9,5.34634523184786e-9,-8.248427072857987e-9,0.12702858174915005,1.747532261286771e-7,2.4589056916646774e-7,1.3515576321161876e-8,1.0420458018227104e-8,-4.842537038828931e-9,5.511308288845666e-9,-8.22344297163088e-9,6.873148200430971e-7,4.039029518698269e-6,1.2777598050225912e-5,1.3983640536761944e-6,1.7036486334252353e-9,5.521004914652126e-9,9.417492932658255e-8,2.7390652536918947e-8,6.873211781160034e-7,5.987284372765734e-7,3.4777007079479305e-6,8.156775202701861e-7,1.6934598343888064e-9,5.592102821161185e-9,9.351584608038376e-8,2.8075277056671623e-8,6.873049710564474e-7,0.28173615974021965,3.6395597795854994e-6,8.329655983486194e-7,1.6820322786050383e-9,5.529897975635628e-9,9.312251358593789e-8,2.7919875548191817e-8,0.7936509854266528,3.713409389832045e-14,0.06681005739419053,3.827419341129562e-12,0.5128519246649135,5.843878660747184e-12
full_TAC,5,11,,103.96488438728439,21.833969841420302,3,3,LOCALLY_SOLVED,Solve_Succeeded,0.245617958,0.8497777746599879,1.0554233612853486e7,59.128505605168044,10.372919376399665,503.57998780856286,5.126570965080088e-17,5.126570965080088e-17,9.87106396026558e-9,0.0,0.9999999855267818,0.40066708772845433,1.0963109786241964e-6,1.1456335986104825e-6,2.762681196306255e-8,9.026845845715513e-8,1.870515666930217e-7,2.9271088359760227e-8,1.9139152154587612e-9,7.4147835811696745e-9,2.0617494841942055e-8,7.851857664323411e-9,2.7626817565175032e-8,0.15882288884600704,2.8473660882336375e-8,1.1428366683743283e-8,1.2376723833182513e-10,8.410539097060535e-9,1.423680487268471e-8,9.148545735192722e-9,1.2843598688598108e-10,8.455126159378802e-9,1.4301000618590926e-8,9.161809443470738e-9,1.0066121971066615e-10,8.232726159151329e-9,1.4007179420622424e-8,9.102063616921233e-9,0.2801113406883149,-9.138275930387847e-9,-7.971353993361162e-9,-9.816016167996164e-9,6.74005613219924e-9,-8.881040580126905e-9,-7.513636272778704e-9,-9.740480925856653e-9,0.7198885641097712,-9.389538421888183e-9,-8.659145036161251e-9,-9.87106396026558e-9,3.369867340098033e-9,-9.320448939749576e-9,-8.50304868673885e-9,-9.845697982980328e-9,3.3781141500708787e-9,-9.366520804219906e-9,-8.595582708739073e-9,-9.856440012613405e-9,3.3290921780108175e-9,-9.145450379627173e-9,-8.16238480917225e-9,-9.804444751046033e-9,3.069645773673616e-9,1.3745424355975893e-7,5.819382074894007e-7,4.34884741345009e-7,2.1265724616208446e-10,1.1290693180417457e-8,6.414331728604195e-8,1.1665617101280494e-7,3.069646396130558e-9,0.24184394437914705,8.85847227450465e-8,1.697928764441859e-7,1.3751915370202786e-11,1.2806957261433086e-8,4.42922818261302e-8,1.3592125092286328e-7,1.4270665209553449e-11,1.28748511972359e-8,4.4492001924505104e-8,1.3611831173156525e-7,1.118457996785179e-11,1.2536196651434978e-8,4.357789153082532e-8,1.3523065945140115e-7,0.7936507842747021,4.478564680654111e-16,0.14429200397930037,8.764548059047235e-14,2.551796352154352e-13,1.1470935823644618e-13
full_TAC,5,12,,103.96488438728439,20.61902302048416,3,3,LOCALLY_SOLVED,Solve_Succeeded,0.239544208,0.8497777746599879,1.0554233612853486e7,59.128505605168044,10.372919376399592,503.57998780856286,1.5922526291542861e-16,1.5922526291542861e-16,9.871063960224876e-9,0.0,0.9999999855267818,0.40066708772845644,1.0963109779716587e-6,1.1456335941784114e-6,2.762681193382651e-8,9.026845845708621e-8,1.870515665028601e-7,2.9271088105839837e-8,1.913915222084969e-9,7.41478359535688e-9,2.061749485983715e-8,7.85185765392279e-9,2.7626817535929324e-8,0.15882288884600784,2.8473660878112745e-8,1.1428366678582166e-8,1.237672402746919e-10,8.41053910136273e-9,1.4236804878516713e-8,9.148545731852713e-9,1.2843598882742448e-10,8.45512616368995e-9,1.4301000624451939e-8,9.161809440138886e-9,1.0066122165890847e-10,8.232726163410994e-9,1.4007179426337388e-8,9.102063613543307e-9,0.28011134068831756,-9.138275930335257e-9,-7.97135399320193e-9,-9.816016167921173e-9,6.740056151880769e-9,-8.88104057985255e-9,-7.513636272089945e-9,-9.740480925680313e-9,0.7198885641097686,-9.389538421875668e-9,-8.659145036113748e-9,-9.871063960224876e-9,3.369867347598923e-9,-9.320448939708945e-9,-8.503048686577807e-9,-9.845697982919543e-9,3.3781141575754356e-9,-9.366520804187842e-9,-8.595582708603916e-9,-9.856440012561527e-9,3.3290921854909787e-9,-9.145450379546156e-9,-8.162384808897734e-9,-9.804444750944534e-9,3.0696457704251667e-9,1.3745424355965398e-7,5.819382068977868e-7,4.348847375724775e-7,2.126572468983298e-10,1.1290693202020703e-8,6.414331734171557e-8,1.1665617085828146e-7,3.069646392881035e-9,0.24184394437914827,8.858472273190631e-8,1.697928763675064e-7,1.3751915586076875e-11,1.2806957267984158e-8,4.429228184427421e-8,1.3592125087324025e-7,1.4270665425269383e-11,1.2874851203800605e-8,4.449200194273937e-8,1.3611831168206343e-7,1.118458018432316e-11,1.2536196657921286e-8,4.3577891548605204e-8,1.3523065940121482e-7,0.7936507842747021,4.478564679043054e-16,0.1442920039793004,8.764548057127671e-14,2.551796351183342e-13,1.1470935817561213e-13
full_TAC,5,13,,103.96488438728439,19.404076199548015,3,3,LOCALLY_SOLVED,Solve_Succeeded,0.253690292,0.8497777746599879,1.0554233612853486e7,59.12850560516803,10.372919376399507,503.57998780856275,3.1845052583085723e-16,3.1845052583085723e-16,9.87106396017483e-9,0.0,0.9999999855267818,0.40066708772845766,1.0963109814409708e-6,1.1456335889910368e-6,2.7626811929993686e-8,9.026845852633168e-8,1.8705156725975127e-7,2.9271087811574046e-8,1.9139152281938255e-9,7.414783610948328e-9,2.0617494898166057e-8,7.851857640604752e-9,2.7626817510073068e-8,0.15882288884600823,2.8473660884787252e-8,1.1428366672234471e-8,1.2376724185410734e-10,8.410539106022534e-9,1.4236804892488313e-8,9.148545727451205e-9,1.2843599041789692e-10,8.455126168358228e-9,1.4301000638474783e-8,9.161809435746557e-9,1.0066122320405901e-10,8.232726168027592e-9,1.4007179440109935e-8,9.102063609098148e-9,0.2801113406883193,-9.13827593025916e-9,-7.971353993358998e-9,-9.816016167827851e-9,6.740056171796586e-9,-8.881040579529457e-9,-7.513636271378408e-9,-9.740480925473853e-9,0.7198885641097672,-9.38953842185835e-9,-8.65914503615454e-9,-9.87106396017483e-9,3.369867355184478e-9,-9.320448939660863e-9,-8.503048686467333e-9,-9.845697982844541e-9,3.37811416514441e-9,-9.366520804150486e-9,-8.595582708516282e-9,-9.856440012497614e-9,3.329092193122891e-9,-9.145450379447338e-9,-8.162384808683832e-9,-9.804444750818781e-9,3.0696457699992973e-9,1.3745424366509595e-7,5.819382092525595e-7,4.3488473320052865e-7,2.1265724757709161e-10,1.1290693225762226e-8,6.414331746096105e-8,1.1665617066041345e-7,3.0696463900081174e-9,0.24184394437914886,8.858472275267144e-8,1.6979287627319784e-7,1.3751915761567476e-11,1.2806957275079764e-8,4.429228188774141e-8,1.3592125080784645e-7,1.4270665601988541e-11,1.287485121090912e-8,4.4492001986365985e-8,1.3611831161680597e-7,1.1184580356006554e-11,1.2536196664951104e-8,4.3577891591453127e-8,1.3523065933517245e-7,0.7936507842747021,4.478564659443863e-16,0.14429200397930037,8.764548052185359e-14,2.5517963502818407e-13,1.1470935812826805e-13
full_TAC,5,14,,103.96488438728439,18.189129378611874,3,3,LOCALLY_SOLVED,Solve_Succeeded,0.228801875,0.8497777746599879,1.0554233612853486e7,59.12850560516803,10.372919376399384,503.57998780856263,1.1278456123176193e-16,1.258008647179876e-22,9.871063960107116e-9,0.0,0.9999999855267819,0.40066708772846105,1.0963109803527753e-6,1.1456335816175885e-6,2.7626811881354427e-8,9.026845852617147e-8,1.8705156694277937e-7,2.9271087389137956e-8,1.91391523922113e-9,7.414783634553198e-9,2.061749492793514e-8,7.851857623299975e-9,2.7626817461430066e-8,0.15882288884600954,2.8473660877753335e-8,1.1428366663648394e-8,1.2376724508704934e-10,8.410539113180023e-9,1.4236804902186228e-8,9.148545721894917e-9,1.2843599364850376e-10,8.455126175530643e-9,1.430100064822093e-8,9.161809430203843e-9,1.0066122644596139e-10,8.232726175114346e-9,1.4007179449613167e-8,9.102063603478774e-9,0.2801113406883237,-9.13827593017168e-9,-7.971353993093888e-9,-9.816016167703094e-9,6.740056204548448e-9,-8.881040579073176e-9,-7.513636270233173e-9,-9.740480925180467e-9,0.7198885641097625,-9.389538421837532e-9,-8.659145036075452e-9,-9.871063960107116e-9,3.369867367664053e-9,-9.320448939593267e-9,-8.503048686199366e-9,-9.84569798274342e-9,3.378114177630028e-9,-9.366520804097143e-9,-8.595582708291388e-9,-9.856440012411311e-9,3.3290922055679334e-9,-9.145450379312555e-9,-8.16238480822707e-9,-9.804444750649929e-9,3.069645764594935e-9,1.37454243664852e-7,5.819382082664247e-7,4.3488472692433527e-7,2.126572488023477e-10,1.1290693261706004e-8,6.414331755357598e-8,1.166561704033139e-7,3.0696463846033396e-9,0.24184394437915085,8.858472273078814e-8,1.6979287614563328e-7,1.3751916120783256e-11,1.280695728597867e-8,4.42922819179127e-8,1.359212507252959e-7,1.4270665960944859e-11,1.2874851221830752e-8,4.4492002016687336e-8,1.3611831153445706e-7,1.1184580716217928e-11,1.2536196675742297e-8,4.357789162101873e-8,1.352306592516846e-7,0.7936507842747021,4.478564656763725e-16,0.14429200397930037,8.764548048213554e-14,2.5517963490062635e-13,1.147093580455314e-13
full_TAC,5,15,,103.96488438728439,16.974182557675732,3,2,ALMOST_LOCALLY_SOLVED,Solved_To_Acceptable_Level,0.074662917,0.8510627510541078,1.0556417034036182e7,59.20324400533379,11.063132576452215,503.5847741089648,1.1278456123176193e-16,6.595588376126429e-17,8.239494808653048e-9,0.0,0.9997369669649638,0.3256770748046559,0.33521370152198693,0.0238140821872617,0.0006788477368561271,0.0022330978014481447,0.0814187562015305,0.0014886166266995157,1.5230466069441033e-8,3.497889940635983e-9,3.011706053322817e-8,1.9072945599393242e-9,0.0006708717058720081,0.12685706410802192,0.00011029686135788721,1.2948471118586546e-5,1.5197812894512722e-8,3.4879262839744386e-9,3.0074635326161864e-8,1.905655260051863e-9,1.5312585354229787e-8,3.5316131509524345e-9,3.02142263784245e-8,1.917273360252447e-9,1.5190947222136193e-8,3.485391842058583e-9,3.0066540410519355e-8,1.9049818099060556e-9,0.1661852778403027,1.0452626758616584e-5,2.4909212110201333e-5,2.205843572381191e-6,1.0352252096843464e-8,-4.866245085822541e-9,5.68711582369731e-9,-8.239494808653048e-9,0.8320518917371242,7.334124877240502e-6,1.3277978968982295e-5,1.255908228310264e-6,1.0329780489116714e-8,-4.8339844196266505e-9,5.81137535174247e-9,-8.220918528835668e-9,1.0408738680688898e-8,-4.849026356080792e-9,5.737249402742961e-9,-8.23273688377491e-9,1.032505481537753e-8,-4.812822480866887e-9,5.894279591384344e-9,-8.2093263771479e-9,7.542752631734745e-5,0.0034003989249324017,0.25330279707142817,0.022116589882392804,1.6922740077156699e-9,5.326332409604792e-9,9.369752165893207e-8,2.8336947747669955e-8,7.454130065244531e-5,0.19316871125539697,0.0003431457908912047,0.00019237728519042865,1.6886458771680796e-9,5.311160477870168e-9,9.35655321258369e-8,2.8312592435056248e-8,1.7013983726921982e-9,5.3776836616775704e-9,9.399981539954287e-8,2.8485204209464924e-8,1.6878830246817988e-9,5.307301214043751e-9,9.354034794383799e-8,2.830258689003282e-8,0.7936583067760348,1.2819227333746334e-12,0.14432737969934828,1.3193636066723674e-10,4.2436988416592454e-10,2.0408851684880313e-10
full_TAC,5,16,,103.96488438728439,15.759235736739589,3,2,LOCALLY_SOLVED,Solve_Succeeded,0.148986,0.8481428631525276,1.0551390207251871e7,59.15592114046301,10.374021579686563,503.5801247571711,1.5922526291542861e-16,1.5922526291542861e-16,8.256939059834122e-9,0.0,0.9999924448427762,0.4007042688154381,6.435848996625157e-5,3.112681274572816e-5,8.162010827352999e-6,0.07935087563969973,1.3879949686312669e-5,1.7947481548774998e-6,1.5207030025587633e-8,3.5453871688085554e-9,3.016539014917788e-8,1.9370144901490435e-9,2.3939301076276407e-5,0.07948665056058098,1.4299932389791827e-6,1.5817433272839776e-7,1.5067093916195962e-8,3.5722786394126787e-9,2.989246920278173e-8,1.9803192542879184e-9,1.5139118316756397e-8,3.6007310381243397e-9,2.998149118033838e-8,1.9882790894638202e-9,1.498941329405727e-8,3.5415691368209403e-9,2.979664827354182e-8,1.9717661177142367e-9,7.11435941653763e-6,2.925483112939448e-7,6.216038291682681e-7,4.8357044547689414e-8,1.0377657989211481e-8,-4.900143793282329e-9,5.484373759999286e-9,-8.25662252460936e-9,0.9999495540285483,2.005992173534453e-7,2.817675624722299e-7,1.874602095649029e-8,1.028089984557267e-8,-4.895751303941169e-9,5.361558057000134e-9,-8.239830736433635e-9,1.0330714744904754e-8,-4.923363863196816e-9,5.2489152108608846e-9,-8.256939059834122e-9,1.0227139538493832e-8,-4.864817537429487e-9,5.488150737151066e-9,-8.220525724268835e-9,9.068900919281106e-7,0.12082974245136094,4.318206569075053e-5,2.6664829729608565e-5,1.6896700028430698e-9,5.398657734322118e-9,9.384788046410896e-8,2.8778500996500075e-8,2.6599223418084885e-6,0.12103649062633921,4.448867854601902e-6,2.350018657679052e-6,1.674121546243995e-9,5.4396061100147605e-9,9.299879307532091e-8,2.9421886063706215e-8,1.6821242574173768e-9,5.482931353507517e-9,9.327575033883052e-8,2.9540146472033894e-8,1.6654903660063627e-9,5.392843912886431e-9,9.270068351768566e-8,2.9294810891754365e-8,0.7936510014233085,3.7299501916587594e-14,0.14430090236796506,3.874013845545327e-12,1.2368572783723767e-11,5.915410366244636e-12
full_TAC,5,17,,103.96488438728439,14.544288915803445,3,3,LOCALLY_SOLVED,Solve_Succeeded,0.127495,0.8481348201158057,1.0551376276868897e7,59.15547502889936,10.373380657984493,503.57999139953097,4.5113824492704774e-17,5.126570965080088e-17,9.000312349566525e-9,0.0,0.9999997941874931,0.40072025879860074,2.8141777224478784e-6,1.5203867833770848e-6,2.7581205315076526e-7,0.07936456952484995,5.171257304030263e-7,6.808497908466405e-8,1.3418236053611738e-8,4.833092889893935e-9,3.04021129647198e-8,3.0790487005491685e-9,6.276411418610941e-7,0.07947948910544035,6.311963062885781e-8,1.2960185701535765e-8,1.0030801425202021e-8,5.172524485610591e-9,2.446291074712446e-8,5.065721557182073e-9,1.009922691592264e-8,5.259623971284243e-9,2.4619621619566537e-8,5.1250249099688905e-9,9.813551624792122e-9,4.906840313663395e-9,2.398929069892679e-8,4.882402411405853e-9,3.644704809893123e-7,-1.2128714799120779e-9,8.935304623141782e-9,-8.252921383655317e-9,1.0487928420308945e-8,-5.982913189687671e-9,5.007222488320049e-10,-8.746286787871226e-9,0.9999983441028633,-3.8833996016686755e-9,1.7676467784233345e-10,-8.87191804983081e-9,7.743701623218787e-9,-6.682380637989106e-9,-2.2615686388378727e-9,-8.948172043440573e-9,7.799537508147337e-9,-6.793257206537575e-9,-2.5154605926624176e-9,-9.000312349566525e-9,7.566302183390455e-9,-6.352560972536549e-9,-1.5040389040151256e-9,-8.780352086971242e-9,3.064578368341835e-8,0.12085059450374878,1.6088356056983037e-6,1.011548260686437e-6,1.4909151170679703e-9,7.359482355065764e-9,9.458435144579493e-8,4.574586640815907e-8,6.973790465123263e-8,0.12102558568328417,1.9637218417866872e-7,1.9255133042281706e-7,1.1145334916891133e-9,7.876344103088854e-9,7.610683343549832e-8,7.526214884956222e-8,1.122136323991404e-9,8.008972865364641e-9,7.659437837198479e-8,7.614322723382351e-8,1.090394624976902e-9,7.471779568532896e-9,7.463334884110557e-8,7.25385501123155e-8,0.793650789975716,1.3828570411330341e-15,0.14430044935418176,1.8382483336272976e-13,5.644652799836838e-13,2.6249400190642257e-13
full_TAC,5,18,,103.96488438728439,13.329342094867304,3,3,LOCALLY_SOLVED,Solve_Succeeded,0.122192833,0.8481346192339762,1.055137592842708e7,59.155470097175716,10.37337015379299,503.5799878046267,1.1278456123176193e-16,5.126570965080088e-17,9.872310151520994e-9,0.0,0.9999999895008466,0.40072054160427595,1.0751266419823554e-6,1.132954573873532e-6,1.9770996488237786e-8,0.07936493649552767,1.799807803641633e-7,2.8142861161517955e-8,1.2446095289823125e-9,7.590111958373077e-9,2.0942136057971127e-8,7.933061411744382e-9,3.189968312901689e-8,0.0794792311445383,2.9606024199274783e-8,1.1584917796871228e-8,-2.0153031707764103e-10,8.488012211753203e-9,1.4397044377517463e-8,9.178951108166526e-9,-1.9702915860174457e-10,8.53225123344857e-9,1.4461277712168125e-8,9.192092637907995e-9,-2.2387764619630392e-10,8.311373117624897e-9,1.4167042451168062e-8,9.13291784830818e-9,1.4531625830631119e-7,-9.131808227443683e-9,-7.993185618333759e-9,-9.817918645725956e-9,5.7158783446351644e-9,-8.888877714573281e-9,-7.528729524583241e-9,-9.742868269933943e-9,0.9999997714016404,-9.395663497444133e-9,-8.66839759584203e-9,-9.872310151520994e-9,2.998549149071507e-9,-9.326410437484105e-9,-8.51412479901755e-9,-9.847185832157621e-9,3.0065660825790203e-9,-9.372124872939056e-9,-8.606197073027676e-9,-9.857825726211706e-9,2.958785168937198e-9,-9.152689495630183e-9,-8.174866851699089e-9,-9.806320081103886e-9,2.1967773875819754e-9,0.12085115330000802,5.599402055773969e-7,4.1812250868540956e-7,1.3828994766470137e-10,1.155767048206809e-8,6.515331218035462e-8,1.1786262668877366e-7,3.544409236557431e-9,0.12102519287918331,9.210763084218821e-8,1.7211877869637254e-7,-2.2392257453071217e-11,1.2924927686078739e-8,4.479080473005432e-8,1.363729878927598e-7,-2.1892128733527164e-11,1.299229165093305e-8,4.499064177118973e-8,1.365682334774902e-7,-2.4875294021811538e-11,1.2655954520019728e-8,4.4075243181411744e-8,1.3568906517486438e-7,0.7936507842757128,4.502628216949454e-16,0.1443004303673174,8.823548789619284e-14,2.569255808690538e-13,1.1540412033258319e-13
full_TAC,5,19,,103.96488438728439,12.11439527393116,3,3,ALMOST_LOCALLY_SOLVED,Solved_To_Acceptable_Level,0.094316125,0.848134619233976,1.055137592842708e7,59.155470097175666,10.373370153791342,503.579987804627,1.5922526291542861e-16,1.5922526291542861e-16,9.872310150609857e-9,0.0,0.999999989500847,0.4007205416043216,1.0751266275758727e-6,1.1329544743117727e-6,1.977099607058111e-8,0.07936493649554452,1.799807761293219e-7,2.8142855465530852e-8,1.2446096742539009e-9,7.590112287187528e-9,2.094213647719659e-8,7.933061175456891e-9,3.1899682325118594e-8,0.07947923114453889,2.96060241012169e-8,1.1584917678638732e-8,-2.0153027242046253e-10,8.48801231024428e-9,1.4397044511974588e-8,9.178951032096121e-9,-1.97029113973972e-10,8.532251332139528e-9,1.4461277847280359e-8,9.192092562019945e-9,-2.2387760142865061e-10,8.311373215165533e-9,1.4167042582979193e-8,9.13291777139053e-9,1.4531625861582147e-7,-9.131808226225403e-9,-7.993185614821866e-9,-9.817918644068644e-9,5.715878760837075e-9,-8.888877708425123e-9,-7.528729509043336e-9,-9.74286826597871e-9,0.9999997714016408,-9.395663497164283e-9,-8.668397594758704e-9,-9.872310150609857e-9,2.9985493162410705e-9,-9.326410436575209e-9,-8.514124795404917e-9,-9.84718583079722e-9,3.0065662498301917e-9,-9.37212487222206e-9,-8.60619706999711e-9,-9.857825725050679e-9,2.9587853356400073e-9,-9.152689493815984e-9,-8.174866845531475e-9,-9.806320078832044e-9,2.1967773411756777e-9,0.12085115330003368,5.599401924023346e-7,4.1812242405931554e-7,1.3828996380598892e-10,1.1557670982762826e-8,6.515331348461162e-8,1.1786262317821666e-7,3.544409147235398e-9,0.12102519287918422,9.210763053711922e-8,1.7211877693977542e-7,-2.2392252491162494e-11,1.2924927836053789e-8,4.479080514836538e-8,1.3637298676257093e-7,-2.1892123774885765e-11,1.299229180121246e-8,4.499064219153889e-8,1.365682323500106e-7,-2.487528904762784e-11,1.2655954668547514e-8,4.407524359149083e-8,1.3568906403208784e-7,0.7936507842757128,4.502628180010095e-16,0.14430043036731746,8.82354872075196e-14,2.569255789966872e-13,1.154041192779726e-13
full_TAC,5,20,,103.96488438728439,10.899448452995019,3,3,LOCALLY_SOLVED,Solve_Succeeded,0.074527375,0.848134662200653,1.0551376002984772e7,59.15546994973408,10.373372327256957,503.57998849690864,1.5922526291542861e-16,1.5922526291542861e-16,9.658444569019465e-9,0.0,0.9999999525405942,0.40072045169541765,1.5766352469517635e-6,1.2090345060393803e-6,7.655606930265354e-8,0.0793648398375279,2.733982036609445e-7,3.8355003095621046e-8,7.491309261292915e-9,6.216135998368896e-9,2.640005204715504e-8,5.733101763117886e-9,1.354916218752587e-7,0.07947929593574188,3.844382871652687e-8,1.1850722085767736e-8,3.879495590006054e-9,6.8477772697209044e-9,1.8037345288529583e-8,8.001338337726967e-9,3.897859819013126e-9,6.930126036957156e-9,1.814201281141033e-8,8.034124316032248e-9,3.808252468350109e-9,6.550057953957559e-9,1.768028442558783e-8,7.884557148134775e-9,2.1547829736541892e-7,-7.606834584727318e-9,-4.593090200860908e-9,-9.505947903960148e-9,8.414035457033893e-9,-7.681375817351358e-9,-4.64726503428862e-9,-9.384989560196614e-9,0.9999994587842859,-8.334150106969505e-9,-6.6419662612440654e-9,-9.658444569019465e-9,4.372253996135498e-9,-8.434409972224772e-9,-6.62672014554631e-9,-9.606555999847359e-9,4.3923777708776054e-9,-8.524548763396103e-9,-6.800061787628335e-9,-9.632462903646307e-9,4.294223248476259e-9,-8.114802601738583e-9,-6.029415969301993e-9,-9.510234288302714e-9,8.506229922517056e-9,0.12085100611623564,8.505721891673829e-7,5.698457602777982e-7,8.323676956992124e-10,9.465479815698091e-9,8.213349525781567e-8,8.517751190918002e-8,1.5054624652806513e-8,0.12102529153851602,1.1960302267363915e-7,1.7606787098854922e-7,4.310550655562281e-10,1.042729720616592e-8,5.611618534209203e-8,1.188770267319435e-7,4.3309553544590267e-10,1.0552691919912034e-8,5.64418176354988e-8,1.1936413269533624e-7,4.2313916315001196e-10,9.973951884435373e-9,5.500532932405102e-8,1.1714199191514522e-7,0.7936507853733796,6.257219655389879e-16,0.14430043489084296,1.0729989883731536e-13,3.1794033364959436e-13,1.4480454065864477e-13
full_TAC,5,21,,103.96488438728439,9.684501632058875,3,2,LOCALLY_SOLVED,Solve_Succeeded,0.014367541,0.9930451530318193,1.0803713883817054e7,43.26012770946809,9.684501756346208,503.5799931812579,3.14502161794969e-23,5.126570965080088e-17,7.935105826983386e-9,5.114928912283554e-9,0.9999999822523582,0.35556720143808107,9.655871303335392e-7,1.790433117885134e-9,3.631005205888615e-8,3.27561830506882e-8,4.143974537728262e-8,4.585578232875504e-10,9.27053899991342e-9,4.254777623630431e-9,1.9439368678350254e-8,1.7374363221051965e-10,8.912214141262993e-8,0.09171797651466736,5.9230100966043896e-8,6.849716114068449e-10,1.1134482250272359e-8,5.830679132814977e-9,2.124507962954193e-8,2.3265939024032634e-10,1.1569865088940607e-8,6.185972641141305e-9,2.1692594210892706e-8,2.411976752974828e-10,9.977071315017343e-9,4.911342751672155e-9,2.0049414672061476e-8,2.0917650020993132e-10,8.079400223255063e-8,0.07936495088299078,1.217564343123416e-7,3.692078003601112e-9,1.3004635595043186e-8,-1.2540372926030473e-9,1.2668458960273667e-8,-7.337838883266146e-9,0.9999996560581476,0.04482268167097931,5.107027261008689e-8,-3.06915190298216e-9,1.58349886897059e-8,-2.352699736815819e-9,8.722919191265144e-9,-7.812371284602728e-9,1.6518341394944837e-8,-2.6168732551822424e-9,7.967256267097022e-9,-7.935105826983386e-9,1.405985283298054e-8,-1.718462887117546e-9,1.0672541129764179e-8,-7.46632501994509e-9,4.034450228765126e-9,4.987873328172976e-8,1.2892365228487923e-7,6.812859088843605e-9,1.0300598888792685e-9,6.478865926891792e-9,6.047803588820078e-8,2.5813339642705772e-9,9.902460156958879e-9,0.13966146423824347,1.8427142522769212e-7,1.0176721083758838e-8,1.2371646944747062e-9,8.878534134059167e-9,6.609580329190822e-8,3.4566537978562763e-9,1.2855405654378447e-9,9.419549249010623e-9,6.748807087833287e-8,3.5835083187054575e-9,1.108563479446371e-9,7.478635553682599e-9,6.237595675752458e-8,3.1077651459761224e-9,0.7936507978322258,5.994465318325944e-15,0.16699532013413046,-6.696508629422358e-13,-9.09845124283667e-13,-7.885142499031714e-13
full_TAC,6,1,,99.63115745258193,33.98343805078173,3,3,LOCALLY_SOLVED,Solve_Succeeded,0.083970417,0.631131148342196,1.0171549781796902e7,99.6311583636762,33.983438328202844,503.57998762414957,1.804552979708191e-16,1.5922526291542861e-16,9.893670918244076e-9,1.1417006515541603e-8,1.0000000064045114,0.46845367441290314,4.924177869434248e-7,0.020818441748426446,-8.073694967970548e-9,-5.292608647363456e-9,3.480435688742671e-10,-5.266939333792253e-10,-7.818643641472193e-9,-4.986760061553062e-9,1.1437332918943827e-9,-5.065745874018251e-10,-5.925716492646473e-9,1.6519865651363504e-8,2.62561011136684e-8,-5.0721658800821424e-11,-6.264362427702265e-9,1.5800170807328374e-8,2.6823400146860604e-8,-7.654956557443228e-11,-5.925716323204831e-9,0.17667193016816823,2.3717520602740367e-8,-8.893556623149268e-11,-7.872085629373172e-9,-5.2307277480648464e-9,3.3069520577284394e-10,-5.187263017149314e-10,-6.3503450948828736e-9,0.022758543899039613,1.6288703943899211e-7,0.020818500304070574,-5.310941179041495e-9,1.094811573959199e-8,1.824758775385358e-8,-2.576082957955381e-9,0.15862313080515394,-9.569444684977977e-9,-9.026651158410552e-9,-9.893670918244076e-9,3.484686528839743e-8,-7.338773335173715e-9,-5.481852234903965e-9,-8.49922982989653e-9,0.8413769044986343,-8.968288577889908e-9,-8.02853145805251e-9,-9.73411642946463e-9,-5.551278549451056e-9,6.4747539871518935e-9,1.0606719557168112e-8,1.8608158853506747e-10,-8.970772186633938e-10,-8.059199531212534e-9,1.0828022142754976e-9,-7.825167010205633e-9,-8.687381823857988e-10,-7.593475548273981e-9,3.5582813525603017e-9,-7.526251012827114e-9,-6.584129436273856e-10,2.5155249969121695e-8,8.168564790919058e-8,-7.53578930755061e-10,-6.960402697446959e-10,2.4059351002068206e-8,8.345057823467743e-8,-1.1373078313915652e-9,-6.584129248005366e-10,0.26902316639243795,7.378784187519223e-8,-1.3213284125821766e-9,-8.746761810414631e-10,-7.964971798189652e-9,1.0288295290710698e-9,-7.706790768336124e-9,0.7936507846254858,-2.519162771781634e-15,0.01787513798754771,-3.737543621354974e-14,0.9631273408996511,-3.069523892049868e-13
full_TAC,6,2,,99.63115745258193,32.76849122984559,3,2,LOCALLY_SOLVED,Solve_Succeeded,0.091357541,0.6640369642191223,1.0228853205520488e7,99.63115832250597,32.76849145687578,503.57998772867614,3.1845052583085723e-16,3.1845052583085723e-16,9.840540889040655e-9,1.0036673398132512e-8,1.0000000045648836,0.4702367328242383,5.867119094971874e-7,0.010984282154785292,-7.084208593073823e-9,-4.5006594673115525e-9,2.6344888630614483e-9,-4.4275565794479055e-10,-7.017599012621457e-9,-4.441603572964505e-9,2.6828478531451332e-9,-4.305523937348638e-10,-3.753663951195139e-9,1.7048225238864595e-8,3.165765948101692e-8,6.299520419829166e-10,-4.60817219112291e-9,1.3892566063040205e-8,2.732493133191108e-8,3.5481211995303824e-10,-3.753663634716327e-9,0.16677923824741075,2.9118290141436095e-8,5.211598818112024e-10,-7.175766605078087e-9,-4.804523901289244e-9,1.4157199780359581e-9,-4.5345700227090756e-10,-4.545413319473241e-9,0.049498169817556385,1.8706983600220862e-7,0.01098430840277371,-4.307266117512737e-9,6.711767614223561e-9,1.9042829454158697e-8,-1.7544961148794426e-9,0.18835843395421628,-9.372925445907277e-9,-8.588319644394472e-9,-9.840540889040655e-9,2.923408261157807e-8,-6.661680402470832e-9,-4.307098813044462e-9,-8.260969931927845e-9,0.8116415921903294,-8.481435426777664e-9,-7.209224446709157e-9,-9.595152357070286e-9,-4.857649550126612e-9,4.583749289964829e-9,1.0831032167363058e-8,3.622211789965602e-10,-7.871342881193133e-10,-6.8532769161335e-9,8.19618757396895e-9,-6.57808406089403e-9,-7.79733223624606e-10,-6.763350895195949e-9,8.346637765340413e-9,-6.3967784212036896e-9,-4.170737723550153e-10,2.5959797522816542e-8,9.849049616316375e-8,9.359287480889046e-9,-5.120191323469899e-10,2.1154589232356673e-8,8.50108974770567e-8,5.271494353587995e-9,-4.1707373719070284e-10,0.2539592946040118,9.059023599557895e-8,7.74294681548072e-9,-7.973074005642315e-10,-7.3159795769631664e-9,4.404462153889647e-9,-6.737075462310626e-9,0.7936507850044648,-2.173956461380902e-15,0.021225993340171754,-2.055076455548402e-14,0.9206221993208794,-2.4688083301792814e-13
full_TAC,6,3,,99.63115745258193,31.553544408909442,3,3,LOCALLY_SOLVED,Solve_Succeeded,0.070575042,0.6918612034694234,1.027732080676741e7,99.6311583141921,31.55354460402805,503.57998775335466,4.776757887462858e-16,4.776757887462858e-16,9.828322817906855e-9,9.940752938393927e-9,1.000000004053103,0.47201980024143714,6.184024474745405e-7,0.0011501242833093434,-6.864300392698331e-9,-4.335557335675445e-9,3.1722181614949475e-9,-4.121830705927662e-10,-6.835591050351916e-9,-4.321301506423738e-9,3.08143225214341e-9,-3.9901994125212095e-10,-3.2061005046235323e-9,1.6936091024700635e-8,3.290619753522968e-8,1.5195259079555381e-9,-4.265753467886998e-9,1.3014491805225698e-8,2.688777431847158e-8,7.942737313147162e-10,-3.206100201278761e-9,0.1568865466780558,3.048757049985134e-8,1.2946706253800335e-9,-7.021389436803883e-9,-4.718950128762525e-9,1.6560312153794948e-9,-4.2846217491043873e-10,-4.193615388845318e-9,0.07623780272114873,2.0532828392532393e-7,0.001150115328504343,-4.094258203449612e-9,5.740348596740645e-9,1.8552739307111178e-8,-1.5035132233364382e-9,0.2180937335922931,-9.33121091661521e-9,-8.497788083472814e-9,-9.828322817906855e-9,2.657328482763293e-8,-6.543388374452531e-9,-4.1477812959058314e-9,-8.147060006390631e-9,0.7819062917742765,-8.37148646716038e-9,-7.04198592217047e-9,-9.556911278687285e-9,-4.710838532444117e-9,4.183659988030721e-9,1.053394761530934e-8,4.2813180547056834e-10,-7.627000436331476e-10,-6.6018713975057896e-9,9.86912316909539e-9,-6.123862763092526e-9,-7.595101167057682e-10,-6.580163657508873e-9,9.586678117779496e-9,-5.92829627003151e-9,-3.562333894026146e-10,2.5789047696703236e-8,1.023748367762701e-7,2.2575813489625135e-8,-4.739726075429996e-10,1.9817521612502768e-8,8.365085343524491e-8,1.180063829381864e-8,-3.5623335569764e-10,0.23889542335067582,9.485021933287081e-8,1.9235106434217637e-8,-7.801543818670978e-10,-7.185674059706571e-9,5.152097114513983e-9,-6.3657237415265175e-9,0.7936507850252875,-2.006979651178956e-15,0.02457684741257476,-1.2624606963786846e-14,0.8781170613876023,-2.204322012706096e-13
full_TAC,6,4,,99.63115745258193,30.3385975879733,3,3,LOCALLY_SOLVED,Solve_Succeeded,0.071669916,0.7365776101528779,1.0355160432408627e7,99.6311581838102,30.338597821821164,503.57998780875954,2.093680252700111e-16,1.0253141930160176e-16,9.790055960816362e-9,9.623790099702731e-9,1.0000000030671075,0.4738817446947875,5.355048814041846e-7,6.801015652366557e-10,-5.805887502297679e-10,0.015045761211070149,3.717642022627348e-8,-1.9881563875994039e-10,-5.881621523722862e-9,-3.71413807730671e-9,3.61360973891737e-9,-3.8398424690476554e-10,-3.329573848231048e-10,1.676386269627073e-8,2.725545838396806e-8,1.2228994743707726e-9,-2.1962681103278005e-9,1.6179195591308262e-8,2.6636820915753645e-8,1.1350142486710236e-9,-3.329569365878479e-10,0.14730332442345628,2.5673883299174758e-8,1.083236860850375e-9,-4.195883581949469e-9,-8.558792051947859e-10,7.4088810407840405e-9,-2.5792024902247233e-10,3.5358573513383895e-7,0.06431922601437012,1.1398271759489984e-8,-8.67301417730734e-9,-2.862516432742103e-9,4.5223892894459165e-9,1.585169724603667e-8,-1.2690797076644798e-9,0.2641907162396292,-9.24259656729914e-9,-8.253433924376356e-9,-9.790055960816362e-9,3.0102282114417784e-8,-8.29067571261455e-9,-6.285843655608806e-9,-9.314236173247353e-9,0.7358089166047603,-8.671811759470338e-9,-7.328721277161368e-9,-9.616097443551353e-9,4.4197465151420435e-9,2.753112527651077e-9,4.866497546888921e-9,-1.8928120952841896e-9,-6.450986113664085e-11,0.02291059093503863,1.1565997403729526e-7,-2.953832347290543e-9,-6.535135026358733e-10,-5.655619344989763e-9,1.1242341409965151e-8,-5.704908811156515e-9,-3.699526498034496e-11,2.552679092386679e-8,8.479475941678952e-8,1.8168792190651475e-8,-2.440297900364222e-10,2.463650237767394e-8,8.2870109515678e-8,1.6863068837398062e-8,-3.699521517642753e-11,0.22430278946299023,7.987430359743257e-8,1.6093804789776996e-8,-4.662092868832742e-10,-1.3032706079102417e-9,2.3049852126883683e-8,-3.8319579854767316e-9,0.7936507850262313,-6.781893029500494e-16,0.029771487779736993,1.0132028426297784e-14,0.8255726317536742,-1.0942132358776887e-13
full_TAC,6,5,,99.63115745258193,29.12365076703716,3,3,LOCALLY_SOLVED,Solve_Succeeded,0.109886,0.7768347617957841,1.0425246325539086e7,99.63115816448911,29.123650975900958,503.5799878452676,1.1278456123176193e-16,1.0253141930160176e-16,9.767779777671531e-9,8.595594290453425e-9,1.0000000022319082,0.47575410786729766,5.917600756113656e-7,6.49457210576097e-9,4.6469336234365093e-10,0.032084376123312094,4.505404503859136e-8,-1.8483604827813203e-10,-5.625704511055642e-9,-3.593871431837387e-9,4.054196064788237e-9,-3.7625026711905026e-10,7.735748448545748e-10,1.661808056370948e-8,2.876040157496616e-8,1.3539286601203307e-9,-1.5660092498266718e-9,1.567955587025086e-8,2.7431627293232477e-8,1.1772840311721783e-9,7.735752449409233e-10,0.13776095488343967,2.735046700529018e-8,1.21684702732621e-9,-3.7919444214474506e-9,-5.330329481766078e-10,8.109921750806217e-9,-2.4513901873902025e-10,3.500576531748642e-7,0.047280608157964435,1.3832746587079062e-8,-8.545589288977824e-9,-2.6806456108551053e-9,3.77842696400207e-9,1.6024417810831142e-8,-1.1644795093489098e-9,0.31245467166591073,-9.186098739993791e-9,-8.128114453925408e-9,-9.767779777671531e-9,2.8403075864922502e-8,-8.184203540814527e-9,-6.081667382765958e-9,-9.216863304485705e-9,0.6875449602291624,-8.565224212903349e-9,-7.146095167386953e-9,-9.566207371049004e-9,4.525434674093343e-9,2.1232349261204023e-9,4.576080114871348e-9,-1.8935967395002403e-9,5.1632595815961206e-11,0.04885575455140706,1.40168140120062e-7,-2.7461355744179614e-9,-6.250782790061822e-10,-5.472486043934202e-9,1.2613054423785627e-8,-5.590003968625889e-9,8.595276053939716e-11,2.5304804494739432e-8,8.94768048998947e-8,2.0115511521787766e-8,-1.74001027758519e-10,2.3875687347881994e-8,8.534284046783436e-8,1.7491077034558073e-8,8.595280499343589e-11,0.20977236311796493,8.509034179423612e-8,1.8078870120275116e-8,-4.213271579386054e-10,-8.116638074507437e-10,2.5230867669174898e-8,-3.6420654212654435e-9,0.7936507850498318,-5.921293967831124e-16,0.035210324126143326,1.6045744703415336e-14,0.7716985688684431,-9.140297764899046e-14
full_TAC,6,6,,99.63115745258193,27.908703946101014,3,2,LOCALLY_SOLVED,Solve_Succeeded,0.063222292,0.8107720075427631,1.0484343194849253e7,99.63115834069879,27.908704189319973,503.5799875812604,3.1845052583085723e-16,3.1845052583085723e-16,9.906357444161294e-9,1.024657150368515e-8,1.0000000067921708,0.4776400638710128,3.2302977633352206e-7,-2.4319160206035416e-9,-5.997831505893782e-9,6.401619571900901e-8,1.5317901131300804e-8,-4.716916809864491e-10,-7.565698323172975e-9,-4.755749107225224e-9,1.1177001948163702e-9,-5.187883895616341e-10,-5.997831452631209e-9,1.4619960380170224e-8,1.899548653656667e-8,1.0768825285376779e-9,-6.328288160670651e-9,1.697380056401954e-8,2.4856068713455643e-8,1.8564405551434068e-9,-5.997831437698669e-9,0.17739570943188845,1.8433983501534914e-8,1.000628387020037e-9,-7.031484776975958e-9,-4.15431436279918e-9,2.0407680098825236e-9,-4.975276120302804e-10,0.17381003199886103,0.030118862096204603,6.800996059505196e-10,-9.383040292401011e-9,-3.7948827450390696e-9,1.0652677886915989e-8,1.1901414942161998e-8,-1.982387959684848e-9,0.3605022211676936,-9.671090094332082e-9,-9.236887629065589e-9,-9.906357444161294e-9,3.437540314468551e-8,-9.192037138857162e-9,-8.195566132763686e-9,-9.581303003928117e-9,0.46568776481425295,-9.438750354878496e-9,-8.793393200507564e-9,-9.815328490210932e-9,1.4741376573844447e-9,6.455195200828045e-9,4.6529310544568375e-9,-5.491788990210657e-10,-6.664257228770867e-10,9.74792071175819e-8,4.765569240849139e-8,-7.007990688941528e-9,-8.406331470192192e-10,-7.241708867820228e-9,3.4772894949842625e-9,-7.707713216344278e-9,-6.664257169590229e-10,2.2262212397077385e-8,5.9097069224874074e-8,1.5999397566845497e-8,-7.031431289634054e-10,2.584646904066611e-8,7.73299915529731e-8,2.7581402533559186e-8,-6.664257152998519e-10,0.2701252848167392,5.735017089366418e-8,1.4866478892869119e-8,-7.812760863306617e-10,-6.325887779716932e-9,6.349056030745628e-9,-7.391838807307022e-9,0.7936507841657341,-8.106405818130079e-16,0.040624769790125394,4.953912141418749e-15,0.7178067873595755,-1.0256951621786077e-13
full_TAC,6,7,,99.63115745258193,26.693757125164872,3,3,LOCALLY_SOLVED,Solve_Succeeded,0.065209417,0.8388389392346463,1.0533232788615916e7,99.63115833648033,26.693757348625503,503.57998759356053,1.5922526291542861e-16,1.5922526291542861e-16,9.899014953465083e-9,1.01979013421353e-8,1.0000000063995858,0.4795171236223654,3.537169581446332e-7,6.134949883464344e-9,-5.649938610407793e-9,3.2105291538923454e-8,1.8299258447074005e-8,-4.667427880917016e-10,-7.3944246187599885e-9,-4.669550921732497e-9,1.4638865411965921e-9,-5.145209729194111e-10,-5.649938568691086e-9,1.4351445928777449e-8,2.0053153143450185e-8,1.2500291376347777e-9,-6.0468709677546565e-9,1.6469648069279376e-8,2.553946842742791e-8,1.9536567830751434e-9,-5.649938577902215e-9,0.1849107787665637,1.997998305967621e-8,1.233203778140143e-9,-6.851811249362723e-9,-4.114720320982514e-9,2.290804880220612e-9,-4.951025023497699e-10,0.23409717577526082,0.01303753473268839,2.581640870872232e-9,-9.304519230419066e-9,-3.513272730030563e-9,9.782116706446993e-9,1.2264707569279977e-8,-1.8280051142031379e-9,0.408691121640114,-9.651988027497653e-9,-9.196370419869685e-9,-9.899014953465083e-9,3.321817770236051e-8,-9.138019441264638e-9,-8.101133928726612e-9,-9.512295635242641e-9,0.3572117192879737,-9.401614457825917e-9,-8.725721653563049e-9,-9.794906845629835e-9,1.3723572721521412e-9,6.0977445948512224e-9,4.651333877230974e-9,-4.717513860471864e-10,-6.277709567119767e-10,4.8887603025178885e-8,5.693102627978579e-8,-6.934464280219565e-9,-8.216027354177761e-10,-7.1104525399108474e-9,4.5543136837227305e-9,-7.644311597659822e-9,-6.27770952076787e-10,2.1853338118820203e-8,6.238758755740058e-8,1.8571861473430978e-8,-6.718745519727392e-10,2.5078782287311768e-8,7.945612399644239e-8,2.902575791997355e-8,-6.277709531002459e-10,0.2815686858490856,6.215994729677042e-8,1.832188470379641e-8,-7.613123610403022e-10,-6.265596852405192e-9,7.126948516241904e-9,-7.3558086063394394e-9,0.7936507841724594,-7.661017024346064e-16,0.0460551480524749,9.699747119289988e-15,0.6639265678207553,-9.040768279998376e-14
full_TAC,6,8,,99.63115745258193,25.47881030422873,3,1,LOCALLY_SOLVED,Solve_Succeeded,0.062456,0.8679647746210353,1.0583978953448525e7,98.8668484352204,25.478515204917986,503.58254102584306,2.093680252700111e-16,2.0506283860320352e-16,8.239434885143121e-9,0.0,0.9999479426243374,0.47923817568398636,0.001177783447808369,0.00010901813394273054,0.0001682458235934625,0.00020645227596430613,0.00014380350594213773,2.5343965060599107e-6,1.523493187856255e-8,3.5012955795079004e-9,3.01220531342098e-8,1.9035062970453103e-9,0.00016829072002461068,3.2639962952073546e-5,6.617623002094414e-5,2.0672477300496353e-6,1.520428052958506e-8,3.492091327242533e-9,3.008208468079646e-8,1.902077010465998e-9,0.00016827881879147739,0.18972265868706273,6.8027189724875e-5,2.0826632030495375e-6,1.519632847636865e-8,3.489143439231033e-9,3.007267248122129e-8,1.9012964006936742e-9,0.27897640243390953,7.280457695097288e-6,1.574817671135445e-5,1.3345076644848467e-6,1.0359020242986074e-8,-4.86500749712415e-9,5.689421954241388e-9,-8.239434885143121e-9,0.4610054720292517,3.742364610674252e-6,8.927796154448023e-6,7.757688426270487e-7,1.0337919584110102e-8,-4.833509611574621e-9,5.810433211664704e-9,-8.221339993574728e-9,0.2594050804674025,5.451091584100261e-6,9.801580898359998e-6,8.48014941809517e-7,1.0332444436311671e-8,-4.8119444825319746e-9,5.8950295556571704e-9,-8.209501921997742e-9,1.8693980399273604e-5,0.0003143705111274661,0.00044738868515331733,3.765389094717581e-5,1.6927702087291712e-9,5.33151826879612e-9,9.371305419531936e-8,2.8280664984673176e-8,1.8698968891623402e-5,4.9701761767930166e-5,0.00020588160450960398,3.071339484645172e-5,1.6893645032872282e-9,5.3175027028465844e-9,9.358870789581121e-8,2.8259429869780533e-8,1.869764653238637e-5,0.28889586663711825,0.0002116401458107222,3.09424247310217e-5,1.6884809418187383e-9,5.313013873374527e-9,9.35594254971329e-8,2.824783223887744e-8,0.7936576084079877,1.2817099710723915e-12,0.05199639574351095,1.3187574245005155e-10,0.6109874802376966,2.0399081269929894e-10
full_TAC,6,9,,99.63115745258193,24.26386348329259,3,3,LOCALLY_SOLVED,Solve_Succeeded,0.073840667,0.9095377598734862,1.0656416818215685e7,95.67528846770355,24.263853832284898,503.5800672272134,2.2556912246352386e-16,1.5922526291542861e-16,8.25454361686785e-9,0.0,0.9999982572917392,0.4731050050605074,2.6323026732411764e-5,2.9868593468784636e-6,5.444201187674443e-6,2.9026233399841524e-6,3.860009317302602e-6,8.113712760821477e-8,1.534137896039589e-8,3.6430505595079307e-9,3.0294009552893245e-8,1.828066952295179e-9,5.444237626110352e-6,3.995773689455969e-7,1.099353436466312e-6,4.96056119496242e-8,1.526001589875736e-8,3.693890255134376e-9,3.009480620835401e-8,1.8747456332515727e-9,5.444175108759706e-6,0.18753363871562745,1.132136911072556e-6,5.024224254585582e-8,1.515202351509681e-8,3.650893829669022e-9,2.99619673315288e-8,1.8639000959683545e-9,0.2800898512239817,1.9487567472542171e-7,4.447253885568968e-7,3.064227219019319e-8,1.0580340385856775e-8,-4.8643579509835985e-9,5.5504050103703585e-9,-8.25454361686785e-9,0.5269653182362692,7.638715097266085e-8,2.1154887058436834e-7,1.0294978435040575e-8,1.0523554113761381e-8,-4.881513863131206e-9,5.3395208713265795e-9,-8.250617520489895e-9,0.19292485809353332,1.6516969715333144e-7,2.3607602002270538e-7,1.2474846233246261e-8,1.0448126093937619e-8,-4.838938824453766e-9,5.5124636364232155e-9,-8.224463293844349e-9,6.049112430749378e-7,4.419903722248596e-6,1.2008917876052536e-5,1.2054658958934764e-6,1.7045976622662094e-9,5.547372442887077e-9,9.424802972011231e-8,2.7159851862671232e-8,6.049152917900389e-7,6.084473572580681e-7,3.4202106912285263e-6,7.369976632515594e-7,1.6955573220841504e-9,5.624787433954617e-9,9.36282859815458e-8,2.7853363694023362e-8,6.049083454177448e-7,0.28556258622606906,3.522203723336841e-6,7.464561749670007e-7,1.683558168344089e-9,5.5593156042687375e-9,9.321500947586738e-8,2.7692229997244123e-8,0.7936509830231377,3.710879738578832e-14,0.059384435034065326,3.820327390536801e-12,0.562006393353812,5.83259286551225e-12
full_TAC,6,10,,99.63115745258193,23.048916662356444,3,2,LOCALLY_SOLVED,Solve_Succeeded,0.052925042,0.9455124845868168,1.0719120608906612e7,92.47693387638347,23.04891656970506,503.579989897437,1.0468401263500556e-16,1.0253141930160176e-16,8.84359862915826e-9,0.0,0.9999999495426121,0.46676893400236286,1.4609516515386017e-6,1.1806827003503664e-7,1.3867765747745267e-7,1.338063440296561e-7,1.614725329958351e-7,1.088793770678939e-9,1.5843087196329257e-8,7.821606891473058e-9,3.14685744686548e-8,6.050002716784464e-10,1.3867770330723608e-7,2.0052301491537977e-8,5.134656848947579e-8,3.1107145460393597e-9,1.4323673111383017e-8,9.764818572953467e-9,2.9735424787683136e-8,1.4221963896023463e-9,1.3867758684714632e-7,0.18502535597375094,5.280612918589041e-8,3.1701469475418576e-9,1.3680177887449228e-8,8.988435559667243e-9,2.8466475658093766e-8,1.3181206762424499e-9,0.2801113309631226,-3.4443803474080975e-9,5.07032913920399e-9,-8.64680196724447e-9,1.6994858722820742e-8,-5.4749291125878335e-9,1.159824694191218e-9,-8.689848880519351e-9,0.5928584728140124,-6.5380451231273296e-9,-1.7987025332602824e-9,-8.720005858364704e-9,1.5253265502654424e-8,-6.652019276645723e-9,-2.3050259693532456e-9,-8.84359862915826e-9,0.12702958801519118,-4.646004200382718e-9,-7.558130439620067e-10,-8.426867114080848e-9,1.4524510786071536e-8,-6.087840470977979e-9,-1.079083711375558e-9,-8.513458772446727e-9,1.5408628608605848e-8,2.0375056931788544e-7,5.02358991542598e-7,1.6176364592944238e-8,1.7603430218143613e-9,1.191017413019761e-8,9.790223168025938e-8,8.988575464936918e-9,1.5408633700804006e-8,3.0534186362114645e-8,1.5974487974503574e-7,4.621633039829905e-8,1.5915192345981123e-9,1.4869155554270053e-8,9.251021045056975e-8,2.1129774931234857e-8,1.540862076079403e-8,0.28174315568730257,1.6428573524499238e-7,4.7099326077764733e-8,1.5200197652721358e-9,1.3686935965856936e-8,8.856236871406948e-8,1.9583507189887826e-8,0.7936507894817352,1.2335010967618364e-15,0.06680888317003536,1.3128882830807212e-13,0.5128573809591813,1.8043520273699766e-13
full_TAC,6,11,,99.63115745258193,21.833969841420302,3,1,ALMOST_LOCALLY_SOLVED,Solved_To_Acceptable_Level,0.057528834,0.8540676641820636,1.0561642828252649e7,59.18630089945134,11.055796624512555,503.5847634865579,1.5922526291542861e-16,1.5922526291542861e-16,8.23950042804569e-9,0.0,0.9997427077146749,0.29334980371020447,0.5249289450139208,0.013235222786081406,0.0006674949940791524,0.0014752793111851258,0.05797172196134054,0.0008212609859796001,1.523033092067088e-8,3.4978534016320097e-9,3.011750989815191e-8,1.907290397785595e-9,0.0006754541349279657,0.11480050039640131,0.06970340077677305,1.316960345955145e-5,1.5197683866663654e-8,3.487892011049184e-9,3.007509055887283e-8,1.905651689737736e-9,1.5312455804371277e-8,3.5315788366114014e-9,3.021468590572343e-8,1.9172698200942957e-9,1.5190815923698453e-8,3.485356697413547e-9,3.006699260307397e-8,1.9049780056426754e-9,0.2014815213777423,1.0381397696483646e-5,2.492796294312297e-5,2.192677406087764e-6,1.0352165293225133e-8,-4.866261557054801e-9,5.6871164401867716e-9,-8.23950042804569e-9,0.7967689115211168,7.3257237562207785e-6,1.6882936696699245e-5,1.25687777425815e-6,1.0329697859327379e-8,-4.834003033502291e-9,5.8113676398026874e-9,-8.22092549632e-9,1.040865582527551e-8,-4.849045206204371e-9,5.737240351189438e-9,-8.232743961893585e-9,1.0324970614698788e-8,-4.812840205588561e-9,5.894276171380592e-9,-8.20933279574039e-9,7.416611045323913e-5,0.002246448042031896,0.18035646832417054,0.012201591791696914,1.6922589911856527e-9,5.326276770666923e-9,9.369891968313927e-8,2.833688590995741e-8,7.505045943644061e-5,0.17480985287633835,0.21685502463884948,0.0001956626799704787,1.6886315407404053e-9,5.311108289552166e-9,9.356694840538211e-8,2.831253939038922e-8,1.7013839782634744e-9,5.3776314102946335e-9,9.400124504002845e-8,2.8485151612829534e-8,1.687868435966494e-9,5.3072476983342646e-9,9.354175476511902e-8,2.8302530369548313e-8,0.7936583087974572,1.2819249098554146e-12,0.14432238566192804,1.3193670345050544e-10,4.243708891355841e-10,2.0408905152235196e-10
full_TAC,6,12,,99.63115745258193,20.61902302048416,3,3,LOCALLY_SOLVED,Solve_Succeeded,0.169038833,0.8481428631880564,1.0551390207312904e7,59.1559211422546,10.374021589580593,503.5801247574305,1.5922526291542861e-16,1.5922526291542861e-16,8.256939029238205e-9,0.0,0.9999924448100391,0.400704268571369,6.435865281188381e-5,3.112738472214816e-5,8.162030714344778e-6,0.07935087552127924,1.3879985775486646e-5,1.7947836377386926e-6,1.5207029981313455e-8,3.5453870230187343e-9,3.016538993700269e-8,1.937014514294944e-9,2.393937875982101e-5,0.07948665058191862,1.4299963569443197e-6,1.5817490934521565e-7,1.506709400780473e-8,3.5722784098734965e-9,2.989246932354368e-8,1.9803191941273227e-9,1.513911839600995e-8,3.600730801614237e-9,2.998149128293488e-8,1.9882790271853113e-9,1.4989413443933037e-8,3.541568932565007e-9,2.9796648468991286e-8,1.971766064734867e-9,7.114372571942798e-6,2.9254881368191694e-7,6.216049485494397e-7,4.8357167166387054e-8,1.0377657821309602e-8,-4.900143757510104e-9,5.484374061294686e-9,-8.256622496553844e-9,0.9999495538742441,2.0059956119457928e-7,2.8176810072058263e-7,1.8746076767029804e-8,1.0280899772946227e-8,-4.895751232993319e-9,5.3615587274060805e-9,-8.239830710624617e-9,1.033071466302879e-8,-4.923363783849326e-9,5.248915907324443e-9,-8.256939029238205e-9,1.0227139506966124e-8,-4.864817490488875e-9,5.488151316955685e-9,-8.22052571339094e-9,9.06892301593864e-7,0.12082974227103883,4.3182177968180666e-5,2.6665356903546288e-5,1.6896699979237167e-9,5.398657512323982e-9,9.384787980400835e-8,2.8778501355239165e-8,2.6599309733134447e-6,0.1210364906588306,4.4488775549378836e-6,2.350027224557489e-6,1.6741215564227471e-9,5.439605760489187e-9,9.299879345102476e-8,2.942188516989165e-8,1.6821242662233272e-9,5.482930993367133e-9,9.327575065801961e-8,2.954014554675319e-8,1.6654903826592257e-9,5.39284360186035e-9,9.270068412575067e-8,2.9294810104632303e-8,0.7936510014237047,3.729956488977916e-14,0.14430090236909848,3.874020378745637e-12,1.2368593629605538e-11,5.915420354946007e-12
full_TAC,6,13,,99.63115745258193,19.404076199548015,3,2,LOCALLY_SOLVED,Solve_Succeeded,0.218845916,0.8497778376474943,1.0554233722122878e7,59.12850636213402,10.372922699750518,503.57998887209317,2.2556912246352386e-16,1.5922526291542861e-16,9.547724362567199e-9,0.0,0.9999999201400672,0.40066697499351284,1.798357974507178e-6,1.258474810077752e-6,1.6672954745297452e-7,1.3056641975606644e-7,3.182229799709198e-7,4.385108991985859e-8,9.715469999751871e-9,5.824237708032816e-9,2.7579675307265587e-8,4.961199818442652e-9,1.667296394905417e-7,0.15882280811079813,4.1193628313163445e-8,1.1832331586631249e-8,5.428251510452953e-9,6.320004920368717e-9,1.9254811635255042e-8,7.461917242272805e-9,5.4545668091750716e-9,6.4092011826951815e-9,1.937115710853459e-8,7.503061435016718e-9,5.330911735740741e-9,6.008988863684317e-9,1.8866616525680796e-8,7.317509794944231e-9,0.280110755228201,-6.922397551538055e-9,-2.78239371981224e-9,-9.339277740698854e-9,9.532541336878087e-9,-7.261757776227822e-9,-3.533009019932842e-9,-9.238749219079834e-9,0.7198887404965973,-7.758527931339093e-9,-5.660640043214911e-9,-9.547724362567199e-9,5.211039629658408e-9,-8.070503534157478e-9,-5.825059687748234e-9,-9.490808594224277e-9,5.2372892569175224e-9,-8.172340418849666e-9,-6.022959188639238e-9,-9.523253982293532e-9,5.113968420874587e-9,-7.720987445332908e-9,-5.1610913723977035e-9,-9.372402807020267e-9,1.8525505272552714e-8,1.9881704826491934e-7,9.90027048798417e-7,6.51501907380756e-7,1.0794966666390964e-9,8.86872560086815e-9,8.580343428927071e-8,7.370925444543367e-8,1.8525515498949073e-8,0.24184382144144256,1.2815795475206403e-7,1.7579464071566426e-7,6.031390567169946e-10,9.623643856015999e-9,5.990385842079345e-8,1.1086277045662451e-7,6.060629787972299e-10,9.759465437285844e-9,6.026582211544094e-8,1.1147405560596267e-7,5.923235261934154e-10,9.150051224246574e-9,5.869614030211802e-8,1.0871728838202857e-7,0.79365078594164,7.151849759755576e-16,0.14429201083597024,1.163213166546018e-13,3.471106966828485e-13,1.589045146787091e-13
full_TAC,6,14,,99.63115745258193,18.189129378611874,3,1,ALMOST_LOCALLY_SOLVED,Solved_To_Acceptable_Level,0.07615525,0.851084374062034,1.0556452132147303e7,59.20617639752222,11.0972452252315,503.5847734682822,1.5922526291542861e-16,1.5922526291542861e-16,8.239494825153291e-9,0.0,0.9997372828593463,0.32174193531105866,0.3529898428923292,0.024938656312232233,0.0006759883224492546,0.002392564041228337,0.08574265532588249,0.0015595307846869159,1.523046524243311e-8,3.4978909650604775e-9,3.01170585816494e-8,1.9072945051389924e-9,0.0006733072001057902,0.1251377210268633,0.00011032311174259533,1.2953381370498257e-5,1.519781240975003e-8,3.4879274355835733e-9,3.0074633796496886e-8,1.9056552400009133e-9,1.5312584922172257e-8,3.5316143332766854e-9,3.0214224905881e-8,1.917273345783627e-9,1.5190946564488213e-8,3.4853929273758114e-9,3.006653867151538e-8,1.904981772393325e-9,0.16011215655442865,1.0458666726985794e-5,2.491259855349271e-5,2.206150587315552e-6,1.0352251872998227e-8,-4.866244923346316e-9,5.687115579632055e-9,-8.239494825153291e-9,0.8381257999397984,7.332441141156761e-6,1.3278311202603674e-5,1.2559298199653143e-6,1.0329780499916016e-8,-4.8339843829704155e-9,5.811374563254054e-9,-8.22091862532767e-9,1.0408738730730612e-8,-4.849026342578085e-9,5.737248525363839e-9,-8.232736993039569e-9,1.0325054706996354e-8,-4.812822377483806e-9,5.894279076829224e-9,-8.209326433285785e-9,7.51098136054727e-5,0.003643222517324967,0.2667549276805233,0.023170171658205604,1.6922739158259005e-9,5.326333969523909e-9,9.369751558735369e-8,2.83369469334936e-8,7.481191112286555e-5,0.1905506206545418,0.000343227458754741,0.00019245023750454553,1.6886458233055582e-9,5.3111622314568035e-9,9.35655273668792e-8,2.8312592137156425e-8,1.7013983246858056e-9,5.377685462034952e-9,9.399981081829643e-8,2.8485203994499595e-8,1.687882951609801e-9,5.3073028666858945e-9,9.354034253360337e-8,2.830258633270083e-8,0.7936583069457824,1.2819227384890154e-12,0.14432829756519094,1.3193636568057143e-10,4.243699004316634e-10,2.0408852152885207e-10
full_TAC,6,15,,99.63115745258193,16.974182557675732,3,3,LOCALLY_SOLVED,Solve_Succeeded,0.142783167,0.8481428631591709,1.0551390207263187e7,59.15592114072752,10.374021582908187,503.5801247571797,3.1845052583085723e-16,3.1845052583085723e-16,8.256939060518039e-9,0.0,0.9999924448357553,0.40070426874763193,6.4358435724333e-5,3.1127008591878804e-5,8.162011878141165e-6,0.0793508756102994,1.3879936507702601e-5,1.7947604128134008e-6,1.5207029964509844e-8,3.5453871376510887e-9,3.0165390040230383e-8,1.9370145182751216e-9,2.3939310404063183e-5,0.07948665056309605,1.4299932167205693e-6,1.5817442446627073e-7,1.50670938755994e-8,3.572278615620309e-9,2.989246912039678e-8,1.9803192850427914e-9,1.5139118279501793e-8,3.6007310156172665e-9,2.998149110194031e-8,1.9882791207886206e-9,1.4989413243085054e-8,3.541569108964282e-9,2.9796648178490994e-8,1.9717661471102244e-9,7.114358987867736e-6,2.9254833473888135e-7,6.216038622020867e-7,4.835705717955767e-8,1.0377657930549566e-8,-4.900143791284326e-9,5.484373780730529e-9,-8.256622519260147e-9,0.9999495540104246,2.0059921223386252e-7,2.8176755926295624e-7,1.8746022029704362e-8,1.0280899801187635e-8,-4.895751310199207e-9,5.361558044466415e-9,-8.23983073621889e-9,1.0330714702767043e-8,-4.923363870850884e-9,5.248915192588435e-9,-8.256939060518039e-9,1.0227139486994017e-8,-4.864817539555767e-9,5.488150741679528e-9,-8.220525721405893e-9,9.068902086823511e-7,0.12082974240659225,4.318202469063031e-5,2.666501184751338e-5,1.6896699960566487e-9,5.398657686877793e-9,9.384788012516117e-8,2.8778501414373235e-8,2.6599233782292415e-6,0.12103649063016896,4.448867785352882e-6,2.350020020641736e-6,1.6741215417332658e-9,5.43960607378547e-9,9.29987928190122e-8,2.9421886520635756e-8,1.6821242532779764e-9,5.482931319235383e-9,9.327575009492542e-8,2.9540146937430933e-8,1.665490360342783e-9,5.392843870468338e-9,9.270068322197198e-8,2.929481132849476e-8,0.7936510014233173,3.7299502048684694e-14,0.1443009023680693,3.874013881831886e-12,1.2368572890614528e-11,5.9154104096808275e-12
full_TAC,6,16,,99.63115745258193,15.759235736739589,3,2,ALMOST_LOCALLY_SOLVED,Solved_To_Acceptable_Level,0.067321917,0.8510539843905974,1.0556403049748423e7,59.20226886204375,11.045809902546926,503.58477428682113,1.5922526291542861e-16,1.5922526291542861e-16,8.239494790004797e-9,0.0,0.9997368823790049,0.3270324757315088,0.3299494968574888,0.023041187602689098,0.0006797547426614034,0.0021901787536892574,0.08013828330858161,0.001439875241684122,1.5230466087506148e-8,3.4978894992350884e-9,3.0117060854774005e-8,1.9072946708301153e-9,0.0006700500340710759,0.12743725959912544,0.0001102877602433654,1.294877799036622e-5,1.5197812850998085e-8,3.4879258200873027e-9,3.007463557141039e-8,1.9056553645140464e-9,1.531258530050494e-8,3.531612679666237e-9,3.021422661366663e-8,1.9172734646308264e-9,1.5190947208386777e-8,3.4853913896797036e-9,3.006654069173111e-8,1.9049819173164764e-9,0.16823472980496343,1.0451050589843504e-5,2.4908416348644315e-5,2.2054965802749085e-6,1.035225205283829e-8,-4.8662451329258224e-9,5.687115955713664e-9,-8.239494790004797e-9,0.8300022603709447,7.3346912841917585e-6,1.3277863598988206e-5,1.2559097753922964e-6,1.03297804028551e-8,-4.8339844447878684e-9,5.811375581224185e-9,-8.22091849572642e-9,1.040873858699697e-8,-4.8490263771058735e-9,5.737249646809438e-9,-8.232736848663097e-9,1.0325054749628492e-8,-4.8128225180486925e-9,5.894279773234567e-9,-8.209326350971679e-9,7.552830474015589e-5,0.0033350449203904597,0.24931910362669832,0.021392432162164094,1.6922740097229047e-9,5.326331737471611e-9,9.369752265929688e-8,2.8336949395190284e-8,7.445000378567508e-5,0.1940521907532137,0.0003431174763126923,0.0001923818444282981,1.6886458723331197e-9,5.311159771496574e-9,9.35655328888323e-8,2.831259398706583e-8,1.70139836672277e-9,5.377682944037225e-9,9.399981613140728e-8,2.848520576022942e-8,1.687883023154086e-9,5.307300525194094e-9,9.3540348818719e-8,2.8302588485844787e-8,0.793658306701863,1.28192272590015e-12,0.14432707435754588,1.3193635829427864e-10,4.2436987716321737e-10,2.0408851378434615e-10
full_TAC,6,17,,99.63115745258193,14.544288915803445,3,2,LOCALLY_SOLVED,Solve_Succeeded,0.118028792,0.848142863137134,1.0551390207225513e7,59.15592113954053,10.374021574245964,503.58012475714776,4.5113824492704774e-17,0.0,8.256939053641478e-9,0.0,0.9999924448572441,0.40070426896367595,6.435834644826305e-5,3.112649868239713e-5,8.162006178396444e-6,0.07935087570514529,1.387991503166872e-5,1.7947284955248983e-6,1.520703000576592e-8,3.5453871912059735e-9,3.016539008634655e-8,1.9370144379929675e-9,2.3939263988045222e-5,0.07948665055386382,1.4299929705209003e-6,1.5817418680717916e-7,1.506709393552146e-8,3.572278677237368e-9,2.9892469188571995e-8,1.980319205333275e-9,1.513911834398316e-8,3.6007310792237142e-9,2.998149117570394e-8,1.9882790410904705e-9,1.4989413292205276e-8,3.541569166108326e-9,2.979664823337241e-8,1.9717660667379324e-9,7.114360155839135e-6,2.925483873791198e-7,6.216038922729783e-7,4.8357041765920825e-8,1.0377658038815562e-8,-4.900143749996149e-9,5.484373893465619e-9,-8.256622507939936e-9,0.9999495540886515,2.0059922288542286e-7,2.8176755426715756e-7,1.8746018598234728e-8,1.0280899921645003e-8,-4.895751275409742e-9,5.3615581275960895e-9,-8.239830728406587e-9,1.0330714826740716e-8,-4.9233638376584105e-9,5.2489152693974365e-9,-8.256939053641478e-9,1.0227139599581813e-8,-4.8648175008003285e-9,5.488150840932416e-9,-8.220525711146754e-9,9.068895753773823e-7,0.12082974255101668,4.318195787630268e-5,2.666453764779849e-5,1.6896700006406572e-9,5.398657768427277e-9,9.38478802686337e-8,2.8778500221609798e-8,2.6599182208939126e-6,0.12103649061611081,4.448867019398357e-6,2.3500164897066613e-6,1.6741215483912726e-9,5.4396061676114474e-9,9.299879303111286e-8,2.942188533638008e-8,1.6821242604425728e-9,5.4829314160906554e-9,9.327575032441226e-8,2.9540145753344127e-8,1.6654903658005858e-9,5.392843957483132e-9,9.270068339271415e-8,2.9294810134392134e-8,0.7936510014232848,3.729950140823141e-14,0.14430090236769405,3.874013773989702e-12,1.236857259007017e-11,5.915410250899601e-12
full_TAC,6,18,,99.63115745258193,13.329342094867304,3,2,LOCALLY_SOLVED,Solve_Succeeded,0.103790791,0.8481346192339762,1.055137592842708e7,59.15547009717571,10.373370153792989,503.5799878046269,1.5922526291542861e-16,1.5922526291542861e-16,9.872310151526035e-9,0.0,0.9999999895008466,0.40072054160427584,1.0751266419558414e-6,1.1329545738582003e-6,1.9770996460128653e-8,0.07936493649552764,1.7998078035785667e-7,2.8142861160812737e-8,1.24460952519068e-9,7.590111957605686e-9,2.0942136056994948e-8,7.93306141148917e-9,3.189968307633378e-8,0.0794792311445383,2.960602419931454e-8,1.1584917796876435e-8,-2.015303195967285e-10,8.488012211716334e-9,1.4397044377552077e-8,9.178951108174202e-9,-1.9702916111615424e-10,8.532251233472125e-9,1.4461277712283674e-8,9.192092637931352e-9,-2.238776487357871e-10,8.311373117288057e-9,1.4167042450825083e-8,9.132917848237284e-9,1.4531625834803722e-7,-9.131808227073226e-9,-7.993185617562426e-9,-9.817918645659195e-9,5.71587834594338e-9,-8.888877713476498e-9,-7.52872952241008e-9,-9.742868269680498e-9,0.9999997714016405,-9.395663497452488e-9,-8.668397595878316e-9,-9.872310151526035e-9,2.9985491506306465e-9,-9.326410437352947e-9,-8.514124798777828e-9,-9.847185832131896e-9,3.006566084152497e-9,-9.372124872868361e-9,-8.606197072904377e-9,-9.857825726199499e-9,2.9587851704303987e-9,-9.152689495200186e-9,-8.174866850914333e-9,-9.806320081009693e-9,2.1967773844587383e-9,0.120851153300008,5.599402055577763e-7,4.1812250867493203e-7,1.3828994724340885e-10,1.1557670480899568e-8,6.515331217731761e-8,1.1786262668498196e-7,3.544409230703752e-9,0.12102519287918331,9.21076308423119e-8,1.721187786964499e-7,-2.2392257732969824e-11,1.2924927686022598e-8,4.479080473016202e-8,1.3637298789287385e-7,-2.189212901290602e-11,1.2992291650968916e-8,4.4990641771549206e-8,1.365682334778372e-7,-2.487529430397633e-11,1.2655954519506814e-8,4.40752431803447e-8,1.3568906517381104e-7,0.7936507842757128,4.502628080654303e-16,0.14430043036731743,8.823548788950991e-14,2.5692558082261654e-13,1.1540412027227107e-13
full_TAC,6,19,,99.63115745258193,12.11439527393116,3,2,ALMOST_LOCALLY_SOLVED,Solved_To_Acceptable_Level,0.05436225,0.8498681098385096,1.05543710924277e7,59.20762743958808,10.6245672786905,503.58853881231306,1.5922526291542861e-16,1.5922526291542861e-16,8.23927019590356e-9,0.0,0.9995062504906648,0.367531686875388,0.16030777338585933,0.006247629688342344,0.0010416268732215813,0.055346925092449845,0.03873190406829708,0.0003651571656026065,1.523084288516354e-8,3.497278111073088e-9,3.0117091502629315e-8,1.906950740263902e-9,0.0014487605263651946,0.09032862939787875,0.0002450481448926589,2.8440470360737117e-5,1.5231631658920246e-8,3.4990505103832367e-9,3.0116843398564435e-8,1.9079850243439848e-9,1.5396770512597173e-8,3.5619153014793416e-9,3.0317768146114566e-8,1.9246993825275574e-9,1.5257566691065257e-8,3.5090403104162233e-9,3.0148775355654317e-8,1.9106398900294175e-9,0.036787225004405864,1.8915583993462503e-5,4.3870048988286875e-5,3.8755265904501596e-6,1.0351966842870152e-8,-4.8658019665779536e-9,5.689850558205842e-9,-8.23927019590356e-9,0.9599518189271542,1.3060853519907893e-5,2.4802573587288527e-5,2.3318017264552243e-6,1.0352509562752844e-8,-4.828342454730753e-9,5.831682689776093e-9,-8.21915667017561e-9,1.0466055449975718e-8,-4.835929672834908e-9,5.7792844134028965e-9,-8.228654801847807e-9,1.037035230002271e-8,-4.802392757514746e-9,5.928497076619299e-9,-8.206101501925771e-9,0.0001157363192468423,0.0842782722998668,0.12049925710136869,0.005425192174667297,1.6923158761292816e-9,5.325400760043111e-9,9.369761800818009e-8,2.833183956963511e-8,0.00016097339181835488,0.13754586749222447,0.0007623720063327166,0.00042254413107380856,1.6924035176578046e-9,5.3280996408108375e-9,9.369684612886715e-8,2.834720607596777e-8,1.710752279177463e-9,5.423825572707179e-9,9.432194534346753e-8,2.8595533683266562e-8,1.6952851878961392e-9,5.343311381770157e-9,9.379618999536897e-8,2.8386649794722772e-8,0.7936642797530304,2.2961461095472696e-12,0.14433826793639926,2.3811959905839407e-10,7.976859399388606e-10,3.791053829074895e-10
full_TAC,6,20,,99.63115745258193,10.899448452995019,3,3,LOCALLY_SOLVED,Solve_Succeeded,0.060619667,0.8481346622006509,1.0551376002984768e7,59.15546994973404,10.37337232725697,503.57998849690824,3.1845052583085723e-16,3.1845052583085723e-16,9.658444569060805e-9,0.0,0.9999999525405943,0.400720451695413,1.5766352661847287e-6,1.2090345062221878e-6,7.65560696754341e-8,0.07936483983752637,2.73398208080252e-7,3.8355003116863454e-8,7.491309243621593e-9,6.2161359880125105e-9,2.640005211314365e-8,5.733101757878266e-9,1.3549162138510552e-7,0.07947929593574156,3.844382881564422e-8,1.1850722086067629e-8,3.87949558144647e-9,6.84777726575108e-9,1.8037345319490576e-8,8.001338336209403e-9,3.89785981048848e-9,6.9301260332458516e-9,1.8142012842836364e-8,8.034124314616251e-9,3.8082524596139616e-9,6.550057948828313e-9,1.768028445468676e-8,7.884557146126812e-9,2.154782972593927e-7,-7.606834581805729e-9,-4.593090199319109e-9,-9.505947903471418e-9,8.414035449158563e-9,-7.681375813063807e-9,-4.647265025147372e-9,-9.38498955881278e-9,0.9999994587842862,-8.334150107033022e-9,-6.641966265423642e-9,-9.658444569060805e-9,4.3722539942888135e-9,-8.434409971594432e-9,-6.626720145000975e-9,-9.606555999686557e-9,4.392377769088355e-9,-8.524548763071438e-9,-6.800061787599633e-9,-9.632462903573346e-9,4.2942232463619094e-9,-8.114802599755049e-9,-6.029415966556389e-9,-9.510234287715909e-9,8.506229963937118e-9,0.12085100611623331,8.505722029163395e-7,5.698457605933998e-7,8.323676937357324e-10,9.465479799928141e-9,8.213349546311356e-8,8.517751183133423e-8,1.505462459834505e-8,0.12102529153851554,1.1960302298200422e-7,1.7606787099300475e-7,4.3105506460516317e-10,1.0427297200120962e-8,5.611618543841512e-8,1.1887702670939683e-7,4.330955344987198e-10,1.0552691914260727e-8,5.644181773326868e-8,1.1936413267429856e-7,4.2313916217932895e-10,9.973951876624931e-9,5.500532941458103e-8,1.1714199188531263e-7,0.7936507853733796,6.257219485961873e-16,0.14430043489084285,1.0729989881284683e-13,3.179403335859401e-13,1.4480454049223233e-13
full_TAC,6,21,,99.63115745258193,9.684501632058875,3,3,LOCALLY_SOLVED,Solve_Succeeded,0.014330209,0.9930437436145266,1.0803711434243882e7,43.260071701357916,9.684501872937599,503.5799875013312,3.1845052583085723e-16,3.1845052583085723e-16,9.927851674888653e-9,9.913138543973701e-9,1.0000000094746226,0.35556732626176574,-7.133160015237216e-9,-9.867287899323403e-9,-9.250158655979537e-9,-6.046792128265005e-9,-2.0146637204585535e-9,-5.673676585813952e-10,-9.291531180467421e-9,-6.168195447417233e-9,-2.158493568236623e-9,-5.714795773039516e-10,-8.618792051537747e-9,0.09171841564587564,5.056472889465501e-9,3.6652553481452894e-9,-9.052076365393728e-9,-5.640034137628055e-9,-7.066006891069365e-10,-3.630141225980913e-10,-9.044145980558701e-9,-5.052860993532804e-9,5.197253726405157e-10,6.204889685986782e-11,-9.155765526296953e-9,-6.087450441593364e-9,-1.9143815277910218e-9,-5.449313821065857e-10,-6.7088355819727595e-9,0.07936511855029903,-4.4022798962837135e-9,-9.569996642200614e-9,-7.380343606543966e-9,2.2370868100213742e-8,6.010019155152466e-9,-4.098767925781326e-9,1.0000000067305703,0.04482166943637426,-6.723590096424908e-9,-9.653994246362583e-9,2.9784562130500117e-8,1.4088097419294894e-8,-1.2469595605312106e-10,-4.807736646570694e-9,5.104363744878593e-8,1.3062809276406848e-8,-2.9811194126455848e-9,-7.098065557368199e-9,-3.536668640839579e-9,1.3339449190493688e-8,6.095597969798022e-9,-1.286837879622821e-9,-1.0277954062199481e-9,-9.20761528622171e-9,-6.267842685871055e-9,-8.42946235606644e-9,-1.0323923533852688e-9,-9.392479431294421e-9,-6.715313323402827e-9,-8.490553719944423e-9,-9.576435612819715e-10,0.13966213291531063,1.5731248989448223e-8,5.445522231530144e-8,-1.0057862628215248e-9,-8.588233800479085e-9,-2.198313254999358e-9,-5.393352678600214e-9,-1.0049051089509664e-9,-7.694129240152225e-9,1.616923381548271e-9,9.21869324775179e-10,-1.017307280699661e-9,-9.269526808789893e-9,-5.955853642016511e-9,-8.096123391297843e-9,0.7936507838578344,-1.954390158068405e-15,0.16699510269789788,-8.232057512251265e-13,-2.092099972645632e-12,-1.1135863937400125e-12
full_TAC,7,1,,95.29743051787948,33.98343805078173,3,3,LOCALLY_SOLVED,Solve_Succeeded,0.111230167,0.7317150219683114,1.034657530598505e7,95.29743137586723,33.37135883469668,503.57998774091357,3.1405203790501664e-16,1.5922526291542861e-16,9.871470582150384e-9,9.89895960466803e-9,1.0000000041636403,0.4583457792858755,4.3102803315387134e-7,0.029188998108690516,-8.398903126890441e-9,-5.825841241404351e-9,-6.855071851865288e-10,-4.417195056310008e-10,-7.252765189904806e-9,-4.5761355918130925e-9,3.3626979366737797e-9,-9.583346888168332e-11,-4.291662803009557e-9,1.684205460049317e-8,4.238246502179989e-8,1.2050687240245868e-8,-5.785962214572786e-9,3.9807092527040197e-10,1.4608561370965778e-8,6.291322755949533e-9,-4.291662594992538e-9,0.18168661973217493,3.910045790660635e-8,1.1616951741870164e-8,-7.563819386294032e-9,-5.080520461609799e-9,1.217781492605007e-9,-2.785032738109291e-10,-7.777662855037471e-9,-7.310114569915494e-9,5.662584131978716e-9,0.029188564150742002,-4.71563615458856e-9,4.518018260023442e-9,1.8337110091918274e-8,-1.1628582676855096e-9,0.22259499660764967,-9.349488411628503e-9,-8.584274293275831e-9,-9.871470582150384e-9,6.044471242800903e-9,6.01596543216717e-10,-2.0910824312359942e-11,-8.384827678729368e-9,0.7774050615240666,-7.541614548399387e-9,-6.370248964254099e-9,-9.670727358547535e-9,-5.7583868112206225e-9,3.245474908008744e-9,1.0948340555352421e-8,9.246167746244965e-10,-9.33211458543382e-10,-8.871167344865715e-9,-2.132689020580312e-9,-6.562689797946297e-9,-8.058627988783115e-10,-6.968206469351754e-9,1.0461726914096203e-8,-1.4238115376707236e-9,-4.768514225566172e-10,2.564585586893278e-8,1.3185655784559966e-7,1.7903878185508145e-7,-6.428846905080871e-10,6.06153454389021e-10,4.54488575985602e-8,9.347108094553591e-8,-4.76851399443615e-10,0.2766591709558118,1.216458690427753e-7,1.7259471159349955e-7,-8.404243762548922e-10,-7.736247066542192e-9,3.788653532548911e-9,-4.137762925190946e-9,0.7936507851319554,-3.1576969762144456e-15,0.025084104371500972,-8.682483852535602e-15,0.9327048923005383,-3.477098880231665e-13
full_TAC,7,2,,95.29743051787948,32.76849122984559,3,1,LOCALLY_SOLVED,Solve_Succeeded,0.072785917,0.7447605947230791,1.036930204774497e7,95.29720363624182,32.768296483020954,503.5805572644326,1.5922526291542861e-16,1.5922526291542861e-16,8.224537879469537e-9,0.0,0.9999900608746206,0.45914873930459743,0.00040233708690544547,0.024349968322644695,9.74641698549202e-6,5.565130072435811e-6,1.4873216522114723e-5,8.540074288177689e-7,1.5132121421227518e-8,3.48286638081918e-9,3.005525640988482e-8,1.895511999720532e-9,2.1080771803959842e-5,1.0086621544697693e-5,2.6896344710145978e-5,9.762399620424361e-7,1.5131422776060785e-8,3.4890930033246814e-9,3.0046711201277986e-8,1.8999732181816774e-9,2.1082096159481083e-5,0.1767460415544682,2.5875508320295753e-5,9.700197835635205e-7,1.5067347241481778e-8,3.464622238601268e-9,2.996867206754545e-8,1.8934981278221094e-9,9.121201714371383e-6,0.013223618992200774,0.00011774513991689355,0.02430499903884013,1.03223478981707e-8,-4.837650977556487e-9,5.7925148788223915e-9,-8.224537879469537e-9,0.23732937012263,9.408883694010674e-7,2.216843797756397e-6,1.8274103474167248e-7,1.032186497011366e-8,-4.8335817661450455e-9,5.795103246053316e-9,-8.221497504703456e-9,0.7625938112775679,2.623092861359063e-6,3.890905440413139e-6,3.1674402003956924e-7,1.0277561823946335e-8,-4.802965670507878e-9,5.922675290764302e-9,-8.20285946132702e-9,1.082935220610224e-6,8.474175337572712e-6,4.627222917991247e-5,1.2688110371006848e-5,1.6813468245808343e-9,5.303455625338297e-9,9.350524216408608e-8,2.8161892567276473e-8,2.3423079782177594e-6,1.535917371578967e-5,8.36775168760097e-5,1.4504136578916192e-5,1.6812691973400865e-9,5.3129370732444005e-9,9.347865707064263e-8,2.8228173527270627e-8,2.342455128831231e-6,0.2691360178215765,8.050158144092012e-5,1.4411722498658016e-5,1.6741496934979747e-9,5.275674772415566e-9,9.323586865458583e-8,2.8131972184785625e-8,0.7936529761482275,4.626679335612668e-13,0.026756184489556287,4.7764078164277895e-11,0.9115527065229052,7.294137955451584e-11
full_TAC,7,3,,95.29743051787948,31.553544408909442,3,2,LOCALLY_SOLVED,Solve_Succeeded,0.063975541,0.7675863685735246,1.0409078322017916e7,95.2974245522048,31.55353818657613,503.58000480976995,3.1405203790501664e-16,1.5922526291542861e-16,8.216144427827736e-9,0.0,0.9999997016300585,0.4610124358328504,7.262862872169261e-6,0.014475818710973198,2.625440892005938e-7,1.6220615447984567e-7,4.376812296896867e-7,2.2974154710778474e-8,1.1895115286915049e-8,2.8592114610414626e-9,2.7699863051588802e-8,1.5616166531640035e-9,6.013374223327793e-7,1.2123102918001036e-7,4.0281914396663624e-7,2.1494811522984583e-8,1.3756676369097043e-8,3.904513906755898e-9,3.0028778254383376e-8,1.8982587734907023e-9,6.013384203857129e-7,0.16688489453758426,3.969825209086113e-7,2.066767431832661e-8,1.2635786617934417e-8,3.3734254286768635e-9,2.843942491717251e-8,1.7645307426645257e-9,2.82104735464964e-7,0.04000655021604064,1.6717084343607387e-6,0.014474732726970896,9.082485671544379e-9,-3.926313265166678e-9,9.275526385587749e-9,-7.661333499127513e-9,0.2670858309715265,1.2950280121129747e-8,4.734343258637391e-8,-4.575915285582249e-9,1.0555348746978961e-8,-4.768390334526711e-9,5.197234164292942e-9,-8.216144427827736e-9,0.7329118886820448,7.018618548209644e-8,8.054864010750249e-8,-1.3955893075551494e-9,9.670016943877154e-9,-4.2891107223006695e-9,7.11343243599885e-9,-7.892184617854885e-9,2.917156546673263e-8,2.469957352306741e-7,1.3616749368123585e-6,3.413302985601373e-7,1.321679476323894e-9,4.353799270222227e-9,8.617735171605404e-8,2.3201161704150905e-8,6.681526914808656e-8,1.8460179443319758e-7,1.2532151145628681e-6,3.193514854843423e-7,1.5285195965663374e-9,5.945509812560117e-9,9.342286568030383e-8,2.8202701777576148e-8,6.681538004285695e-8,0.25412018031859424,1.2350567317156798e-6,3.0706258987228106e-7,1.4039762908816014e-9,5.136806902757951e-9,8.847821085342558e-8,2.6215885319587233e-8,0.7936508473819726,1.1299477775238608e-14,0.030097936547269884,1.3377919855624747e-12,0.8691069448441111,1.814139226656798e-12
full_TAC,7,4,,95.29743051787948,30.3385975879733,3,1,LOCALLY_SOLVED,Solve_Succeeded,0.061276208,0.7873709404421575,1.0443566609607339e7,95.2971785608897,30.33832973381287,503.58062760706946,2.093680252700111e-16,1.5922526291542861e-16,8.22604943195861e-9,0.0,0.9999884843395196,0.4627072149906515,0.00042888863664758983,0.004691745723366716,1.091485345027522e-5,6.2610420098971e-6,1.6938854383160116e-5,1.0645049639403193e-6,1.5140135434331124e-8,3.4833522793390064e-9,3.005977010292344e-8,1.8979571587562215e-9,2.395588872677045e-5,9.99034225687738e-6,2.873888858284374e-5,1.2074323726434856e-6,1.5132511162376173e-8,3.4869339116082057e-9,3.004270813945429e-8,1.9017181074714346e-9,2.395704221263125e-5,0.15695740816894466,2.7988920020810265e-5,1.2024911522488206e-6,1.5072109176411237e-8,3.463878631656542e-9,2.996917063740651e-8,1.8956070960791454e-9,1.008150103448729e-5,0.06670155831710928,0.00011898751530161794,0.0046360337267769645,1.0323204483162982e-8,-4.840923440539935e-9,5.780847969456273e-9,-8.22604943195861e-9,0.2968058628614068,1.0214301171614758e-6,2.4321761648717618e-6,2.0283075237726974e-7,1.0317936944792513e-8,-4.83422976742413e-9,5.794531104989077e-9,-8.221378253787414e-9,0.7031070944718034,2.8913463228697778e-6,4.229322261907392e-6,3.4899706787596417e-7,1.02761939927237e-8,-4.804989287809396e-9,5.916260043342832e-9,-8.20360319356523e-9,1.2127614944750238e-6,9.533859424161492e-6,5.269865808094258e-5,1.581550232139903e-5,1.6822372704812355e-9,5.304195516266214e-9,9.35192847646507e-8,2.819822064437814e-8,2.6617654140856047e-6,1.521256661842692e-5,8.94098755910694e-5,1.7938995250703214e-5,1.6813901291529074e-9,5.309649365403403e-9,9.346620310052443e-8,2.825409759671845e-8,2.661893579181249e-6,0.23900332607543845,8.707664006474306e-5,1.7865582833411046e-5,1.6746787973790258e-9,5.274542461840643e-9,9.323741976082024e-8,2.8163305427461586e-8,0.7936530258292841,4.629337014817429e-13,0.033459403075533335,4.777776876391101e-11,0.8265302638251452,7.29868743266477e-11
full_TAC,7,5,,95.29743051787948,29.12365076703716,3,3,LOCALLY_SOLVED,Solve_Succeeded,0.055082833,0.8143863310181242,1.0490627764182495e7,95.29743117687167,29.12365097042867,503.57998786218593,1.5922526291542861e-16,1.5922526291542861e-16,9.75715771935618e-9,8.370387416468437e-9,1.0000000018393038,0.4646271162677457,6.124743647968283e-7,9.846330613263708e-9,9.60463439941754e-10,0.008998470534916618,4.838294476769219e-8,-1.7642605379268632e-10,-5.5067918262105535e-9,-3.5435208396684464e-9,4.2275635917955435e-9,-3.7208965531996165e-10,1.2850840300642885e-9,1.6497941628081132e-8,2.9137366038573836e-8,1.4267058258136765e-9,-1.2869485632450636e-9,1.5439051838140355e-8,2.7564053153870035e-8,1.2112395820950765e-9,1.2850843981144956e-9,0.14728499405734857,2.782341266759855e-8,1.2903676208913697e-9,-3.603315954254916e-9,-3.887196290489016e-10,8.38580510150946e-9,-2.374984488255255e-10,3.6543567606725543e-7,0.07036650768131396,1.4881345217106456e-8,-8.48704426500548e-9,-2.583042052479595e-9,3.486138025741295e-9,1.60263602806711e-8,-1.122639728032232e-9,0.3363413100102277,-9.159284527555799e-9,-8.068997058552458e-9,-9.75715771935618e-9,2.777088406736238e-8,-8.134701752613128e-9,-5.986990179716601e-9,-9.170224058122698e-9,0.6636583042018322,-8.51398563629707e-9,-7.060927243158185e-9,-9.542213635197282e-9,4.6330864329504935e-9,1.8566970224936846e-9,4.429976349537512e-9,-1.902272076119038e-9,1.0671815999352814e-10,0.013702216496350303,1.5052471705504236e-7,-2.6211870849199106e-9,-6.11865758467839e-10,-5.3958158240405875e-9,1.315242006336391e-8,-5.528189164753716e-9,1.4278711445158755e-10,2.512186566094172e-8,9.064958323111858e-8,2.1196772269231763e-8,-1.4299428480500703e-10,2.350946529898645e-8,8.575483203426233e-8,1.7995559505412562e-8,1.42787155346055e-10,0.22427487731459894,8.656172829919547e-8,1.9171176081814634e-8,-4.003684393616572e-10,-5.91913980597191e-10,2.6089171426918318e-8,-3.5285483825506648e-9,0.7936507850577359,-5.560846794596685e-16,0.037902095090052164,1.7717659761338108e-14,0.7780940641931376,-8.482240699389086e-14
full_TAC,7,6,,95.29743051787948,27.908703946101014,3,3,LOCALLY_SOLVED,Solve_Succeeded,0.068674666,0.8463612795131231,1.0546312599898184e7,95.29743135826241,27.90870418763671,503.5799875865043,1.0468401263500556e-16,1.1037352848676876e-24,9.90236626441378e-9,9.940175732251825e-9,1.0000000067292414,0.4664995418211433,3.441510048203262e-7,-1.004452937027802e-9,-5.90321230337475e-9,0.026037126064145256,1.785143478652739e-8,-4.696785584621657e-10,-7.517300489897943e-9,-4.692257041893117e-9,1.2684489936087906e-9,-5.179397325825709e-10,-5.846758437097359e-9,1.487244930165963e-8,1.994964107224889e-8,1.1444860773600261e-9,-6.208933957443052e-9,1.7011992336661005e-8,2.538085352891747e-8,1.8441244534691089e-9,-5.846758403627857e-9,0.13774260813351275,1.910177306067004e-8,1.0273750204324802e-9,-6.927956786786231e-9,-3.945283122932314e-9,2.4102896634684664e-9,-4.938566695440709e-10,2.906725639697586e-7,0.053327892646612446,5.432749076156255e-10,-9.388032716848537e-9,-3.836757472810577e-9,1.0398215100689654e-8,1.1991402048185693e-8,-1.9417185909721993e-9,0.3846052415772323,-9.662329516486965e-9,-9.215786052572714e-9,-9.90236626441378e-9,3.337712188941824e-8,-9.18286202767945e-9,-8.172813851742981e-9,-9.55858747727681e-9,0.6153944856608649,-9.427035126265365e-9,-8.767568123659443e-9,-9.806879008886855e-9,1.7792385045759078e-9,6.222494689392181e-9,4.371349125686871e-9,-5.96965387869852e-10,-6.559124781527497e-10,0.039647441961312084,5.553779711364077e-8,-6.978081440009319e-9,-8.3525560998866e-10,-7.145027768337247e-9,3.946285757894015e-9,-7.695104598369624e-9,-6.496398263441507e-10,2.26466841638908e-8,6.206555000255209e-8,1.7003793149348957e-8,-6.898815508270054e-10,2.590462469446108e-8,7.896265542329878e-8,2.7398420451541045e-8,-6.496398226253172e-10,0.2097444260214853,5.942773841097345e-8,1.526385744642542e-8,-7.697729763095809e-10,-6.007590209919659e-9,7.498678953013006e-9,-7.337299090369053e-9,0.7936507841681237,-7.665865127275122e-16,0.04334092487337144,6.339496479624913e-15,0.7242200326124585,-9.676323852541157e-14
full_TAC,7,7,,95.29743051787948,26.693757125164872,3,3,LOCALLY_SOLVED,Solve_Succeeded,0.059281291,0.8732544475728214,1.059316125877529e7,95.29743114983182,26.693757266720986,503.5799879295964,2.093680252700111e-16,1.0253141930160176e-16,9.723854298631608e-9,7.291095585560059e-9,0.999999999800852,0.46838369776281435,7.050858863483197e-7,5.610437875152207e-8,3.4966538097162544e-9,1.8754828313897892e-7,6.386628081045392e-8,-8.774642123630561e-11,-5.058555899375381e-9,-3.3965505531854093e-9,4.927144705647434e-9,-3.371058563586653e-10,3.4966546723630894e-9,1.594298863645285e-8,3.087844468325647e-8,2.4502183389747376e-9,-2.842798102335385e-10,1.3962183748916836e-8,2.7330586203332286e-8,1.8257296753062412e-9,3.496654644628242e-9,0.1713232716125595,3.030665059037357e-8,2.3289473710182316e-9,-2.9809977158848523e-9,-2.1564444361098127e-10,9.154809613057457e-9,-1.7707503311391582e-10,0.15241268762678448,0.03618129056315553,2.110980338250068e-8,-8.124468838013572e-9,-2.269324658930792e-9,2.234873963558214e-9,1.5837664528274095e-8,-8.903877961221044e-10,0.43267949037830444,-9.06360090743215e-9,-7.865372155492312e-9,-9.723854298631608e-9,2.4147997889185398e-8,-7.948035666571291e-9,-5.677517720330742e-9,-9.046023550095083e-9,0.4149077930540077,-8.316491937314044e-9,-6.7517871206143085e-9,-9.464775293920269e-9,4.456271174487732e-9,1.079867511579072e-9,4.0814382754843405e-9,-1.8360337973418442e-9,3.8851708996847256e-10,2.8558488568889966e-7,1.9869509585474547e-7,-1.3036611155108261e-9,-5.620617665972644e-10,-5.1720201605323275e-9,1.5328894639792017e-8,-5.008429865900169e-9,3.8851718581812086e-10,2.4276823605507745e-8,9.6066272347909e-8,3.640324389333895e-8,-3.158664558150427e-11,2.126059798130518e-8,8.502849041036711e-8,2.712512660454987e-8,3.885171827364712e-10,0.2608786181373065,9.42873573922733e-8,3.460150379798515e-8,-3.3122196843165016e-10,-3.2836767549853964e-10,2.848162990728986e-8,-2.6308290634067488e-9,0.7936507850943516,-4.553346346202328e-16,0.04875838770332324,2.8369883915400075e-14,0.6703303500417599,-5.942524888784273e-14
full_TAC,7,8,,95.29743051787948,25.47881030422873,3,3,LOCALLY_SOLVED,Solve_Succeeded,0.06598725,0.8951850448332542,1.0631381021964397e7,95.2974311407483,25.478810403685358,503.57998796221085,1.1278456123176193e-16,1.0253141930160176e-16,9.718025189065282e-9,7.186295241336688e-9,0.99999999855576,0.47026073679025276,7.462198230130485e-7,1.1290553879328464e-7,4.635045288264257e-9,1.0119272119032811e-7,7.152856529737608e-8,2.256624023716087e-11,-4.864549898532877e-9,-3.3527772434770477e-9,5.230247750516781e-9,-3.0170580399048527e-10,4.635045973959768e-9,1.5655976467068734e-8,3.1620912269788736e-8,3.7023220870567864e-9,3.586257188300223e-11,1.2814269054426752e-8,2.6190170517669e-8,2.6193281015856656e-9,4.635045625382232e-9,0.1788383929451956,3.153135173123916e-8,3.6234417155345104e-9,-2.751092815631267e-9,-2.7566983172306463e-10,9.343025337036029e-9,-1.1037386458969044e-10,0.21270005761455912,0.019099950238095936,2.542208333409548e-8,-7.840794820632452e-9,-2.1614641391556897e-9,1.606251982640063e-9,1.551627716953151e-8,-7.400206458751686e-10,0.48086841343954945,-9.021049582620121e-9,-7.777952827914553e-9,-9.718025189065282e-9,2.1393921813525526e-8,-7.866892768670796e-9,-5.57451315246142e-9,-9.072844826562783e-9,0.3064314970600919,-8.220768218022557e-9,-6.611281022628953e-9,-9.460711694614571e-9,4.1809276644814705e-9,8.103337857076911e-10,3.974309797520325e-9,-1.7862370039033796e-9,5.150050320293616e-10,1.5408891635799962e-7,2.2253331425850336e-7,3.3526985495210433e-10,-5.405055442814306e-10,-5.105365348021867e-9,1.627188189049665e-8,-4.482486230715781e-9,5.150051082177519e-10,2.3839782347581936e-8,9.837617150600939e-8,5.500592815055796e-8,3.984730209222468e-12,1.9512636969240734e-8,8.148053049941464e-8,3.891573179498703e-8,5.150050694869145e-10,0.272322098348366,9.809753871941072e-8,5.3833991202227e-8,-3.056769795145851e-10,-4.197699710328484e-10,2.9067189937445415e-8,-1.6398402739039721e-9,0.7936507851110796,-4.2175173251988894e-16,0.05418876973364281,3.4569562927690675e-14,0.6164500935590493,-4.873352587105689e-14
full_TAC,7,9,,95.29743051787948,24.26386348329259,3,3,LOCALLY_SOLVED,Solve_Succeeded,0.05611925,0.9124077156645138,1.0661414663941339e7,95.29743135027778,24.263863651022973,503.5799876224957,2.093680252700111e-16,1.0253141930160176e-16,9.894301842066926e-9,9.60372344824287e-9,1.0000000052657152,0.472137844477538,4.13547602585734e-7,1.5535149650363155e-7,-4.7864164119240685e-9,1.234474075166541e-8,2.777394819293645e-8,-3.683168262908028e-10,-6.994096522870272e-9,-4.460451303374987e-9,2.348352374547772e-9,-4.593772967381389e-10,-4.78641634365724e-9,1.3794876810371883e-8,2.2239566938902058e-8,4.52122974132129e-9,-5.4711676820540705e-9,1.3477527286301876e-8,2.1971958878082266e-8,4.355117395481798e-9,-4.786416453008808e-9,0.1863535434227936,2.338808401250485e-8,4.698132661170913e-9,-6.47817766099554e-9,-4.0773947015105525e-9,2.7564508459954894e-9,-4.3754477785765646e-10,0.27298752766455975,0.0020186147717309593,9.80565779012045e-9,-8.978166016532441e-9,-2.9170520047385432e-9,7.593354673794916e-9,1.1873942787674279e-8,-1.3164178989924651e-9,0.5290573085605457,-9.609664430152299e-9,-9.109305126071545e-9,-9.894301842066926e-9,2.4369118814958515e-8,-9.018569411015933e-9,-7.940851058349579e-9,-9.598330873145789e-9,0.19795518376608903,-9.315893449443865e-9,-8.57806932713336e-9,-9.795680095337158e-9,8.25444133627903e-10,5.289937527640735e-9,4.418520187288327e-9,-2.5499813839384736e-10,-5.318240457693407e-10,1.879767341730869e-8,8.640783882246895e-8,-5.4721357048919275e-9,-7.771218358744744e-10,-6.792050848321001e-9,7.305985165259735e-9,-6.825034122966635e-9,-5.318240381841376e-10,2.1005835143066274e-8,6.918976380991751e-8,6.717255615677343e-8,-6.079075202282298e-10,2.0522598367777856e-8,6.835720539847816e-8,6.4704601304301e-8,-5.318240503343117e-10,0.28376562293925384,7.276292803890398e-8,6.9800828108825e-8,-7.19797517888393e-10,-6.208760113663796e-9,8.57562485420819e-9,-6.500665271028038e-9,0.7936507841862229,-6.859718269768138e-16,0.05961914442915441,2.3972094823390438e-14,0.5625698716674691,-6.626193168164339e-14
full_TAC,7,10,,95.29743051787948,23.048916662356444,3,1,LOCALLY_SOLVED,Solve_Succeeded,0.054978333,0.9459390591805471,1.0719862526835624e7,92.46880054304623,23.04851425998261,503.5829686823849,1.5922526291542861e-16,2.0506283860320352e-16,8.239439147895473e-9,0.0,0.9999276302191383,0.46653689281047417,0.0013429344892240231,0.000140724243455151,0.00021580358131062505,0.00015672986215084403,0.0001698108811771668,3.3796567319020802e-6,1.5234197770144212e-8,3.50023654596619e-9,3.0120535309583186e-8,1.9045078774164487e-9,0.00021587123236678802,3.055704494569998e-5,7.092134813717287e-5,2.613228567253416e-6,1.5202920084302246e-8,3.4907953017464977e-9,3.00798002960078e-8,1.9030134355118918e-9,0.0002156981706610126,0.18473931086523143,7.672074126814424e-5,2.6720323318992365e-6,1.5195303127784173e-8,3.4879751071147036e-9,3.007079482182316e-8,1.902265935466015e-9,0.27906219718252967,7.78971495690184e-6,1.7311641047117567e-5,1.4879641187982863e-6,1.0357430347110185e-8,-4.865345360661535e-9,5.688867037821009e-9,-8.239439147895473e-9,0.5928164857147044,4.032693735271649e-6,9.832298628334292e-6,8.665009530878944e-7,1.03359006166999e-8,-4.833610170664271e-9,5.810889205192384e-9,-8.221194490628602e-9,0.127329562279295,5.686824312542187e-6,1.0317605566688563e-5,9.030708164108828e-7,1.0330656695427324e-8,-4.812170052823218e-9,5.894961448605698e-9,-8.209432599964307e-9,2.397817570118055e-5,0.00023865683554787613,0.0005283005192178522,5.0212042873973746e-5,1.6926886411271343e-9,5.329905649539425e-9,9.370833207425879e-8,2.8295545607330096e-8,2.3985692485198664e-5,4.653004571277041e-5,0.00022064419420453774,3.882511014205075e-5,1.689213342700249e-9,5.315529209477621e-9,9.358160092091315e-8,2.8273342470462382e-8,2.396646340677917e-5,0.2813075869993297,0.0002386867506120043,3.96987660739315e-5,1.6883670141982408e-9,5.311234822197389e-9,9.35535838901165e-8,2.8262236755495077e-8,0.7936577721845137,1.2817623953268974e-12,0.06685614796693136,1.3189030631004227e-10,0.5126322866910368,2.0401509816401056e-10
full_TAC,7,11,,95.29743051787948,21.833969841420302,3,3,LOCALLY_SOLVED,Solve_Succeeded,0.068643458,0.9758420679492864,1.0772008661830658e7,89.27823829613787,21.83395606877602,503.58008035796496,2.2556912246352386e-16,1.5922526291542861e-16,8.254907526766897e-9,0.0,0.9999973196513283,0.46042544796310975,2.839678697589047e-5,3.850020614170672e-6,7.175001580788741e-6,2.2759733525725733e-6,4.241134419896016e-6,1.1057834625561579e-7,1.5331828694860897e-8,3.6076606064935077e-9,3.024599500970739e-8,1.8589190261485764e-9,7.17510990197911e-6,3.8223698323257754e-7,1.1261834619592957e-6,6.101156455744565e-8,1.5230216873269052e-8,3.6504531181463294e-9,3.00222522272614e-8,1.9044284431074875e-9,7.1746893207325e-6,0.18250813998142076,1.2122396930339062e-6,6.327942247028835e-8,1.5132221003080947e-8,3.611648696890978e-9,2.990194099341041e-8,1.894344106596056e-9,0.2800895281600406,2.0263433637459144e-7,4.78077350089704e-7,3.4043240075566026e-8,1.053682688373031e-8,-4.875663111885788e-9,5.531570395460934e-9,-8.254907526766897e-9,0.6587529365677528,8.02705871002933e-8,2.2680873911583063e-7,1.2056868176681002e-8,1.0466150715015898e-8,-4.885445195926624e-9,5.350526731743614e-9,-8.246621326408553e-9,0.06113085630587772,1.840790911611928e-7,2.5551898352428594e-7,1.4573396469131668e-8,1.0397935212502938e-8,-4.846810335899598e-9,5.507890986212167e-9,-8.222755893446463e-9,7.972223978654154e-7,3.465686695962782e-6,1.3194640417454274e-5,1.6428782872262915e-6,1.7035365216512104e-9,5.4934831962514765e-9,9.409865114131186e-8,2.7618225531350275e-8,7.972344335532341e-7,5.82042679013243e-7,3.503681881651142e-6,9.064575305677639e-7,1.6922463192521162e-9,5.558644520813729e-9,9.340256248481324e-8,2.8294365440454097e-8,7.971877023036108e-7,0.2779101222444361,3.771412378327708e-6,9.401514195585696e-7,1.6813578892312156e-9,5.499555970265807e-9,9.302826086838793e-8,2.8144541012284255e-8,0.7936509882018883,3.7162020832353e-14,0.07423571111262631,3.834917285854588e-12,0.4636972702412531,5.855730484662005e-12
full_TAC,7,12,,95.29743051787948,20.61902302048416,3,2,LOCALLY_SOLVED,Solve_Succeeded,0.246573167,0.849777972826351,1.0554233956479324e7,59.12851345347566,10.37293038126995,503.579991439373,3.1845052583085723e-16,3.1845052583085723e-16,8.99423471930194e-9,0.0,0.9999997623015847,0.40066684076010367,2.8415932560035903e-6,1.5347537836785075e-6,5.298230583378173e-7,1.967358297789379e-7,5.250789705385874e-7,6.92272269646766e-8,1.3653946962712229e-8,4.792301886113284e-9,3.028570931224571e-8,3.060428596580776e-9,5.298237725841829e-7,0.1588226875110891,6.206468150279446e-8,1.280112752197301e-8,1.0184185270865743e-8,5.142957534448467e-9,2.439863760736426e-8,5.045036346926608e-9,1.025347941261518e-8,5.229734036792016e-9,2.455479595686749e-8,5.104278919143446e-9,9.964530916151948e-9,4.8786777700178925e-9,2.392741510604592e-8,4.862219282406189e-9,0.280109643406274,-1.830528083185212e-9,9.13586257223193e-9,-8.234704340469531e-9,1.0636466084031207e-8,-5.978765424044819e-9,5.182569433539672e-10,-8.74271558853922e-9,0.7198888585299826,-3.821396376124002e-9,2.0318528789963962e-10,-8.863554230321706e-9,7.83817875997549e-9,-6.671495731964228e-9,-2.2356446975839e-9,-8.941977822227013e-9,7.894488263768738e-9,-6.782009177707607e-9,-2.488790171026148e-9,-8.99423471930194e-9,7.659557928863286e-9,-6.3433265792946535e-9,-1.4815884740073177e-9,-8.774066351981015e-9,5.8869228704201906e-8,2.9957501352701903e-7,1.633579019453383e-6,1.0285188006180522e-6,1.517105218079136e-9,7.297368781127045e-9,9.422220674920888e-8,4.546922486348581e-8,5.886930806490919e-8,0.24184363780097656,1.9309012023091606e-7,1.9018818032645608e-7,1.1315761412073043e-9,7.831321700182892e-9,7.590687255624434e-8,7.495482572576673e-8,1.139275490290575e-9,7.963458646933297e-9,7.639269853247663e-8,7.583500108441691e-8,1.1071701017946604e-9,7.4288956952545175e-9,7.444084699658729e-8,7.223868648146338e-8,0.7936507899654975,1.3807643998786045e-15,0.14429202380880946,1.8321000481452149e-13,5.626521604179804e-13,2.617566284453574e-13
full_TAC,7,13,,95.29743051787948,19.404076199548015,3,1,ALMOST_LOCALLY_SOLVED,Solved_To_Acceptable_Level,0.0873,0.8511252202908863,1.0556514080332255e7,59.21067845373818,11.222803143953952,503.5847723736004,1.5922526291542861e-16,1.5922526291542861e-16,8.239494934302494e-9,0.0,0.9997374547580752,0.3153192639033096,0.37123972694904017,0.0316083714797945,0.0006699733247212775,0.0029737222464300043,0.09018167723606829,0.0019801503397289325,1.5230466338584772e-8,3.4978924428034685e-9,3.011706226065251e-8,1.9072933792065577e-9,0.0006789768348838938,0.12201063341514444,0.00011046314699968718,1.2946354698305452e-5,1.5197814077749163e-8,3.4879291289951638e-9,3.0074638170774925e-8,1.9056541742502187e-9,1.531258669806546e-8,3.5316160754803784e-9,3.021422942754534e-8,1.9172722801819663e-9,1.5190947945021275e-8,3.4853945111577945e-9,3.006654269616884e-8,1.9049806782604424e-9,0.14906915477433344,1.0476029903160007e-5,2.4907005756512407e-5,2.208406067304321e-6,1.0352252984402029e-8,-4.86624478755506e-9,5.687115435098076e-9,-8.239494934302494e-9,0.8491693573552211,7.329218458762685e-6,1.327996271332573e-5,1.2558921076994292e-6,1.0329782004331934e-8,-4.833984458794934e-9,5.811373512721692e-9,-8.220918869867816e-9,1.0408740311008651e-8,-4.84902645615261e-9,5.737247324596503e-9,-8.232737257682739e-9,1.032505601344278e-8,-4.812822342679427e-9,5.894278487441817e-9,-8.209326611438818e-9,7.444148052458635e-5,0.004528167966154778,0.28056521806776796,0.029419376475972706,1.6922740376205296e-9,5.326336219723462e-9,9.369752703314113e-8,2.8336930205354567e-8,7.544187054265483e-5,0.18578891906396994,0.0003436631239990267,0.0001923458412319667,1.6886460086387953e-9,5.3111648100608174e-9,9.35655409757442e-8,2.8312576303146108e-8,1.7013985220072726e-9,5.377688114936031e-9,9.39998248856966e-8,2.84851881627035e-8,1.6878831050023635e-9,5.307305278353914e-9,9.354035505474752e-8,2.8302570077012286e-8,0.7936583074216533,1.281922765921787e-12,0.14432970916115542,1.3193637603770068e-10,4.2436993329538804e-10,2.0408853301856182e-10
full_TAC,7,14,,95.29743051787948,18.189129378611874,3,3,LOCALLY_SOLVED,Solve_Succeeded,0.145361833,0.8481428631608433,1.055139020726595e7,59.15592114081724,10.374021584891805,503.58012475718647,1.5922526291542861e-16,1.5922526291542861e-16,8.256939059406258e-9,0.0,0.9999924448308722,0.4007042687331127,6.435824226823654e-5,3.112713808679915e-5,8.162012092815284e-6,0.07935087560298835,1.3879889821481825e-5,1.7947685125551624e-6,1.520702990232887e-8,3.54538711057222e-9,3.0165389905828066e-8,1.937014535321374e-9,2.3939313114288474e-5,0.07948665056463429,1.429992840307093e-6,1.5817449009402e-7,1.5067093843780534e-8,3.5722785983130726e-9,2.9892469026956514e-8,1.9803193044801713e-9,1.5139118252628727e-8,3.600731000235583e-9,2.998149101432545e-8,1.9882791408992086e-9,1.4989413196913675e-8,3.5415690860133527e-9,2.979664806762207e-8,1.971766164829059e-9,7.114358713856755e-6,2.9254837911097784e-7,6.216038906505206e-7,4.835707030850749e-8,1.037765788278527e-8,-4.900143779184912e-9,5.484373833837668e-9,-8.256622509872741e-9,0.9999495540025662,2.0059921194147909e-7,2.8176755609016506e-7,1.874602319308868e-8,1.0280899774424359e-8,-4.895751309171359e-9,5.3615580547645504e-9,-8.239830733861317e-9,1.0330714679413266e-8,-4.923363871778176e-9,5.248915194819918e-9,-8.256939059406258e-9,1.0227139450305506e-8,-4.864817532902769e-9,5.4881507752333184e-9,-8.220525715458052e-9,9.068902325350312e-7,0.12082974239545954,4.318187944461011e-5,2.666513218653384e-5,1.6896699891476518e-9,5.398657645644061e-9,9.384787970702064e-8,2.8778501667631838e-8,2.6599236793653848e-6,0.1210364906325113,4.448866614288733e-6,2.3500209956825827e-6,1.6741215381978363e-9,5.4396060474312696e-9,9.299879252830915e-8,2.9421886809419682e-8,1.68212425029208e-9,5.482931295813273e-9,9.327574982234585e-8,2.9540147236216815e-8,1.66549035521263e-9,5.392843835520333e-9,9.270068287704644e-8,2.9294811591746013e-8,0.7936510014233256,3.729950275599874e-14,0.14430090236812526,3.874013974352349e-12,1.2368573184487094e-11,5.9154105377351936e-12
full_TAC,7,15,,95.29743051787948,16.974182557675732,3,3,LOCALLY_SOLVED,Solve_Succeeded,0.169358542,0.8497779728260112,1.0554233956478735e7,59.12851345345179,10.372930381245483,503.57999143936627,5.126570965080088e-17,5.126570965080088e-17,8.994235676091539e-9,0.0,0.9999997623020108,0.40066684076049147,2.8415908096754504e-6,1.5347527949272675e-6,5.298220767835018e-7,1.967356753820545e-7,5.250784664732955e-7,6.922715363450104e-8,1.3653943453981699e-8,4.7923035970053274e-9,3.02857077158724e-8,3.060430510117715e-9,5.298227995898915e-7,0.15882268751140383,6.206463327198982e-8,1.2801124729411108e-8,1.0184177987906428e-8,5.142958955120938e-9,2.439862956023615e-8,5.045040494630116e-9,1.0253472039154435e-8,5.229735481646974e-9,2.455478785072818e-8,5.104283079200599e-9,9.964523856396154e-9,4.8786790524614294e-9,2.3927407133883633e-8,4.8622233347550365e-9,0.28010964340917066,-1.8305410801154678e-9,9.13583213176966e-9,-8.234707154315839e-9,1.0636465785857e-8,-5.978767029750657e-9,5.182509376648063e-10,-8.742716258715857e-9,0.719888858529724,-3.8214066803919794e-9,2.0317131431766605e-10,-8.863555868985986e-9,7.838174717314493e-9,-6.6714979553225265e-9,-2.235651282735167e-9,-8.94197879048625e-9,7.894484161437976e-9,-6.782011435359682e-9,-2.4887967358695785e-9,-8.994235676091539e-9,7.659554024018478e-9,-6.343328609848775e-9,-1.481594936609483e-9,-8.774067305612984e-9,5.886911964261129e-8,2.9957477842267383e-7,1.6335774512502525e-6,1.028517711141158e-6,1.517104828220188e-9,7.297371386349021e-9,9.422220178271415e-8,4.546925329317748e-8,5.8869199954432374e-8,0.2418436378014558,1.9308997017952386e-7,1.9018813883696501e-7,1.1315753319896024e-9,7.83132386347961e-9,7.590684752073467e-8,7.495488734879029e-8,1.139274671017159e-9,7.963460847053348e-9,7.639267331337655e-8,7.583506289098032e-8,1.1071693173773501e-9,7.428897648066268e-9,7.444082219430463e-8,7.22387466877891e-8,0.793650789965487,1.3807626181025697e-15,0.14429202380877912,1.8320982757121198e-13,5.626515906073481e-13,2.6175635599345895e-13
full_TAC,7,16,,95.29743051787948,15.759235736739589,3,2,LOCALLY_SOLVED,Solve_Succeeded,0.13622,0.8481428631518515,1.0551390207250709e7,59.155921140030266,10.374021579622042,503.58012475716095,9.022764898540955e-17,5.126570965080088e-17,8.256939056621912e-9,0.0,0.9999924448463903,0.400704268808556,6.435849919601148e-5,3.112681241527364e-5,8.162008388628768e-6,0.07935087563944232,1.3879951886373198e-5,1.7947481343363357e-6,1.5207029898555845e-8,3.5453871360679283e-9,3.0165390051391485e-8,1.937014481404869e-9,2.3939281179681202e-5,0.07948665055807248,1.4299932439459842e-6,1.5817433154690568e-7,1.5067093852042983e-8,3.57227863084696e-9,2.989246918089852e-8,1.9803192522719812e-9,1.5139118263953987e-8,3.6007310341403757e-9,2.9981491172815655e-8,1.9882790887306297e-9,1.4989413197088796e-8,3.541569115176794e-9,2.9796648210759356e-8,1.9717661120504657e-9,7.114359814212009e-6,2.925484104445085e-7,6.216039996424266e-7,4.835705954010168e-8,1.0377657934715993e-8,-4.900143756608976e-9,5.484373905272695e-9,-8.256622503926353e-9,0.9999495540565824,2.005992138568402e-7,2.8176755711844283e-7,1.8746020196751676e-8,1.0280899834162603e-8,-4.895751291596353e-9,5.361558099860624e-9,-8.239830730384334e-9,1.0330714741531491e-8,-4.923363855387446e-9,5.248915235153093e-9,-8.256939056621912e-9,1.0227139504162668e-8,-4.86481751225677e-9,5.488150832921162e-9,-8.220525710082604e-9,9.068898209587517e-7,0.12082974245096897,4.3182072535383286e-5,2.6664829424425555e-5,1.6896699887284267e-9,5.398657684467072e-9,9.384788015988462e-8,2.877850086658662e-8,2.659920131075688e-6,0.12103649062251946,4.448867870054172e-6,2.3500186401254555e-6,1.6741215391158862e-9,5.439606096971507e-9,9.299879300723982e-8,2.942188603375515e-8,1.6821242515504424e-9,5.4829313474410264e-9,9.327575031542648e-8,2.9540146461140783e-8,1.665490355232088e-9,5.392843879928299e-9,9.270068332236243e-8,2.9294810807606916e-8,0.7936510014232987,3.7299501438429066e-14,0.14430090236788085,3.8740138110255014e-12,1.2368572690619366e-11,5.91541029180465e-12
full_TAC,7,17,,95.29743051787948,14.544288915803445,3,3,LOCALLY_SOLVED,Solve_Succeeded,0.116172708,0.8481348201158024,1.0551376276868891e7,59.1554750288988,10.373380657984276,503.579991399531,1.5922526291542861e-16,1.5922526291542861e-16,9.000312355623342e-9,0.0,0.9999997941874988,0.4007202587985992,2.814177703885645e-6,1.5203867770832416e-6,2.758120467667419e-7,0.07936456952485434,5.171257265896875e-7,6.808497861524166e-8,1.341823595696571e-8,4.833092882451401e-9,3.040211290015851e-8,3.0790487072782667e-9,6.276411168064036e-7,0.0794794891054354,6.311963026520997e-8,1.2960185682903455e-8,1.0030801341647168e-8,5.172524492113702e-9,2.4462910679488278e-8,5.065721587394706e-9,1.0099226833237933e-8,5.259623980086045e-9,2.461962155525652e-8,5.125024941720172e-9,9.81355153699534e-9,4.906840311595042e-9,2.3989290618282138e-8,4.882402435409824e-9,3.644704808936151e-7,-1.2128715066465057e-9,8.935304546392851e-9,-8.252921391315232e-9,1.0487928395086036e-8,-5.982913174476527e-9,5.007222804726414e-10,-8.74628678092429e-9,0.9999983441029047,-3.883399681361902e-9,1.7676456665426314e-10,-8.871918063230767e-9,7.74370159443598e-9,-6.682380648531554e-9,-2.2615686756787344e-9,-8.948172048294439e-9,7.799537480345115e-9,-6.793257220009493e-9,-2.515460635379414e-9,-9.000312355623342e-9,7.566302150286553e-9,-6.3525609723751724e-9,-1.5040389189350336e-9,-8.780352086546863e-9,3.064578297408242e-8,0.12085059450375547,1.6088355938345833e-6,1.0115482537121618e-6,1.490915106329523e-9,7.359482343732815e-9,9.458435124493757e-8,4.574586650813424e-8,6.973790186737815e-8,0.12102558568327662,1.9637218304731987e-7,1.925513301459942e-7,1.1145334824052405e-9,7.87634411299132e-9,7.610683322507464e-8,7.526214929843562e-8,1.1221363148042142e-9,8.008972878767386e-9,7.659437817190916e-8,7.614322770555684e-8,1.0903946152217042e-9,7.47177956538336e-9,7.463334859021108e-8,7.253855046894594e-8,0.7936507899757159,1.3828570327600102e-15,0.14430044935418154,1.838248316241074e-13,5.64465274968666e-13,2.6249399854299856e-13
full_TAC,7,18,,95.29743051787948,13.329342094867304,3,3,LOCALLY_SOLVED,Solve_Succeeded,0.096807292,0.848134662200665,1.055137600298479e7,59.155469949736236,10.373372327284825,503.57998849690847,1.1278456123176193e-16,2.260449863409024e-22,9.658444609912627e-9,0.0,0.9999999525405715,0.4007204516946676,1.576635522032034e-6,1.2090361740192987e-6,7.655608732845153e-8,0.07936483983724064,2.7339828041436514e-7,3.8355099508475126e-8,7.491306294012732e-9,6.2161324568053465e-9,2.6400046834756644e-8,5.733104729309165e-9,1.3549166861867122e-7,0.07947929593574025,3.844383034379956e-8,1.1850724183614988e-8,3.879494408805196e-9,6.8477756865119995e-9,1.8037343284575308e-8,8.001339576180372e-9,3.8978586366950554e-9,6.9301244431044866e-9,1.8142010789521956e-8,8.034125548058378e-9,3.808251292898132e-9,6.5500564140698034e-9,1.7680282488784995e-8,7.884558415397056e-9,2.1547828320908012e-7,-7.606834639654048e-9,-4.5930903476903835e-9,-9.505947973276826e-9,8.414030932002283e-9,-7.681376075190718e-9,-4.647265553764575e-9,-9.384989680789272e-9,0.9999994587842231,-8.334150121185135e-9,-6.64196630007237e-9,-9.658444609912627e-9,4.372252013159342e-9,-8.434410026460917e-9,-6.626720295146606e-9,-9.606556055559892e-9,4.392375784485358e-9,-8.524548809348915e-9,-6.8000619182144935e-9,-9.632462951714321e-9,4.294221280265038e-9,-8.114802690566159e-9,-6.029416193603509e-9,-9.510234377290685e-9,8.506231925383503e-9,0.12085100611579823,8.505724279558027e-7,5.698471926973447e-7,8.323673660014145e-10,9.465474422862686e-9,8.213347904146511e-8,8.517755597830757e-8,1.505462984651902e-8,0.12102529153851357,1.1960302773626527e-7,1.7606790215656552e-7,4.3105493431168826e-10,1.0427294795370544e-8,5.6116179107567624e-8,1.1887704513182266e-7,4.330954040772283e-10,1.0552689492909104e-8,5.6441811345179405e-8,1.1936415099972445e-7,4.2313903254423667e-10,9.97394953960629e-9,5.50053232984422e-8,1.1714201074304196e-7,0.7936507853733796,6.257220187324857e-16,0.14430043489084296,1.0729991206943416e-13,3.179403680414286e-13,1.4480456044592607e-13
full_TAC,7,19,,95.29743051787948,12.11439527393116,3,2,LOCALLY_SOLVED,Solve_Succeeded,0.080498459,0.8481498546990811,1.0551402308166506e7,59.15629983946426,10.37469735906992,503.58023342662534,1.5922526291542861e-16,1.5922526291542861e-16,8.24883072173458e-9,0.0,0.9999865072058559,0.4006845647073392,0.00013037095278844212,6.36712735971404e-5,1.560469781794959e-5,0.07933657927540604,2.8252967423371348e-5,3.670234214377595e-6,1.52184416595312e-8,3.52410682233152e-9,3.0142196097341743e-8,1.9233263951812923e-9,4.2648874339932766e-5,0.0794929754626767,2.9251058507710177e-6,3.3057793435299316e-7,1.5111297453190983e-8,3.5282123506095565e-9,2.995347989904488e-8,1.944221715827285e-9,1.518035085532723e-8,3.555008795356868e-9,3.0038117137863726e-8,1.951545341580114e-9,1.505060102912987e-8,3.504642568684944e-9,2.987917201794664e-8,1.9377992598530903e-9,1.4251290007623798e-5,5.319249431331591e-7,1.1379254315657e-6,9.573861181902417e-8,1.0366631965936135e-8,-4.884633302408197e-9,5.5761089811506555e-9,-8.24883072173458e-9,0.9999074211844232,3.672243829800654e-7,5.40877784490628e-7,4.4028267241970854e-8,1.0292701762518452e-8,-4.869971839183496e-9,5.5558955932139915e-9,-8.231916992422409e-9,1.034035660996528e-8,-4.895186441836176e-9,5.450954357538732e-9,-8.247652300594386e-9,1.0250791539696336e-8,-4.845738789349822e-9,5.656518576226609e-9,-8.216824788154708e-9,1.7338553131055094e-6,0.1208079729875501,8.789812087271085e-5,5.45291940421814e-5,1.6909379621701327e-9,5.36625357036845e-9,9.377572119172985e-8,2.8575135014122054e-8,4.738763815548084e-6,0.12104612172725768,9.100329313509832e-6,4.911443596101611e-6,1.6790330503545533e-9,5.37250517024637e-9,9.318860413036185e-8,2.8885579778005376e-8,1.6867056505919138e-9,5.41330884747523e-9,9.345191998446491e-8,2.899438793204741e-8,1.6722890032366516e-9,5.336614820497528e-9,9.295742405583397e-8,2.8790160432103048e-8,0.7936511737241695,6.658059474855813e-14,0.14430127939551476,6.888317726853094e-12,2.1999660457057264e-11,1.0531211552014529e-11
full_TAC,7,20,,95.29743051787948,10.899448452995019,3,2,LOCALLY_SOLVED,Solve_Succeeded,0.073783125,0.8481347473211572,1.0551376150644634e7,59.15547191578574,10.373376629249739,503.579989995813,1.5922526291542861e-16,1.5922526291542861e-16,9.248397422846147e-9,0.0,0.9999998711858527,0.4007203377445181,2.2915544664972503e-6,1.36609833423565e-6,1.866465023837473e-7,0.0793646876714738,4.119382090272535e-7,5.5014592125763e-8,1.2060395821553086e-8,5.291419570931094e-9,2.973200622264942e-8,3.7387491080728955e-9,3.8561921516300677e-7,0.0794794035768565,5.238935471767494e-8,1.2423358250016867e-8,7.968122800365104e-9,5.58027242875482e-9,2.2259345749043502e-8,6.180791901482043e-9,8.014753779791232e-9,5.671901538783673e-9,2.2399224734488662e-8,6.237029578365675e-9,7.809627961869451e-9,5.28361947170804e-9,2.1815421949486313e-8,5.9943136896359585e-9,3.027037508428161e-7,-4.305012062752571e-9,2.496222840281778e-9,-8.850733128900571e-9,1.0150667026560735e-8,-6.471355239058033e-9,-1.1858739533781917e-9,-8.943809457206303e-9,0.9999988630401648,-6.035796604743553e-9,-2.90369089986076e-9,-9.233225310376372e-9,6.567415449050435e-9,-7.28664444821297e-9,-3.927705083246972e-9,-9.20279188591822e-9,6.608390963114048e-9,-7.400636719525621e-9,-4.166312827497449e-9,-9.248397422846147e-9,6.428110477218246e-9,-6.923884676392375e-9,-3.173930114833186e-9,-9.045658062008665e-9,2.0738500264860804e-8,0.1208507744088351,1.2815855391958998e-6,8.173596544399074e-7,1.3400439801725644e-9,8.057388892099618e-9,9.24995749149093e-8,5.5547129605654444e-8,4.284657946255629e-8,0.12102545544657693,1.6298910356609981e-7,1.8457560828596487e-7,8.853469778183446e-10,8.497233016513023e-9,6.92512978859131e-8,9.182890825059035e-8,8.90528197754581e-10,8.636759161329681e-9,6.968647695174248e-8,9.26644394500043e-8,8.677364402077165e-10,8.045511468282695e-9,6.787020162062408e-8,8.90583748174485e-8,0.7936507877500113,1.0122930290145676e-15,0.14430044297579214,1.4694378114459737e-13,4.456007029789348e-13,2.057909416787867e-13
full_TAC,7,21,,95.29743051787948,9.684501632058875,3,3,LOCALLY_SOLVED,Solve_Succeeded,0.015328833,0.9930437436145266,1.0803711434243882e7,43.26007170135792,9.684501872937599,503.57998750133106,3.1845052583085723e-16,3.1845052583085723e-16,9.927851765191555e-9,9.913138543973701e-9,1.0000000094746226,0.35556732626176574,-7.133160015293897e-9,-9.867287899324748e-9,-9.250158656017177e-9,-6.0467921283538284e-9,-2.0146637205907097e-9,-5.67367658590719e-10,-9.29153118047356e-9,-6.1681954474377945e-9,-2.158493568272619e-9,-5.714795773073052e-10,-8.618792051485446e-9,0.09171841564587563,5.056472889978093e-9,3.66525534834163e-9,-9.052076365417855e-9,-5.640034137791322e-9,-7.066006894457588e-10,-3.630141226584916e-10,-9.044145980581895e-9,-5.052860993806446e-9,5.197253722298563e-10,6.204889668828361e-11,-9.155765526335713e-9,-6.087450441653901e-9,-1.9143815279370034e-9,-5.44931382122047e-10,-6.7088355824170945e-9,0.07936511855029903,-4.402279895512576e-9,-9.569996642123264e-9,-7.38034360644922e-9,2.237086809962909e-8,6.010019155670278e-9,-4.098767925620736e-9,1.0000000067305703,0.044821669436374334,-6.723590096527316e-9,-9.65399424639174e-9,2.9784562129037735e-8,1.4088097419133574e-8,-1.2469595558706018e-10,-4.807736646250842e-9,5.104363745079472e-8,1.3062809276349311e-8,-2.9811194125767634e-9,-7.098065557241913e-9,-3.5366686420283863e-9,1.333944918987032e-8,6.095597970285234e-9,-1.2868378792676703e-9,-1.0277954062241303e-9,-9.207615286356965e-9,-6.267842686282208e-9,-8.429462356204968e-9,-1.0323923533859508e-9,-9.392479431325731e-9,-6.715313323514815e-9,-8.490553719994247e-9,-9.576435612761603e-10,0.13966213291531057,1.5731248991042954e-8,5.44552223182185e-8,-1.0057862628242057e-9,-8.588233800727693e-9,-2.198313256053472e-9,-5.393352679497589e-9,-1.0049051089535437e-9,-7.694129240568905e-9,1.6169233802706638e-9,9.21869322225928e-10,-1.0173072807039677e-9,-9.269526808882076e-9,-5.955853642470677e-9,-8.096123391527554e-9,0.7936507838578344,-1.954390168166839e-15,0.16699510269789788,-8.232057512416252e-13,-2.0920999726821764e-12,-1.1135863937840227e-12
full_TAC,8,1,,90.96370358317702,33.98343805078173,3,3,LOCALLY_SOLVED,Solve_Succeeded,0.098749334,0.8330939456884091,1.0523057256299982e7,90.96370444918917,31.725207696851626,503.57998755472266,1.5922526291542861e-16,1.5922526291542861e-16,9.943927765810605e-9,9.991540270334327e-9,1.0000000073551742,0.44975572032861466,2.9092447249787483e-7,0.02918901628763062,-9.229894641242292e-9,-6.22349148365201e-9,-2.0858393780842315e-9,-5.59520643720398e-10,-8.451929169362298e-9,-5.365210600761576e-9,1.1127703407909002e-9,-2.1554074883244138e-10,-7.496701749984778e-9,1.4933710167342182e-8,3.1171113826822266e-8,1.159870449071553e-8,-7.821103397708363e-9,-1.387496804680814e-10,1.1783915506770681e-8,8.521632470258674e-9,-7.496701728032316e-9,0.1782815525994454,2.9314692362961614e-8,1.137404541569109e-8,-8.499077364524621e-9,-5.643900388647982e-9,-2.244636557393615e-10,-3.6944017179056515e-10,-8.888037299064973e-9,-8.528109710137167e-9,-1.4176453840760177e-9,0.0291885660181119,-5.945413602808715e-9,1.1315387884140354e-8,1.3704257223619357e-8,-2.1981683444420733e-9,0.3118752556479694,-9.712818310795887e-9,-9.371075137488513e-9,-9.943927765810605e-9,6.800294828538128e-9,6.032250855129991e-10,-4.438702142843627e-9,-9.441526938543542e-9,0.6881248204334443,-9.075206031569751e-9,-8.43047754939314e-9,-9.864478343945745e-9,-6.25374098860956e-9,6.90885907923914e-9,8.692449584689154e-9,4.5522437891886204e-10,-1.025543849026921e-9,-9.476680213742832e-9,-6.489278065150942e-9,-8.312878135274486e-9,-9.391032410402548e-10,-8.169752505705126e-9,3.4619521713494674e-9,-3.2023196969391282e-9,-8.329668611094195e-10,2.27399677548165e-8,9.697679857233592e-8,1.7232360957634497e-7,-8.690114886342623e-10,-2.112779225309421e-10,3.666107046550879e-8,1.2660711098670028e-7,-8.329668586702571e-10,0.2714741823673373,9.12012651292139e-8,1.6898581760455328e-7,-9.443419293916242e-10,-8.594121046350334e-9,-6.983313734113468e-10,-5.4888254094598246e-9,0.7936507841914604,-2.6534775277099687e-15,0.035145039310545065,-1.0535680217013278e-14,0.86610555536563,-3.122920608245748e-13
full_TAC,8,2,,90.96370358317702,32.76849122984559,3,3,LOCALLY_SOLVED,Solve_Succeeded,0.098591125,0.833093945688408,1.052305725629998e7,90.96370444918918,31.72520769685143,503.57998755472255,1.5922526291542861e-16,1.5922526291542861e-16,9.94392776533967e-9,9.991540434290835e-9,1.0000000073551742,0.4497557203286196,2.9092447281531647e-7,0.02918901628761938,-9.229894630065974e-9,-6.2234914766057855e-9,-2.0858393565731404e-9,-5.595206433330007e-10,-8.451929159174971e-9,-5.365210590907958e-9,1.1127703562560238e-9,-2.1554077061798178e-10,-7.496701738607074e-9,1.493371016746146e-8,3.117111359528797e-8,1.1598704229332068e-8,-7.821103377657561e-9,-1.3874918549330312e-10,1.1783915950327855e-8,8.521632318842045e-9,-7.49670171665459e-9,0.17828155259944697,2.931469214325779e-8,1.1374045154246256e-8,-8.499077354835626e-9,-5.643900382237327e-9,-2.2446364590176208e-10,-3.694401810882285e-10,-8.888037278008658e-9,-8.528109659484466e-9,-1.4176450875429475e-9,0.029188566018111838,-5.945413562776509e-9,1.131538796329522e-8,1.3704257219214741e-8,-2.1981683619128645e-9,0.3118752556479719,-9.71281831050446e-9,-9.37107513626161e-9,-9.94392776533967e-9,6.800295508484081e-9,6.032246659388234e-10,-4.438702257523724e-9,-9.441526926101156e-9,0.6881248204334407,-9.075206042089904e-9,-8.430477557902942e-9,-9.86447834251031e-9,-6.253740953732893e-9,6.9088590984575255e-9,8.692449571085781e-9,4.552243745862625e-10,-1.0255438477851078e-9,-9.476680203013355e-9,-6.4892779982275475e-9,-8.312878129518866e-9,-9.391032399083297e-10,-8.169752490700753e-9,3.461952219463184e-9,-3.2023200206100145e-9,-8.329668598452301e-10,2.2739967754998132e-8,9.697679785200702e-8,1.7232360569293356e-7,-8.690114864063954e-10,-2.1127716881934792e-10,3.666107184546443e-8,1.2660710873708178e-7,-8.329668574060651e-10,0.27147418236733967,9.120126444569091e-8,1.6898581372023004e-7,-9.443419283150693e-10,-8.594121036588656e-9,-6.98331342805482e-10,-5.488825547596538e-9,0.7936507841914604,-2.653477497684989e-15,0.035145039310545044,-1.0535680478832385e-14,0.8661055553656295,-3.122920578569245e-13
full_TAC,8,3,,90.96370358317702,31.553544408909442,3,3,LOCALLY_SOLVED,Solve_Succeeded,0.072857458,0.8357424613996709,1.0527674767399827e7,90.9637044318879,31.55354466385991,503.5799875617986,2.093680252700111e-16,1.5922526291542861e-16,9.923479836336323e-9,1.0492248033208478e-8,1.0000000072604438,0.4500077888304971,4.3795968709332224e-7,0.027799183067457822,-8.523724377306524e-9,-5.619198925606786e-9,-4.686549555698336e-10,-5.433645742550303e-10,-8.156166520277135e-9,-5.157038878542209e-9,8.979186734206832e-10,-5.058087329116294e-10,-7.035711857944358e-9,1.492869889121407e-8,2.367118298290401e-8,2.9280488326995234e-9,-7.24711560616377e-9,1.4422967526839616e-8,2.393398484919166e-8,2.250064407738891e-9,-7.035711828077839e-9,0.17688389948002742,2.2207295472300936e-8,2.661167193353287e-9,-8.174476882074812e-9,-5.460058998805779e-9,-1.481822300407876e-10,-5.265142236649682e-10,-7.060995778133464e-9,0.0037779262640016734,1.5289434739096257e-7,0.027799114243899498,-5.125855751164252e-9,1.2289413409326309e-8,1.367017366244626e-8,-2.429912138361735e-9,0.3160765753098183,-9.701172733646538e-9,-9.324322732871779e-9,-9.923479836336323e-9,2.85549166168079e-8,-8.351193432829386e-9,-7.118975403961771e-9,-8.661774536813936e-9,0.683923472137606,-9.322059831357586e-9,-8.660328645128173e-9,-9.80109575273323e-9,-5.251815584035892e-9,7.2403927167184345e-9,8.336442009469965e-9,3.1713312675285355e-10,-9.470804863673912e-10,-8.55650745490124e-9,-1.4580376395505935e-9,-8.072845103217591e-9,-9.06240724475237e-10,-7.85276374687109e-9,2.793524761753237e-9,-7.514872603258493e-9,-7.817457619938173e-10,2.273233694798506e-8,7.364368039125692e-8,4.35024398001072e-8,-8.052350673515297e-10,2.1962246006778504e-8,7.446128619748516e-8,3.3429528343549235e-8,-7.817457586753152e-10,0.2693459378445872,6.90893636916029e-8,3.953734115839169e-8,-9.082752091194232e-10,-8.314180748181526e-9,-4.61011382349117e-10,-7.822497037308099e-9,0.7936507841634151,-1.781669770281389e-15,0.03561847323819116,-1.298189356391513e-14,0.8601001097316019,-2.0800860924295616e-13
full_TAC,8,4,,90.96370358317702,30.3385975879733,3,3,LOCALLY_SOLVED,Solve_Succeeded,0.069523708,0.8523889152270567,1.0556706485876517e7,90.96370431872637,30.338597692063193,503.579987847607,4.776757887462858e-16,4.776757887462858e-16,9.793163358184585e-9,8.486337054820315e-9,1.0000000019546813,0.45179080508402825,6.395064836790376e-7,0.017965081011517534,-5.650614045334362e-9,-3.2496270000192e-9,6.521281184974125e-9,-2.66527472275843e-10,-6.187750767060945e-9,-3.976647745836146e-9,4.172146350850828e-9,-3.005924944147061e-10,-8.475825778927185e-10,1.6411719918797038e-8,3.498477093726272e-8,5.225621480376049e-9,-3.0130775966337097e-9,1.0737461152087246e-8,2.453626262623838e-8,2.952761520809642e-9,-8.475823323036721e-10,0.16699118885417322,3.3193464630835583e-8,4.8778598872311685e-9,-6.324420950499747e-9,-4.311674810651951e-9,2.6784200974335104e-9,-3.37471693385358e-10,-1.7556642135523694e-9,0.030517556875704583,1.9569634180843307e-7,0.017964916585898716,-3.4966202869481454e-9,3.0346342655793794e-9,1.70820014392924e-8,-8.191238617579548e-10,0.34581189929678213,-9.178140011481291e-9,-8.163648256345991e-9,-9.793163358184585e-9,1.9288624350073202e-8,-6.626669963770927e-9,-4.148929588925681e-9,-8.534928758398215e-9,0.6541881179190765,-8.049617167862666e-9,-6.5473365901716e-9,-9.508179957067684e-9,-3.885262932807906e-9,3.217663658907939e-9,9.455299797753175e-9,3.9054526979183124e-10,-6.278460050371511e-10,-4.948295659120145e-9,2.0288430353252828e-8,-3.959836730955381e-9,-6.875278630067714e-10,-6.055349976614131e-9,1.2980010869313683e-8,-4.4659456313042045e-9,-9.417584198807978e-11,2.4990573512713667e-8,1.0884150958259512e-7,7.763780485130129e-8,-3.347863996259676e-10,1.6350224936132852e-8,7.633503928163052e-8,4.386959973774325e-8,-9.417581470040796e-11,0.2542820375734001,1.0326855662926626e-7,7.247106118172021e-8,-7.027134389444162e-10,-6.565504825310924e-9,8.332862525348698e-9,-5.013865158868176e-9,0.7936507850778879,-1.4161125184098363e-15,0.03896933456878295,1.0600748384430834e-14,0.8175949178206124,-1.3897764537225482e-13
full_TAC,8,5,,90.96370358317702,29.12365076703716,3,3,LOCALLY_SOLVED,Solve_Succeeded,0.071417625,0.8664133116909033,1.0581178982849307e7,90.96370431199257,29.123650820119074,503.5799878673165,1.5922526291542861e-16,1.5922526291542861e-16,9.790834417364625e-9,8.40864642736035e-9,1.000000001447716,0.4535738710077,6.473742184386244e-7,0.008130936353396111,-5.435559661044735e-9,-3.0654624549210855e-9,7.161573310761971e-9,-2.1952317983412026e-10,-6.0799816364021694e-9,-3.928722786963301e-9,4.377791506846369e-9,-2.6750802534914816e-10,-3.3292771082652816e-10,1.634879315470353e-8,3.567163881423225e-8,6.307965865477857e-9,-2.858856546718242e-9,9.960733423305119e-9,2.353574858780292e-8,3.742775048230257e-9,-3.329275019462188e-10,0.1570984938462683,3.4003749976269476e-8,5.985564553284509e-9,-6.2035464178367435e-9,-4.243397326474106e-9,2.8719719398781603e-9,-3.0816074502448797e-10,-1.4025736208689667e-9,0.05725719627513004,1.9762845029286526e-7,0.008130722988679508,-3.4392079138153625e-9,2.522055914776283e-9,1.6764868063244968e-8,-6.855482850278663e-10,0.375547202185186,-9.149005676063221e-9,-8.101933365891559e-9,-9.790834417364625e-9,1.7090801511010434e-8,-6.6258135302984316e-9,-4.1715826483331246e-9,-8.707484173103252e-9,0.6244528143965459,-7.980103141707044e-9,-6.450129455480213e-9,-9.520360291105761e-9,-3.7788144550233925e-9,3.012673444078443e-9,9.25659632729982e-9,3.8842943330029396e-10,-6.039510734494148e-10,-4.6678632836298346e-9,2.228045030014835e-8,-3.2614872432497864e-9,-6.755535151557963e-10,-5.982373334694117e-9,1.3619795799077591e-8,-3.974404948044486e-9,-3.699196786961422e-11,2.4894753212844007e-8,1.1097843186650032e-7,9.371835000138527e-8,-3.176507274131379e-10,1.5167480440032792e-8,7.32223289398313e-8,5.560694357370668e-8,-3.699194466069096e-11,0.23921816108409036,1.0578944437061613e-7,8.892838764879841e-8,-6.892829353151935e-10,-6.461536838040115e-9,8.935023812954277e-9,-4.578388211792391e-9,0.7936507850898141,-1.3371427372600407e-15,0.042320189141727665,1.6091897234989506e-14,0.7750897710787554,-1.266799481680058e-13
full_TAC,8,6,,90.96370358317702,27.908703946101014,3,2,LOCALLY_SOLVED,Solve_Succeeded,0.065248625,0.8808782991229883,1.060641757738822e7,90.96370437712963,27.90870418538302,503.579987592151,1.5922526291542861e-16,1.5922526291542861e-16,9.898528250047747e-9,9.847427131859585e-9,1.0000000065852026,0.45537255219614314,3.556369301197251e-7,1.1811701867555286e-9,-5.747843479424035e-9,0.0029512199767655696,1.9352633674966873e-8,-4.676441969553173e-10,-7.4415679636966255e-9,-4.649602459574857e-9,1.3976183370021428e-9,-5.164625013361905e-10,-5.6906589364940455e-9,1.4768758928722408e-8,2.0232139185408673e-8,1.190646244961645e-9,-6.082398584446909e-9,1.6848263405239423e-8,2.5571384904193925e-8,1.8642556301265066e-9,-5.6906589085393e-9,0.14726664840275408,1.949900522867395e-8,1.0849616785251932e-9,-6.830978394060954e-9,-3.867098237036807e-9,2.582158100964865e-9,-4.919606485974453e-10,3.0961144330329944e-7,0.07641379264874713,9.810703363162515e-10,-9.36748298526144e-9,-3.713139876195785e-9,1.0053024543609674e-8,1.2075067687262488e-8,-1.877490571102854e-9,0.4084918784572339,-9.652801482551793e-9,-9.194728860814954e-9,-9.898528250047747e-9,3.299307278358793e-8,-9.161259717574228e-9,-8.130448057654065e-9,-9.526737678092493e-9,0.5915078289329411,-9.410281748133441e-9,-8.735608588555879e-9,-9.797157633534571e-9,1.9526586371685135e-9,6.030932984616364e-9,4.253493274861805e-9,-5.916296875492868e-10,-6.386492754915591e-10,0.00449390314643848,6.020819365545248e-8,-6.947856640478999e-9,-8.268408848551802e-10,-7.080076472534441e-9,4.3481459373399996e-9,-7.673157162709116e-9,-6.32295437388227e-10,2.248879200510003e-8,6.294443302127141e-8,1.7689601353715863e-8,-6.758220649385453e-10,2.565531018525094e-8,7.955541970193666e-8,2.7697512219022382e-8,-6.322954342821441e-10,0.22424694188601188,6.066357182254117e-8,1.6119430652374296e-8,-7.589975993401057e-10,-5.888535951851501e-9,8.033380758557357e-9,-7.309129636304902e-9,0.7936507841702644,-7.390793336833123e-16,0.046032695579070894,7.461626228020197e-15,0.7306155294191929,-9.196488961790932e-14
full_TAC,8,7,,90.96370358317702,26.693757125164872,3,3,LOCALLY_SOLVED,Solve_Succeeded,0.066305958,0.9064170860127589,1.0650911244397683e7,90.96370437200837,26.693757344894443,503.57998760357617,1.5922526291542861e-16,1.5922526291542861e-16,9.891891237000482e-9,9.101073455277506e-9,1.0000000062541932,0.45724491483091234,3.918079433637506e-7,1.6366869274771507e-8,-5.413556520841456e-9,0.019989837053475137,2.4213944309202912e-8,-4.5839672068910314e-10,-7.294063765295138e-9,-4.556749092196001e-9,1.7332601026082877e-9,-5.105759414987471e-10,-5.3472839138199854e-9,1.4679437678593654e-8,2.13982668470514e-8,1.5308687840088043e-9,-5.817235879024647e-9,1.636649793683876e-8,2.5916222150500152e-8,2.085087839928808e-9,-5.347283898774271e-9,0.1377242772845244,2.0892051283298913e-8,1.4414987833908205e-9,-6.643164938377892e-9,-3.722674935064611e-9,2.985936835066651e-9,-4.849281032335111e-10,3.1103768023361117e-7,0.05937517304548196,2.0297471952559416e-9,-9.319047319236473e-9,-3.5445428674199314e-9,9.306379989077791e-9,1.2273737312924545e-8,-1.7380944268117068e-9,0.4567558358609473,-9.6355719013722e-9,-9.15750310851568e-9,-9.891891237000482e-9,3.1298286578443126e-8,-9.123015920355525e-9,-8.065162176775798e-9,-9.483244936779292e-9,0.5432438694234191,-9.379976422379432e-9,-8.67960472025363e-9,-9.780413521644918e-9,2.0257237778358103e-9,5.649416135247991e-9,4.054704802676576e-9,-5.625200339963489e-10,-6.01506280093495e-10,0.03043907005870078,7.533227118418683e-8,-6.810465564523817e-9,-8.104515294772374e-10,-6.938686117662091e-9,5.392364763670228e-9,-7.585699702267098e-9,-5.941426570911093e-10,2.235278010149488e-8,6.657238574638214e-8,2.2744336219559377e-8,-6.463595421138495e-10,2.4921712767459017e-8,8.062824669044491e-8,3.097844790751372e-8,-5.941426554193632e-10,0.2097165131377985,6.49974928813744e-8,2.1416553353235045e-8,-7.381294375975431e-10,-5.668618651121111e-9,9.289581264651803e-9,-7.204646105183592e-9,0.7936507841762519,-6.906343269566634e-16,0.05147153222470029,1.2111332711584384e-14,0.6767414610286464,-8.09274615751931e-14
full_TAC,8,8,,90.96370358317702,25.47881030422873,3,3,LOCALLY_SOLVED,Solve_Succeeded,0.068124917,0.9275570101981533,1.068775618881552e7,90.96370436920034,25.47881050040974,503.57998761544616,1.5922526291542861e-16,1.5922526291542861e-16,9.889472606560925e-9,9.068676141124248e-9,1.0000000057668104,0.45912746365738466,4.096901032415524e-7,7.30597225153785e-8,-4.9883076241946385e-9,5.947244573055914e-8,2.7291418863969606e-8,-4.2701886247051813e-10,-7.1142338399422085e-9,-4.480557113381412e-9,2.082700352169943e-9,-4.915742287721257e-10,-4.988307460980478e-9,1.427385525529837e-8,2.195874011557797e-8,2.752495896262825e-9,-5.568267639924437e-9,1.5105200102465016e-8,2.444530316070155e-8,3.0256394107138796e-9,-4.988307491329789e-9,0.16525113517838283,2.2119668556858824e-8,2.759237682444921e-9,-6.481636671938519e-9,-3.7722764592438e-9,3.103777287938674e-9,-4.65008993008957e-10,0.13101637973261684,0.04224372907179085,4.029753127274261e-9,-9.216782600618591e-9,-3.2109837397859386e-9,8.380651381437247e-9,1.2143424239200587e-8,-1.5236739181700226e-9,0.5048567032113532,-9.618297066891349e-9,-9.122790902860852e-9,-9.889472606560925e-9,2.8178420439409023e-8,-9.071798705093124e-9,-7.993872216075268e-9,-9.516596126802365e-9,0.3641269339980194,-9.3442079247736e-9,-8.619186810363742e-9,-9.77787627943796e-9,1.7785629079689439e-9,5.347141779061028e-9,4.023941529153715e-9,-4.542431635849089e-10,-5.542564026882929e-10,9.056031508971503e-8,8.490663646568321e-8,-6.344280242419127e-9,-7.904704266602451e-10,-6.822666513558058e-9,6.479512206750934e-9,-7.303388541757295e-9,-5.542563845533863e-10,2.1735188684204332e-8,6.83160803595759e-8,4.089422474447625e-8,-6.186964044360484e-10,2.3001100156026272e-8,7.605205427773816e-8,4.495235695917764e-8,-5.542563879255319e-10,0.25163241038526474,6.881674662133858e-8,4.099438842489597e-8,-7.201818524376128e-10,-5.744148244757604e-9,9.656196006920317e-9,-6.908705038990218e-9,0.7936507841820658,-6.647235291983008e-16,0.056891991099082134,1.792022662401597e-14,0.6228539844352927,-7.13157044374105e-14
full_TAC,8,9,,90.96370358317702,24.26386348329259,3,3,LOCALLY_SOLVED,Solve_Succeeded,0.065641333,0.9442498238870393,1.0716868517598959e7,90.96370436681492,24.263863650256468,503.5799876271075,1.5922526291542861e-16,1.5922526291542861e-16,9.891760876206583e-9,9.041154565612212e-9,1.0000000052192999,0.46100449361649615,4.295382055902937e-7,1.6031692999377185e-7,-4.61625120216919e-9,2.9082603211681053e-8,3.147256594633288e-8,-3.605692481584634e-10,-6.944881661673963e-9,-4.403035401125588e-9,2.455637311580405e-9,-4.565600492044191e-10,-4.616251074027419e-9,1.3968533818594614e-8,2.2685245938542287e-8,4.6660458759686256e-9,-5.357514022740278e-9,1.3483764274444336e-8,2.198738028422161e-8,4.427387103420359e-9,-4.6162511607342116e-9,0.17276619971142446,2.3495324639740765e-8,4.782009215252359e-9,-6.335333172042111e-9,-3.810659399172168e-9,3.2327362128412467e-9,-4.256050759556406e-10,0.1913035798150077,0.025162383374770645,6.406179489498222e-9,-9.08140363160878e-9,-2.9529702683984697e-9,7.421229684647779e-9,1.1781115271506794e-8,-1.2801172025563653e-9,0.5530456378560212,-9.602380306017795e-9,-9.091431220907081e-9,-9.891760876206583e-9,2.3601892466001734e-8,-9.026708580619837e-9,-7.947558376771242e-9,-9.602811330058347e-9,0.25565080155020137,-9.31081222882726e-9,-8.564596495097552e-9,-9.793173203302273e-9,1.445239010653145e-9,5.041714295633632e-9,3.935725551999042e-9,-3.524563577576753e-10,-5.129168002410209e-10,4.428487307233251e-8,9.79146496108134e-8,-5.357028829782883e-9,-7.716535179637734e-10,-6.704622088077599e-9,7.639760524916815e-9,-6.783177873894226e-9,-5.129167860030464e-10,2.127026740558725e-8,7.05763206976871e-8,6.932411015724814e-8,-5.952793358600307e-10,2.0532095599722053e-8,6.840518310646722e-8,6.577832267938817e-8,-5.129167956371345e-10,0.2630758041060327,7.309656554586015e-8,7.10469940551779e-8,-7.039259080046787e-10,-5.802594994193983e-9,1.0057401551061655e-8,-6.3232754141980886e-9,0.7936507841878372,-6.410995099516502e-16,0.062322375027962076,2.4892955235610734e-14,0.5689737075493635,-6.207426611411598e-14
full_TAC,8,10,,90.96370358317702,23.048916662356444,3,3,LOCALLY_SOLVED,Solve_Succeeded,0.072852833,0.9565181605106218,1.073828758565592e7,90.96370436616371,23.048916793772634,503.5799876393368,2.2556912246352386e-16,1.5922526291542861e-16,9.896505007085088e-9,9.033641258623377e-9,1.0000000044292636,0.4628815211081792,4.461256963135821e-7,2.5596344365244435e-7,-4.214532926162857e-9,1.3155162939754547e-8,3.4883846021958304e-8,-2.2413127384056316e-10,-6.76571012345635e-9,-4.357647370184209e-9,2.8111150719171895e-9,-3.9745575414339776e-10,-4.214532809570823e-9,1.3525024049596575e-8,2.319536320322419e-8,6.694310628827654e-9,-5.176132646709677e-9,1.1636077747057057e-8,1.9171757052503668e-8,5.954729209349591e-9,-4.214533025335223e-9,0.18028125076919363,2.5036661481711534e-8,6.96489040207545e-9,-6.215189612357552e-9,-3.9533866454771905e-9,3.1830595830023817e-9,-3.6255154983196987e-10,0.25159073824718764,0.008081034013831635,1.1089257060999943e-8,-8.829412831636798e-9,-2.6845659540325753e-9,6.367095812546507e-9,1.1358002003642532e-8,-1.0069909798038158e-9,0.6012345781245295,-9.586754565042492e-9,-9.062685440331588e-9,-9.896505007085088e-9,1.8911920136380075e-8,-8.972831821362138e-9,-7.90306827950941e-9,-9.677889816241402e-9,0.14717470514150408,-9.273418410039044e-9,-8.507408509869855e-9,-9.813359901581844e-9,9.116114349945915e-10,4.788413340423676e-9,3.993078442012881e-9,-2.2766560127544645e-10,-4.682814362403173e-10,2.0031725385535333e-8,1.085275209572036e-7,-3.329950354202653e-9,-7.517455692729275e-10,-6.635508495507772e-9,8.745691334853479e-9,-5.905056918701909e-9,-4.682814232856468e-10,2.0594922984612964e-8,7.21633521878086e-8,9.945832934258227e-8,-5.751258496344083e-10,1.7718572933018697e-8,5.964546638556695e-8,8.847026253890819e-8,-4.682814472594691e-10,0.27451917730763575,7.789183572088032e-8,1.0347837168797811e-7,-6.905766235952834e-10,-6.019929664703903e-9,9.902852036007409e-9,-5.386480168932123e-9,0.7936507841937852,-6.292162843981806e-16,0.06775275963267326,3.2515081088318e-14,0.5150934242208488,-5.3298355887613054e-14
full_TAC,8,11,,90.96370358317702,21.833969841420302,3,1,ALMOST_LOCALLY_SOLVED,Solved_To_Acceptable_Level,0.059677416,0.8543093483155566,1.0562004258012844e7,59.197204710546835,11.874578097889728,503.5847600500986,3.1845052583085723e-16,3.1845052583085723e-16,8.239500176255126e-9,0.0,0.9997446104362372,0.2703401739786343,0.5334134863118779,0.06266251946247284,0.0006543760169213961,0.0018753809295491285,0.05586958674854804,0.003938439876376967,1.5230337861058463e-8,3.4978677245529194e-9,3.0117510757898275e-8,1.9072815475520964e-9,0.0006870083518081618,0.10527945981861866,0.07386934561122296,1.302623057301679e-5,1.5197692488636998e-8,3.4879069505561144e-9,3.007509350162343e-8,1.9056430250623493e-9,1.5312464854509827e-8,3.531594028237737e-9,3.0214689299691936e-8,1.9172611156272475e-9,1.5190823593901985e-8,3.4853712701724316e-9,3.0066994395020974e-8,1.9049692497183935e-9,0.17251729085138737,1.0403904081987148e-5,2.489394566086781e-5,2.212560065043613e-6,1.0352172194604902e-8,-4.866258039993306e-9,5.687120688868696e-9,-8.239500176255126e-9,0.8257367833914978,7.3149514451946975e-6,1.6907585075358305e-5,1.256180103931291e-6,1.0329705914735104e-8,-4.834000137641167e-9,5.811369155857288e-9,-8.22092565017128e-9,1.0408664185912184e-8,-4.849042445340408e-9,5.7372413490128885e-9,-8.232744188005848e-9,1.0324978014334419e-8,-4.812836944194011e-9,5.894279163485103e-9,-8.209332735578265e-9,7.270844632459953e-5,0.002855693688177082,0.1738164921065939,0.058513963877600654,1.6922597623398285e-9,5.326298580569219e-9,9.369892235790574e-8,2.8336754420773995e-8,7.633426131201794e-5,0.16031190472380571,0.22981574190158252,0.0001935325685133923,1.6886324987374434e-9,5.31113103834681e-9,9.356695756060621e-8,2.8312410658069188e-8,1.7013849838344245e-9,5.377654542998371e-9,9.400125559904157e-8,2.8485022289319102e-8,1.6878692882113307e-9,5.307269888671657e-9,9.354176034006523e-8,2.830240028153041e-8,0.7936583095761993,1.2819246857757577e-12,0.1443258132660805,1.3193669442893986e-10,4.2437087430097926e-10,2.0408901660593223e-10
full_TAC,8,12,,90.96370358317702,20.61902302048416,3,2,LOCALLY_SOLVED,Solve_Succeeded,0.158226834,0.848142863187054,1.0551390207311183e7,59.15592114163323,10.374021589452246,503.5801247573948,2.2556912246352386e-16,1.5922526291542861e-16,8.25693902914023e-9,0.0,0.9999924448160898,0.40070426855085545,6.435872812660852e-5,3.1127379170632035e-5,8.162026197930085e-6,0.07935087551763463,1.3880004261065816e-5,1.7947833223777841e-6,1.520702980736203e-8,3.5453869862301656e-9,3.016538986233755e-8,1.9370145076652324e-9,2.3939349611417675e-5,0.07948665057741774,1.4299961727395965e-6,1.5817487440629385e-7,1.506709390085772e-8,3.5722784121936773e-9,2.989246931201122e-8,1.98031920456613e-9,1.5139118304570196e-8,3.600730810378279e-9,2.998149129152578e-8,1.9882790394986268e-9,1.4989413289555403e-8,3.5415689157921607e-9,2.979664839787152e-8,1.9717660697776164e-9,7.1143717998028796e-6,2.925488887473886e-7,6.216050818432034e-7,4.835717620515264e-8,1.037765775041388e-8,-4.900143718542293e-9,5.484374210256281e-9,-8.256622473865511e-9,0.9999495539184733,2.0059952152824666e-7,2.8176804363493744e-7,1.8746070588006993e-8,1.0280899747800844e-8,-4.89575122856769e-9,5.361558709076723e-9,-8.239830706452489e-9,1.0330714648889974e-8,-4.9233637860011095e-9,5.2489158628142685e-9,-8.25693902914023e-9,1.0227139448678568e-8,-4.8648174673586504e-9,5.488151375027897e-9,-8.220525697377105e-9,9.068917997700092e-7,0.1208297422654891,4.318223547887142e-5,2.6665352218184218e-5,1.6896699785957804e-9,5.398657456305024e-9,9.384787957171682e-8,2.8778501256740595e-8,2.6599277346019628e-6,0.12103649065197701,4.448876981856522e-6,2.3500267054649365e-6,1.6741215445397461e-9,5.43960576402219e-9,9.2998793415146e-8,2.9421885324982497e-8,1.6821242560633545e-9,5.482931006712379e-9,9.327575068474686e-8,2.954014572969388e-8,1.6654903655061552e-9,5.392843576319881e-9,9.270068390448917e-8,2.9294810179553155e-8,0.7936510014236559,3.72995580743223e-14,0.14430090236891716,3.874019697452928e-12,1.2368591473402757e-11,5.915419284519056e-12
full_TAC,8,13,,90.96370358317702,19.404076199548015,3,3,LOCALLY_SOLVED,Solve_Succeeded,0.156339166,0.8481428631705002,1.0551390207282595e7,59.155921140746344,10.37402158696391,503.5801247571846,4.5113824492704774e-17,1.0253141930160176e-16,8.256939059679268e-9,0.0,0.9999924448305242,0.4007042686175322,6.435859418438013e-5,3.112724627005306e-5,8.162011761748186e-6,0.07935087555743514,1.3879974690740293e-5,1.7947752860846432e-6,1.5207029773554948e-8,3.5453870658016103e-9,3.0165389946848654e-8,1.9370145424585207e-9,2.393930719558777e-5,0.07948665056434787,1.4299935147598439e-6,1.5817453796125236e-7,1.506709375757114e-8,3.572278569403798e-9,2.989246911613832e-8,1.9803193161962554e-9,1.5139118173394267e-8,3.600730974121002e-9,2.998149111314991e-8,1.9882791535054105e-9,1.4989413089664653e-8,3.541569048744041e-9,2.9796648129710545e-8,1.9717661740978774e-9,7.114359344981104e-6,2.925484438772466e-7,6.216041153280965e-7,4.8357084811366337e-8,1.0377657802952306e-8,-4.900143765037487e-9,5.48437391757576e-9,-8.256622498539634e-9,0.9999495540085319,2.0059920803700776e-7,2.81767566501834e-7,1.8746023416699756e-8,1.028089972385031e-8,-4.895751311016652e-9,5.3615580712632766e-9,-8.239830732319657e-9,1.0330714633742014e-8,-4.923363876505377e-9,5.2489151992830005e-9,-8.256939059679268e-9,1.0227139385079461e-8,-4.8648175264172766e-9,5.488150826357666e-9,-8.220525708619529e-9,9.068901957497982e-7,0.12082974232609442,4.3182143482303134e-5,2.6665232821828985e-5,1.6896699748394383e-9,5.398657577470633e-9,9.384787983464024e-8,2.8778501773669444e-8,2.659923021731974e-6,0.12103649063207514,4.4488687125861806e-6,2.3500217068528924e-6,1.6741215286190147e-9,5.439606003410328e-9,9.299879280576367e-8,2.942188698348722e-8,1.6821242414882512e-9,5.4829312560478895e-9,9.327575012979971e-8,2.9540147423508952e-8,1.665490343296072e-9,5.392843778769335e-9,9.270068307021058e-8,2.9294811729454178e-8,0.7936510014233252,3.729950262392583e-14,0.14430090236815335,3.874013981121078e-12,1.2368573208902785e-11,5.915410531667649e-12
full_TAC,8,14,,90.96370358317702,18.189129378611874,3,3,LOCALLY_SOLVED,Solve_Succeeded,0.190321375,0.8497779728260134,1.055423395647874e7,59.12851345345173,10.372930381247059,503.57999143936615,1.5922526291542861e-16,1.5922526291542861e-16,8.994235681114196e-9,0.0,0.9999997623020083,0.40066684076044834,2.8415908234979252e-6,1.5347528903568312e-6,5.298220739120243e-7,1.967356750252446e-7,5.250784702200839e-7,6.922715936060238e-8,1.3653943346188726e-8,4.792303547500397e-9,3.0285707615993627e-8,3.060430552214405e-9,5.298227967181946e-7,0.15882268751138728,6.20646332566074e-8,1.2801124833214483e-8,1.0184177902544744e-8,5.142958913159853e-9,2.4398629475482676e-8,5.045040544731311e-9,1.02534719539584e-8,5.229735440305407e-9,2.4554787767009942e-8,5.104283130210705e-9,9.964523769818093e-9,4.878679007866943e-9,2.3927407044577214e-8,4.862223381331497e-9,0.2801096434091157,-1.8305410672342575e-9,9.135832149902714e-9,-8.234707161223836e-9,1.0636465706918775e-8,-5.9787670249257795e-9,5.182509554592918e-10,-8.742716255362596e-9,0.7198888585297836,-3.82140670678618e-9,2.03171277276717e-10,-8.863555878804895e-9,7.838174653450576e-9,-6.671497962224172e-9,-2.2356513009298513e-9,-8.941978795077536e-9,7.894484097766879e-9,-6.78201144364417e-9,-2.488796757109963e-9,-8.994235681114196e-9,7.659553958980053e-9,-6.343328611643337e-9,-1.481594943443666e-9,-8.774067308133106e-9,5.886911932355824e-8,2.9957477787934973e-7,1.6335774629069278e-6,1.028517796214664e-6,1.517104816243191e-9,7.297371310966512e-9,9.422220147198016e-8,4.546925391861401e-8,5.886919963535494e-8,0.24184363780143062,1.9308997013166742e-7,1.9018814037918654e-7,1.131575322504971e-9,7.83132379958432e-9,7.590684725705721e-8,7.495488809315089e-8,1.1392746615509328e-9,7.963460784101414e-9,7.63926730529198e-8,7.583506364884475e-8,1.1071693077575653e-9,7.428897580161026e-9,7.444082191646244e-8,7.223874737978224e-8,0.793650789965487,1.3807626112830214e-15,0.144292023808779,1.8320982764038355e-13,5.626515908155955e-13,2.6175635559620163e-13
full_TAC,8,15,,90.96370358317702,16.974182557675732,3,2,ALMOST_LOCALLY_SOLVED,Solved_To_Acceptable_Level,0.069893958,0.8510711970741158,1.0556431139371555e7,59.20452073931903,11.070887814714746,503.5847738042035,3.1845052583085723e-16,3.1845052583085723e-16,8.23949478121956e-9,0.0,0.999737131755387,0.32401242997167246,0.3437615672329075,0.023828021835192417,0.0006776161984765675,0.002299733463671836,0.08349795951613208,0.0014894914334146329,1.523046529890447e-8,3.497890280310263e-9,3.011705902416241e-8,1.907294644880797e-9,0.0006718341275795811,0.12613056837751868,0.00011030350188630506,1.2952746212975895e-5,1.5197812373928334e-8,3.4879267172004654e-9,3.007463412483657e-8,1.9056553701500833e-9,1.531258487282883e-8,3.5316136042015116e-9,3.021422522077126e-8,1.9172734757315778e-9,1.5190946571539133e-8,3.4853922255952706e-9,3.0066539051676655e-8,1.9049819068001037e-9,0.1636191020672802,1.0455491461656767e-5,2.4911694902749532e-5,2.2057475969146768e-6,1.0352251790103628e-8,-4.8662449691943504e-9,5.6871158907682214e-9,-8.23949478121956e-9,0.8346185313190978,7.333417618906525e-6,1.3278058251617813e-5,1.2559262916185156e-6,1.0329780353776856e-8,-4.833984396195109e-9,5.811375020035894e-9,-8.220918559690184e-9,1.0408738574371774e-8,-4.8490263498226924e-9,5.737249002442662e-9,-8.232736924703273e-9,1.0325054590422515e-8,-4.812822408283757e-9,5.8942794645845775e-9,-8.209326377642507e-9,7.529068871961857e-5,0.003501866865136659,0.25977142960574423,0.022129587010731682,1.6922739221004962e-9,5.326332926836081e-9,9.369751696406083e-8,2.8336949009657553e-8,7.46482363977312e-5,0.19206245639303984,0.00034316645031294904,0.00019244080087849896,1.68864581932537e-9,5.3111611375552534e-9,9.356552838838042e-8,2.8312594070801234e-8,1.7013983192032025e-9,5.377684351852301e-9,9.399981179795504e-8,2.8485205925154868e-8,1.6878829523932365e-9,5.307301798065525e-9,9.354034371632738e-8,2.8302588329601543e-8,0.7936583068229511,1.2819227217800519e-12,0.14432777925531343,1.3193636203337818e-10,4.2436988960084005e-10,2.0408851644575904e-10
full_TAC,8,16,,90.96370358317702,15.759235736739589,3,3,LOCALLY_SOLVED,Solve_Succeeded,0.121383292,0.8481348201158079,1.05513762768689e7,59.15547502889919,10.37338065798798,503.5799913995312,1.1278456123176193e-16,5.126570965080088e-17,9.000312363531107e-9,0.0,0.9999997941874901,0.40072025879850426,2.814177747183427e-6,1.5203869961744008e-6,2.758120492971178e-7,0.07936456952481473,5.171257375515742e-7,6.808499179998087e-8,1.3418235790246934e-8,4.833092778006438e-9,3.040211272451731e-8,3.079048802672687e-9,6.27641128910969e-7,0.0794794891054378,6.311963046681118e-8,1.2960185935509765e-8,1.0030801206947517e-8,5.172524392129289e-9,2.4462910529189154e-8,5.06572168371705e-9,1.0099226697915104e-8,5.259623879458231e-9,2.4619621404148476e-8,5.125025038730048e-9,9.813551403940546e-9,4.9068402131544225e-9,2.3989290469644674e-8,4.882402529170857e-9,3.644704792951977e-7,-1.2128714753668054e-9,8.935304594934255e-9,-8.252921405538518e-9,1.0487928235212443e-8,-5.982913180707794e-9,5.007222797637129e-10,-8.746286781044562e-9,0.9999983441028825,-3.88339968927982e-9,1.7676455466900264e-10,-8.871918076668817e-9,7.743701465207345e-9,-6.6823806593266405e-9,-2.2615686972771957e-9,-8.948172056352694e-9,7.79953735052224e-9,-6.7932572313522795e-9,-2.5154606585113234e-9,-9.000312363531107e-9,7.566302022670572e-9,-6.352560980875557e-9,-1.5040389343451186e-9,-8.780352094709073e-9,3.06457832552353e-8,0.12085059450369515,1.6088356279382304e-6,1.0115484495997157e-6,1.4909150878052143e-9,7.3594821846916205e-9,9.458435069849826e-8,4.574586792542277e-8,6.973790321232988e-8,0.12102558568328026,1.9637218367452363e-7,1.9255133389900218e-7,1.1145334674386125e-9,7.876343960742325e-9,7.610683275747737e-8,7.526215072951044e-8,1.1221362997683444e-9,8.008972725538669e-9,7.659437770179525e-8,7.614322914684643e-8,1.090394600437838e-9,7.471779415485142e-9,7.463334812778341e-8,7.253855186196702e-8,0.7936507899757159,1.38285702704364e-15,0.1443004493541816,1.8382483303406587e-13,5.644652788736503e-13,2.624940001582629e-13
full_TAC,8,17,,90.96370358317702,14.544288915803445,3,3,LOCALLY_SOLVED,Solve_Succeeded,0.115216208,0.8481346192339762,1.055137592842708e7,59.15547009717575,10.37337015379368,503.57998780462685,1.5922526291542861e-16,1.5922526291542861e-16,9.872310151920567e-9,0.0,0.9999999895008463,0.4007205416042573,1.075126647894644e-6,1.1329546153740565e-6,1.9770996555249384e-8,0.07936493649552064,1.7998078210779257e-7,2.8142863536446465e-8,1.244609453863401e-9,7.590111818190838e-9,2.0942135879239707e-8,7.933061509397991e-9,3.189968326338602e-8,0.07947923114453817,2.9606024240358134e-8,1.1584917846243719e-8,-2.0153034533676566e-10,8.488012170500754e-9,1.4397044321525298e-8,9.178951139949295e-9,-1.9702918683075762e-10,8.532251192343284e-9,1.4461277656211595e-8,9.19209266967452e-9,-2.2387767457940905e-10,8.311373075624012e-9,1.4167042394839006e-8,9.132917880144684e-9,1.453162583359693e-7,-9.131808226538006e-9,-7.993185616855149e-9,-9.817918646162895e-9,5.715878175941848e-9,-8.88887771295174e-9,-7.528729522775178e-9,-9.742868270617366e-9,0.9999997714016408,-9.395663497592844e-9,-8.668397596432753e-9,-9.872310151920567e-9,2.998549085241285e-9,-9.326410437362809e-9,-8.514124799610389e-9,-9.84718583262727e-9,3.0065660187695117e-9,-9.37212487296847e-9,-8.606197073821995e-9,-9.85782572664974e-9,2.9587851050500232e-9,-9.152689494745967e-9,-8.174866851277776e-9,-9.806320081692617e-9,2.196777395027708e-9,0.12085115329999734,5.599402110020212e-7,4.181225439700617e-7,1.382899393181556e-10,1.1557670268608774e-8,6.515331162430131e-8,1.1786262813962728e-7,3.544409251487334e-9,0.1210251928791831,9.210763097000309e-8,1.7211877942990662e-7,-2.239226059297395e-11,1.2924927623262511e-8,4.479080455585648e-8,1.3637298836496094e-7,-2.1892131870084168e-11,1.2992291588340908e-8,4.499064159710274e-8,1.3656823394944998e-7,-2.487529717548988e-11,1.2655954456063833e-8,4.4075243006165795e-8,1.3568906564786386e-7,0.7936507842757128,4.50262795156272e-16,0.1443004303673175,8.82354881496758e-14,2.5692558148539606e-13,1.1540412055055048e-13
full_TAC,8,18,,90.96370358317702,13.329342094867304,3,1,ALMOST_LOCALLY_SOLVED,Solved_To_Acceptable_Level,0.066200958,0.8502696563719324,1.0555069273445042e7,59.19598735526168,10.628197797299281,503.5847664703789,1.1278456123176193e-16,9.893382564189643e-17,8.23949972929239e-9,0.0,0.9997255902629573,0.35527327336340697,0.22925616904543736,0.0029829287403766083,0.0006067510670997783,0.040074627915611,0.055641866096447855,0.00017452826344722423,1.5230484277368307e-8,3.497862152590539e-9,3.0117167438922866e-8,1.907303299295584e-9,0.0007676239738477831,0.10074733259345658,0.00011380163763693447,1.336393292948617e-5,1.5197835445423368e-8,3.4879002296677686e-9,3.0074747341941277e-8,1.9056644358864368e-9,1.5312608371110625e-8,3.531586991822875e-9,3.021433959438976e-8,1.9172826430576475e-9,1.519096816961552e-8,3.485365195806057e-9,3.0066650447150196e-8,1.9049908206974464e-9,0.07411987015507054,1.0555568608164672e-5,2.458840208049454e-5,2.1493506119350166e-6,1.0352259211079744e-8,-4.866259678523424e-9,5.687087308620968e-9,-8.23949972929239e-9,0.9240785276110866,7.301456762207992e-6,1.3317106955528223e-5,1.2578194653914582e-6,1.0329790607939036e-8,-4.834000614856827e-9,5.811340265379642e-9,-8.220924461823296e-9,1.0408749062978066e-8,-4.849042715131359e-9,5.737213613223882e-9,-8.232742884096342e-9,1.0325063833924816e-8,-4.8128380374613675e-9,5.894247354443309e-9,-8.209331918516346e-9,6.741678523330868e-5,0.06102272887149856,0.17310802785561552,0.0025929913426444738,1.6922760308187001e-9,5.3262900959901384e-9,9.369785425442668e-8,2.833707758953439e-8,8.529155264975363e-5,0.1534107109945816,0.00035404953931490724,0.00019854986066665168,1.688648382824818e-9,5.311120804266829e-9,9.356588061937285e-8,2.8312728761741345e-8,1.7014009301234023e-9,5.37764382845756e-9,9.400016762699036e-8,2.8485342125427904e-8,1.6878853521795012e-9,5.307260639068313e-9,9.354069028002281e-8,2.8302720764647772e-8,0.793658316008813,1.2819248060141382e-12,0.14432504088443643,1.319366695417053e-10,4.243707857094786e-10,2.0408901039043238e-10
full_TAC,8,19,,90.96370358317702,12.11439527393116,3,3,LOCALLY_SOLVED,Solve_Succeeded,0.085370209,0.8481347473212154,1.055137615064473e7,59.15547191579381,10.373376629306003,503.5799899958132,1.5922526291542861e-16,1.5922526291542861e-16,9.248397568328074e-9,0.0,0.9999998711857424,0.40072033774307886,2.2915550849401497e-6,1.3661016569874024e-6,1.8664656415780216e-7,0.07936468767088312,4.1193837056822537e-7,5.501478890058776e-8,1.2060392514202408e-8,5.29141686457643e-9,2.9732001884530627e-8,3.73875188034657e-9,3.856194505694209e-7,0.07947940357688645,5.2389357828080074e-8,1.2423362329464141e-8,7.968120545140638e-9,5.580270245168902e-9,2.2259342684186202e-8,6.180793885836728e-9,8.014751508325301e-9,5.671899321020865e-9,2.2399221620850628e-8,6.237031550475382e-9,7.809625767921807e-9,5.283617406729626e-9,2.1815419053070348e-8,5.994315723941288e-9,3.0270370921873227e-7,-4.3050123321534535e-9,2.496222220140105e-9,-8.850733404340043e-9,1.0150662988878723e-8,-6.471355757404512e-9,-1.1858750095350841e-9,-8.943809649907252e-9,0.9999988630397891,-6.035796672971214e-9,-2.9036910193839617e-9,-9.233225468373919e-9,6.567412690379439e-9,-7.286644670793434e-9,-3.927705552011532e-9,-9.202792051339459e-9,6.6083881865332755e-9,-7.400636918409503e-9,-4.166313249851534e-9,-9.248397568328074e-9,6.428107784702197e-9,-6.923884981737866e-9,-3.1739307426412762e-9,-9.045658304931005e-9,2.0738507128644674e-8,0.12085077440793564,1.281586041767812e-6,8.173625779515894e-7,1.340043612689156e-9,8.057384771059563e-9,9.249956141853972e-8,5.554717079372046e-8,4.2846605618824526e-8,0.12102545544662253,1.6298911324291578e-7,1.8457566889489577e-7,8.853467272378485e-10,8.497229691507193e-9,6.925128835080152e-8,9.182893773243137e-8,8.905279453694776e-10,8.636755784281771e-9,6.968646726486861e-8,9.266446874991995e-8,8.677361964357561e-10,8.045508323883748e-9,6.787019260955219e-8,8.90584050414134e-8,0.7936507877500114,1.0122931308688896e-15,0.14430044297579284,1.4694380833250283e-13,4.456007737365776e-13,2.0579098227915562e-13
full_TAC,8,20,,90.96370358317702,10.899448452995019,3,2,ALMOST_LOCALLY_SOLVED,Solved_To_Acceptable_Level,0.052122,0.8487217439802508,1.0552388996562345e7,59.18013484843338,10.475760723707591,503.58474236648846,1.1278456123176193e-16,5.126570965080088e-17,8.239503089889325e-9,0.0,0.9997459929084224,0.3874635303941549,0.06421164010278975,0.002568606933781178,0.0004017220451972,0.07377752197546913,0.015489887507756267,0.0001479835931157591,1.5230311101275843e-8,3.4978671448712978e-9,3.0117407712777946e-8,1.9073073330587125e-9,0.0007934582689841134,0.07980457902116604,0.00011990271942931392,1.3781417302207874e-5,1.5197674859403933e-8,3.487909820091427e-9,3.00750018331296e-8,1.9056696993261625e-9,1.5312448224105514e-8,3.531597357381959e-9,3.021459831176811e-8,1.9172881386933566e-9,1.5190801775846756e-8,3.485372544268184e-9,3.006689767689863e-8,1.9049954870190995e-9,0.0005049535001290665,1.0476435175882677e-5,2.4158078786163186e-5,2.128324961595877e-6,1.0352160034833372e-8,-4.866264705564879e-9,5.6870850496807394e-9,-8.239503089889325e-9,0.9979129521645635,7.283209074803947e-6,1.3381567466507721e-5,1.259558435707569e-6,1.0329700020561673e-8,-4.834010159428167e-9,5.811319057801475e-9,-8.220930679510916e-9,1.0408659038768995e-8,-4.8490530030929404e-9,5.737189270510595e-9,-8.232749504218187e-9,1.0324969233284022e-8,-4.8128453305842894e-9,5.894235796690932e-9,-8.209336764016107e-9,4.4635782799688875e-5,0.11234304482628255,0.04819076113524171,0.0021986133834341354,1.6922567890306488e-9,5.3262976978722026e-9,9.369860177308695e-8,2.833713751972944e-8,8.816202988712369e-5,0.1215206089640483,0.00037303068266897663,0.00020475248563280268,1.6886305399337696e-9,5.311135407866491e-9,9.356667236973652e-8,2.831280696141727e-8,1.7013831360117233e-9,5.377659612377074e-9,9.40009725255008e-8,2.8485423774872724e-8,1.6878668639829724e-9,5.3072718287720075e-9,9.354145943924016e-8,2.8302790092855187e-8,0.7936583237099815,1.2819260559255304e-12,0.14432002706699165,1.3193693379890067e-10,4.243716137964993e-10,2.0408935429559203e-10
full_TAC,8,21,,90.96370358317702,9.684501632058875,3,3,LOCALLY_SOLVED,Solve_Succeeded,0.013937,0.9930437960642887,1.0803711525373949e7,43.2600751711138,9.684501869236462,503.57998766066976,4.776757887462858e-16,4.776757887462858e-16,9.801287011306624e-9,9.760821705461182e-9,1.000000008602517,0.3555673296693683,2.609695088232397e-9,-9.631319412911535e-9,-8.015434762573719e-9,-4.885581536826727e-9,-9.067879368284322e-10,-4.068657800848334e-10,-8.201196293492027e-9,-5.391494562917325e-9,-1.19273150542634e-9,-4.314153588036714e-10,-6.459651428268278e-9,0.09171839771210827,2.2800341983001953e-9,2.385058237183652e-9,-7.481406326554036e-9,-3.4952569744949385e-9,3.0058011589751465e-10,-1.1399178323456266e-12,-7.424975219452124e-9,-1.7309047466595295e-9,9.00525356436142e-10,4.2694468589093107e-10,-7.854469799988613e-9,-5.0664391849573565e-9,-7.907826542497341e-10,-3.5665198399273494e-10,-2.5881736889518743e-9,0.07936511212352212,-1.1059675662272917e-9,-8.851560311231547e-9,-4.651935660584846e-9,1.9181010312550914e-8,3.0017320963140613e-9,-3.5113791203405616e-9,0.999999998471065,0.044821712566872826,-3.7052324465394907e-9,-8.988447773294029e-9,2.5715751885719877e-8,1.2208077937139936e-8,2.370393638437693e-10,-5.166093598891399e-9,4.1842022410912066e-8,9.94776839031065e-9,-1.3462700360440481e-9,-6.983686922432185e-9,2.994916264023943e-10,1.2214619720880305e-8,3.099394761020311e-9,-1.7541826784462037e-9,-8.906038625081906e-10,-7.43940824925888e-9,-2.821118025688456e-9,-6.044863018403238e-9,-9.112440326102249e-10,-8.209775811715017e-9,-3.710720239104168e-9,-6.409599616511688e-9,-7.177390475853639e-10,0.13966210560707393,7.0934397280450505e-9,3.5435150952442823e-8,-8.312673696171149e-10,-5.3223231202536555e-9,9.35138138347823e-10,-1.6935922080563595e-11,-8.249972466057912e-10,-2.6356958642315562e-9,2.8016344422457746e-9,6.343178190379547e-9,-8.727188666654012e-10,-7.714805122548701e-9,-2.460212702110284e-9,-5.298829476463489e-9,0.7936507842211087,-1.796950907825889e-15,0.1669951113976402,-8.149184178229467e-13,-2.0570740373474604e-12,-1.0986370445864282e-12
full_TAC,9,1,,86.62997664847457,33.98343805078173,3,3,LOCALLY_SOLVED,Solve_Succeeded,0.104018958,0.9149067378972111,1.0665517705683252e7,86.62997736886985,30.079054916118743,503.5799878692245,4.776757887462858e-16,4.776757887462858e-16,9.825928371320568e-9,8.31149826128827e-9,1.0000000012382966,0.44116562139354704,4.6727460354619903e-7,0.02918901034845196,-7.1730323777972816e-9,-5.037432909472516e-9,2.1195048048820244e-9,-2.4104274599161337e-10,-6.3894409504808865e-9,-4.142269032121741e-9,4.488339224061816e-9,-2.082971823548417e-11,-1.148367577948344e-9,1.622177859100963e-8,4.0628816791685406e-8,1.1835826525432052e-8,-4.138845602690627e-9,4.035207192606887e-9,1.7044734842952842e-8,7.271503799359561e-9,-1.1483674403080398e-9,0.17487646460197967,3.865555753687237e-8,1.1569953758734175e-8,-6.792636656974692e-9,-4.70334899262886e-9,2.0673187473393623e-9,-2.1516795847871216e-10,-5.860601398893734e-9,-3.837010765274405e-9,2.6098758379217478e-8,0.029188559349127424,-3.92825630883779e-9,1.5438800946718322e-9,1.6529324793845223e-8,-3.961757929990202e-10,0.40115554957587546,-9.143427390146795e-9,-8.129741862157137e-9,-9.825928371320568e-9,7.231496112865404e-9,-4.700979637047634e-9,-2.845518111963943e-9,-9.002582103360855e-9,0.5988444889765053,-7.4145357349827765e-9,-5.968407683413346e-9,-9.613903619443823e-9,-4.989288191994225e-9,2.2563816546486377e-9,9.90595891196289e-9,9.48336374097411e-10,-7.97003597533031e-10,-7.670636475787693e-9,6.594014948521854e-9,-3.5812065118753978e-9,-7.099378833867649e-10,-6.307546026185378e-9,1.3963722030414539e-8,-3.0947009949862194e-10,-1.2759639754981595e-10,2.470134467267375e-8,1.2640076335191014e-7,1.7584656552070475e-7,-4.598717336322917e-10,6.144520043287759e-9,5.302806395585328e-8,1.0803377073334204e-7,-1.275963822564488e-10,0.2662891620075599,1.2026173455915849e-7,1.718964558440506e-7,-7.547374063305209e-10,-7.16191778423031e-9,6.431658325055793e-9,-3.196781097398009e-9,0.793650785147451,-1.8132050320738927e-15,0.04520598470971743,2.1373403691510523e-14,0.7995061472457184,-1.6784114537000538e-13
full_TAC,9,2,,86.62997664847457,32.76849122984559,3,2,LOCALLY_SOLVED,Solve_Succeeded,0.09830775,0.9149066881356154,1.0665517619087579e7,86.62997746212707,30.07905587427696,503.57998757691587,6.369010516617145e-16,6.369010516617145e-16,9.935968641871784e-9,9.387445467042667e-9,1.0000000068214323,0.4411656432520162,3.0143009876658224e-7,0.029189020415124958,-8.995746875826479e-9,-6.0903572243946035e-9,-1.6309033533564564e-9,-5.205737853404898e-10,-8.174973606650441e-9,-5.161648351390344e-9,1.7112259366530058e-9,-1.6522738383020145e-10,-6.9732765421857425e-9,1.4691119631313272e-8,3.0469279570012376e-8,1.1512643585491891e-8,-7.413781060327656e-9,4.378736670974353e-9,1.3205408240399548e-8,8.80713127046181e-9,-6.973276527213818e-9,0.17487647504086692,2.923078336529942e-8,1.1368907982081266e-8,-8.265638226342093e-9,-5.540686457755076e-9,-1.4121666596592066e-12,-3.566275495044826e-10,-8.497766169820343e-9,-7.742271439015929e-9,3.300306285176153e-9,0.02918856497376032,-5.4070268418728085e-9,9.571351406852743e-9,1.309003491093396e-8,-1.7650574502990716e-9,0.40115552425606577,-9.675273187809464e-9,-9.28722147120249e-9,-9.935968641871784e-9,7.749746017209848e-9,-4.817708600341892e-9,-5.656038401698633e-9,-9.559913505068223e-9,0.5988445466579864,-9.062040976009592e-9,-8.359488685519768e-9,-9.855413293575893e-9,-5.941247800246059e-9,6.289289340187733e-9,8.29560402701696e-9,5.956879234229063e-10,-9.995274306473862e-10,-9.273953046237236e-9,-5.0739215437756415e-9,-7.734239096487277e-9,-9.083304007389375e-10,-7.859782716889841e-9,5.323814025142685e-9,-2.4548068454772783e-9,-7.748085046873044e-10,2.2370568529499754e-8,9.479331421781629e-8,1.7104499041302237e-7,-8.23753451147517e-10,6.6676217489836745e-9,4.108349230346526e-8,1.3084880744686118e-7,-7.748085030237574e-10,0.2662891779031382,9.094021491426485e-8,1.6890949001949306e-7,-9.184042473713432e-10,-8.436954378854319e-9,-4.39340738560642e-12,-5.2984664497808835e-9,0.7936507841937505,-2.1137398941590213e-15,0.045205978485874945,1.9688940989409984e-15,0.7995061902645332,-2.3580098547847113e-13
full_TAC,9,3,,86.62997664847457,31.553544408909442,3,3,LOCALLY_SOLVED,Solve_Succeeded,0.092740541,0.9149066881356143,1.0665517619087577e7,86.62997746212713,30.079055874276843,503.579987576916,3.1845052583085723e-16,3.1845052583085723e-16,9.93596864150699e-9,9.3874461228687e-9,1.0000000068214323,0.44116564325201907,3.0143009910045415e-7,0.029189020415118054,-8.99574686453647e-9,-6.090357216397775e-9,-1.6309033286699535e-9,-5.205737849254303e-10,-8.174973597932753e-9,-5.161648342908394e-9,1.7112259506915224e-9,-1.652273994029568e-10,-6.973276532307813e-9,1.4691119631337894e-8,3.0469279432854574e-8,1.1512643430446378e-8,-7.413781045711619e-9,4.378736989462075e-9,1.3205408459866248e-8,8.807131172091746e-9,-6.973276517335862e-9,0.17487647504086784,2.9230783234594006e-8,1.1368907826626227e-8,-8.265638218549317e-9,-5.540686452859285e-9,-1.4121592260165624e-12,-3.566275554029294e-10,-8.497766146990107e-9,-7.742271368408837e-9,3.3003067017560423e-9,0.029188564973760236,-5.407026809376654e-9,9.571351454850983e-9,1.3090034903844733e-8,-1.765057460602306e-9,0.40115552425606715,-9.67527318758811e-9,-9.287221470267723e-9,-9.93596864150699e-9,7.749746366193297e-9,-4.8177088200635515e-9,-5.6560384528994874e-9,-9.559913500506798e-9,0.5988445466579845,-9.062040982438956e-9,-8.35948869103529e-9,-9.855413292605226e-9,-5.941247775335621e-9,6.2892893508399636e-9,8.295604016379933e-9,5.956879205689277e-10,-9.995274293929407e-10,-9.273953034060248e-9,-5.073921466973188e-9,-7.734239090320677e-9,-9.083303997703055e-10,-7.859782703974145e-9,5.32381406881807e-9,-2.454807076843929e-9,-7.748085035897567e-10,2.2370568529537242e-8,9.47933137911031e-8,1.7104498810948906e-7,-8.23753449523513e-10,6.6676222339536135e-9,4.1083492986250544e-8,1.3084880598536308e-7,-7.748085019262066e-10,0.2662891779031396,9.09402145076258e-8,1.6890948770987538e-7,-9.184042465054793e-10,-8.436954371399365e-9,-4.393384258718194e-12,-5.29846653741495e-9,0.7936507841937505,-2.113739877666768e-15,0.04520597848587491,1.968894006804628e-15,0.7995061902645328,-2.358009837312778e-13
full_TAC,9,4,,86.62997664847457,30.3385975879733,3,2,LOCALLY_SOLVED,Solve_Succeeded,0.075909916,0.9149067378972239,1.0665517705683274e7,86.62997736886979,30.079054916114213,503.5799878692247,1.5922526291542861e-16,1.5922526291542861e-16,9.825928340453607e-9,8.311497605462238e-9,1.0000000012382966,0.44116562139363324,4.672746408971666e-7,0.029189010348235806,-7.1730313288646825e-9,-5.037432000769896e-9,2.1195076184973743e-9,-2.410427069484549e-10,-6.389440590441515e-9,-4.142268829844776e-9,4.488339400063548e-9,-2.083003761852408e-11,-1.1483670374172874e-9,1.6221778582348853e-8,4.062881247568283e-8,1.1835821571427445e-8,-4.13884431605687e-9,4.035212349009872e-9,1.7044740714571835e-8,7.271500976772567e-9,-1.1483668996336093e-9,0.17487646460200512,3.865555363967193e-8,1.1569948773723333e-8,-6.792636193463472e-9,-4.703348680841862e-9,2.0673193335203074e-9,-2.1516806974972188e-10,-5.860599364511772e-9,-3.837004642849543e-9,2.6098792716320634e-8,0.02918855934912015,-3.928255765072299e-9,1.543881257622986e-9,1.652932469703347e-8,-3.961760791157812e-10,0.4011555495759614,-9.143427372086848e-9,-8.129741790577674e-9,-9.825928340453607e-9,7.231503521757477e-9,-4.700981701777233e-9,-2.845519318426075e-9,-9.002581867233945e-9,0.5988444889764036,-7.41453630849251e-9,-5.968408091132986e-9,-9.613903542269086e-9,-4.989287378201633e-9,2.2563822364614455e-9,9.90595849125028e-9,9.483360043670426e-10,-7.970034809849643e-10,-7.670635092081432e-9,6.594023701991831e-9,-3.581205931805615e-9,-7.099378433823904e-10,-6.307545718172728e-9,1.3963722577975482e-8,-3.0947484461807204e-10,-1.2759633749080966e-10,2.4701344659485752e-8,1.2640074992434658e-7,1.7584649191835059e-7,-4.598715906729854e-10,6.144527895083215e-9,5.3028082223112366e-8,1.0803372879776384e-7,-1.2759632218151208e-10,0.2662891620075987,1.2026172243453488e-7,1.7189638178103235e-7,-7.547373548292744e-10,-7.161917309463744e-9,6.431660148729844e-9,-3.196782750567296e-9,0.793650785147451,-1.8132045372266837e-15,0.04520598470972131,2.1373399096692298e-14,0.7995061472456756,-1.6784109678169287e-13
full_TAC,9,5,,86.62997664847457,29.12365076703716,3,3,LOCALLY_SOLVED,Solve_Succeeded,0.076314333,0.9242397098307125,1.0681814202395028e7,86.62997732028437,29.123650777212777,503.5799878987844,3.1845052583085723e-16,3.1845052583085723e-16,9.781894766198775e-9,7.750947519317201e-9,1.000000000640557,0.4425678464364255,6.563102996794626e-7,0.021455473277358562,-4.916241558472517e-9,-2.5866162272701897e-9,8.686059158763888e-9,-1.4719752803965286e-10,-5.89332683650107e-9,-3.8558341618360645e-9,4.617062413347875e-9,-2.353091982084645e-10,5.490209973258664e-10,1.6165391217048154e-8,3.5890476359398566e-8,7.097108139303026e-9,-2.5272809806920704e-9,9.350413738115151e-9,2.2663216694452097e-8,4.3667779598310795e-9,5.490211383166393e-10,0.16709716726873766,3.44612616363236e-8,6.815851885513846e-9,-5.943528015087174e-9,-4.083397894668231e-9,3.2546422168174133e-9,-2.702302944393084e-10,-2.5518841963484905e-10,0.021027246529826106,1.991350286926747e-7,0.021455222120313977,-3.313563593874325e-9,1.912993629331593e-9,1.6362817549723318e-8,-5.341402346800547e-10,0.4245386329886026,-9.101197439580124e-9,-7.998269360346313e-9,-9.781894766198775e-9,1.537236504245656e-8,-6.68649668057889e-9,-4.22942478434231e-9,-8.831838387410239e-9,0.5754613794968738,-7.889876853106926e-9,-6.31581024307219e-9,-9.518341317146305e-9,-3.445937601764433e-9,2.7912888614202787e-9,8.890337410733448e-9,3.0938686033695996e-10,-5.462490620525017e-10,-3.938711073343243e-9,2.7023295160598758e-8,-2.1869347023034133e-9,-6.548140929445631e-10,-5.8713838373412796e-9,1.4364194174860055e-8,-3.4960223733829012e-9,6.100233303620735e-11,2.4615482080505142e-8,1.1165925978479553e-7,1.0544274949821639e-7,-2.8080899785467444e-10,1.4238130010311708e-8,7.050778527162872e-8,6.487784397463317e-8,6.100234870184879e-11,0.2544434137955778,1.0721281397967342e-7,1.012640851562057e-7,-6.603920016763524e-10,-6.2179013396084425e-9,1.012555356343195e-8,-4.014850088812581e-9,0.7936507851012298,-1.1937210831030209e-15,0.047841004736340724,2.1758985748467645e-14,0.7660812807827908,-1.0880717447631513e-13
full_TAC,9,6,,86.62997664847457,27.908703946101014,3,3,LOCALLY_SOLVED,Solve_Succeeded,0.076238417,0.9339887275663096,1.0698852690139238e7,86.62997744230756,27.908704098033308,503.57998759435577,1.5922526291542861e-16,1.5922526291542861e-16,9.918826412745279e-9,9.158779587907963e-9,1.0000000064071948,0.44435095344140063,4.396956674372067e-7,0.011621312487927691,-8.14922985191287e-9,-5.3332923266437185e-9,5.471901859595414e-10,-4.66256820617674e-10,-7.758310256589052e-9,-4.843329528548203e-9,2.0376151335235763e-9,-3.9446829504049606e-10,-6.259643793430273e-9,1.4611505186551201e-8,2.6408217737751338e-8,7.562573344948325e-9,-6.715345136880309e-9,1.0810905335735464e-8,1.86115363533636e-8,6.178870147622614e-9,-6.259643783128967e-9,0.15720447793124523,2.5672155202097892e-8,7.446573358937625e-9,-7.857675117808619e-9,-5.3189704478475975e-9,3.0762011867613247e-10,-4.559644044034016e-10,-6.3401745842363945e-9,0.047766916165941836,1.4172350855700193e-7,0.011621027776342592,-4.412017298091922e-9,9.31580734359613e-9,1.2561321296076713e-8,-1.6824410664697452e-9,0.4542739124114563,-9.64827104707468e-9,-9.211463037841994e-9,-9.918826412745279e-9,1.6912745762382568e-8,-8.279571738519532e-9,-7.112429949633014e-9,-9.511645729141992e-9,0.5457261406042967,-9.212757714579902e-9,-8.476402926243931e-9,-9.821780037670825e-9,-4.9915034369422235e-9,6.185591881589394e-9,7.697757379984071e-9,5.438020881375697e-10,-9.054699835458742e-10,-8.12114967920748e-9,1.7023694674296844e-9,-6.9272441920340115e-9,-8.62034472954339e-10,-7.375069963925672e-9,6.339247082073348e-9,-5.860671812030225e-9,-6.955159770478078e-10,2.224933744315751e-8,8.21588996285597e-8,1.1235823255351797e-7,-7.461494596533674e-10,1.6462060397597184e-8,5.790255754379786e-8,9.180035647896453e-8,-6.955159759032184e-10,0.23937954594075975,7.986892729541566e-8,1.1063480418993042e-7,-8.730750130898462e-10,-8.099341363767932e-9,9.570403692146342e-10,-6.774328293993394e-9,0.7936507841808227,-1.4314651359615647e-15,0.05119185275847671,8.820898800224205e-15,0.7235761680846822,-1.491906820445138e-13
full_TAC,9,7,,86.62997664847457,26.693757125164872,3,3,LOCALLY_SOLVED,Solve_Succeeded,0.088893042,0.9415636817962106,1.0712110926101288e7,86.629977440764,26.693757216896966,503.5799876008245,1.5922526291542861e-16,1.5922526291542861e-16,9.919544674713404e-9,9.140970795942434e-9,1.0000000062013692,0.4461340174192059,4.570861950802848e-7,0.0017871667497494756,-8.098042167168475e-9,-5.307531109683025e-9,6.805227861798721e-10,-4.399791294622033e-10,-7.697748491977878e-9,-4.800912356134156e-9,2.2554278822334774e-9,-3.445919174728671e-10,-6.105166992708969e-9,1.4572070158129334e-8,2.717618800109085e-8,8.633799067591484e-9,-6.644356109478793e-9,9.892848691888248e-9,1.730439702790949e-8,7.0025413653095855e-9,-6.105166988832132e-9,0.14731178235005288,2.6595045925506403e-8,8.549815369220027e-9,-7.814414567180806e-9,-5.30539362249905e-9,3.7804132684282257e-10,-4.288900961662698e-10,-6.286857084283993e-9,0.0745065560696801,1.5607143514223108e-7,0.0017868327337135668,-4.376893552404028e-9,8.677913842749773e-9,1.2328339563822729e-8,-1.5215197523477266e-9,0.48400921468136926,-9.638789684277332e-9,-9.192410553672167e-9,-9.919544674713404e-9,1.4194278046990811e-8,-8.239464521756558e-9,-7.106303859830255e-9,-9.58503262792254e-9,0.515990840198575,-9.188198304580663e-9,-8.44012548471418e-9,-9.830059136780473e-9,-5.025885182377853e-9,5.976111183860135e-9,7.601254812311256e-9,5.908910791680561e-10,-8.99782463018719e-10,-8.081922371562787e-9,2.11718200144849e-9,-6.536832780581306e-9,-8.553053879975416e-10,-7.310480178658828e-9,7.016886744726374e-9,-5.119651345311168e-9,-6.783518880787742e-10,2.2189288649878753e-8,8.454814044783819e-8,1.282735861470735e-7,-7.382617899420878e-10,1.5064110508102557e-8,5.3835901864607304e-8,1.0403775742745669e-7,-6.783518876480143e-10,0.22431566857848959,8.274014287935325e-8,1.2702582834269754e-7,-8.682682852423114e-10,-8.078667561532645e-9,1.1761285723998923e-9,-6.372081428756008e-9,0.7936507841846356,-1.3908220260747295e-15,0.05454270721218445,1.3616943581570266e-14,0.6810710217550304,-1.4058706558256853e-13
full_TAC,9,8,,86.62997664847457,25.47881030422873,3,3,LOCALLY_SOLVED,Solve_Succeeded,0.063039,0.9588628423828549,1.0742277568122046e7,86.62997738714843,25.47881049870973,503.5799876198539,3.1845052583085723e-16,3.1845052583085723e-16,9.887259653055503e-9,8.522385844367974e-9,1.0000000057361589,0.4479902671826573,4.3724350279757815e-7,8.559287042525655e-8,-4.918248926243436e-9,0.01394255753849128,3.2797808376665035e-8,-4.163723844157437e-10,-7.079054979129532e-9,-4.421688992813248e-9,2.207905663740483e-9,-4.872109903253624e-10,-4.842904044585414e-9,1.4494103052653494e-8,2.2620164056198812e-8,3.07284433470293e-9,-5.4732580879660855e-9,1.5003993323562547e-8,2.431514933389543e-8,3.209347313782243e-9,-4.842904057321579e-9,0.13770593416843466,2.247761053689131e-8,3.0229995802662155e-9,-6.380005019820508e-9,-3.526190043053983e-9,3.513160145563447e-9,-4.549911023334659e-10,3.3657455533232534e-7,0.06542244164108277,3.519081988354055e-9,-9.230708576358893e-9,-3.277945998476131e-9,8.199105447747294e-9,1.2049081348147213e-8,-1.4832015963535371e-9,0.528906452452877,-9.611304927172711e-9,-9.105691735559843e-9,-9.887259653055503e-9,2.691476948440989e-8,-9.071909827132822e-9,-7.990387091067685e-9,-9.526513242517656e-9,0.4710932282209297,-9.337042494905024e-9,-8.60231502697697e-9,-9.775958268780208e-9,2.1136125877265585e-9,5.100387615935329e-9,3.6541188503129177e-9,-5.141252999814429e-10,-5.464721029159371e-10,0.021230712615429904,1.0203762606073566e-7,-6.186103997033905e-9,-7.865616643477255e-10,-6.7330264208747175e-9,6.869039842748169e-9,-7.238563284833954e-9,-5.381004493983791e-10,2.207056601199509e-8,7.03738437303963e-8,4.5653687258443526e-8,-6.081397875517871e-10,2.28469898336066e-8,7.5647131261008e-8,4.768173151905047e-8,-5.381004508135086e-10,0.20968858157466183,6.993034389255073e-8,4.491313662109805e-8,-7.088894466467229e-10,-5.3694257473776555e-9,1.0929831563975168e-8,-6.759867806097206e-9,0.7936507841833697,-6.299351231302734e-16,0.059602143306557304,1.909665691923493e-14,0.6292628516282057,-6.750427519388508e-14
full_TAC,9,9,,86.62997664847457,24.26386348329259,3,2,LOCALLY_SOLVED,Solve_Succeeded,0.067773,0.9750509208678517,1.077051226561391e7,86.62997738540713,24.263863647763493,503.57998763148873,1.1278456123176193e-16,1.5379712895240266e-16,9.890148890579866e-9,8.502295761547176e-9,1.000000005165235,0.4498711390783768,4.5150312376275495e-7,1.7181279057575679e-7,-4.4714358933472435e-9,5.448983089248434e-8,3.6132809913482085e-8,-3.453902940800883e-10,-6.907149722371077e-9,-4.355017173885781e-9,2.564096117831957e-9,-4.507074688433972e-10,-4.471435629913486e-9,1.4109690714429945e-8,2.3154566617510575e-8,4.948774630779641e-9,-5.271130775822017e-9,1.3356074161046786e-8,2.178924860960269e-8,4.600366691291634e-9,-4.471435701992011e-9,0.1591788475191304,2.3712108885661897e-8,5.019421046316679e-9,-6.2422079846316855e-9,-3.6312184127756715e-9,3.550177204343677e-9,-4.1337938732460843e-10,0.10961960879125068,0.04830614842702016,5.803214040982573e-9,-9.094794297322117e-9,-2.9967232205947162e-9,7.242369617137191e-9,1.1684372340797903e-8,-1.2385863618843442e-9,0.5770339706732629,-9.59548694413082e-9,-9.075139040044068e-9,-9.890148890579866e-9,2.257476096254903e-8,-9.023995244152365e-9,-7.94034721375041e-9,-9.609563290788968e-9,0.3133464397963262,-9.302580421875844e-9,-8.54713408935143e-9,-9.792318014477373e-9,1.6983527368695489e-9,4.848721272500522e-9,3.6435719583408255e-9,-3.9872131397968963e-10,-4.968262103719157e-10,8.297315158628298e-8,1.124131863974998e-7,-5.1315129406184545e-9,-7.674610802634528e-10,-6.63150342387153e-9,7.977187922143866e-9,-6.696225251387614e-9,-4.968261811014983e-10,2.1485210860609232e-8,7.203642947669955e-8,7.352465165729751e-8,-5.856811973135573e-10,2.0337658381593964e-8,6.778877345209725e-8,6.83483051277614e-8,-4.968261891102233e-10,0.2423859723586758,7.377100542205924e-8,7.457425554527636e-8,-6.935786649590759e-10,-5.5293553103629545e-9,1.1044995746846994e-8,-6.141636611679896e-9,0.7936507841889473,-6.126416155967259e-16,0.06502560615861505,2.5818803847370165e-14,0.5753775382370512,-5.893423349581233e-14
full_TAC,9,10,,86.62997664847457,23.048916662356444,3,3,ALMOST_LOCALLY_SOLVED,Solved_To_Acceptable_Level,0.060409708,0.8544996490317482,1.0562278545917256e7,59.206635386577574,12.662980998383778,503.5847551527006,3.1845052583085723e-16,3.1845052583085723e-16,8.239500286476088e-9,0.0,0.9997464684175027,0.24662352767702106,0.5506868907036806,0.10976975835416071,0.0006374657702492963,0.003103042698180816,0.05172846560962095,0.006909152711035728,1.5230338131687335e-8,3.4978777633615986e-9,3.0117487802919694e-8,1.9072799639976984e-9,0.0007037535827919684,0.09465059459242917,0.08221211052614667,1.3039959494404658e-5,1.5197695219045235e-8,3.487917904389822e-9,3.007507362382263e-8,1.905641694653989e-9,1.5312468024152965e-8,3.5316052263144166e-9,3.021466977035408e-8,1.9172598156202644e-9,1.519082506318456e-8,3.4853817404932806e-9,3.006697299802346e-8,1.904967792859085e-9,0.14432063184354835,1.0443566009764253e-5,2.482956636679778e-5,2.2159030641694616e-6,1.0352174799378223e-8,-4.8662563257644586e-9,5.687118499822652e-9,-8.239500286476088e-9,0.853935483731344,7.301346631201149e-6,1.6951944105222844e-5,1.2562206850923367e-6,1.03297102072549e-8,-4.833999329741873e-9,5.811363012363966e-9,-8.22092634020687e-9,1.0408668797439083e-8,-4.849041808661348e-9,5.737234563938263e-9,-8.232744970956686e-9,1.0324981437774803e-8,-4.812835648207946e-9,5.894275001641661e-9,-8.209333132844318e-9,7.082953002769957e-5,0.004725087744957152,0.16093300411882072,0.10265026884967365,1.692259792409703e-9,5.32631386693698e-9,9.369885094241681e-8,2.8336730893680088e-8,7.81948425324409e-5,0.14412704176574442,0.25577101052578965,0.00019373654105972634,1.6886328021161365e-9,5.3111477180481375e-9,9.356689571855929e-8,2.831239089200212e-8,1.7013853360169955e-9,5.377671594615134e-9,9.400119484110158e-8,2.848500297492964e-8,1.6878694514649504e-9,5.307285832114768e-9,9.354169377162853e-8,2.8302378636763545e-8,0.7936583110169146,1.2819246969207591e-12,0.1443287661752803,1.319367241003362e-10,4.2437097375928363e-10,2.0408904074368583e-10
full_TAC,9,11,,86.62997664847457,21.833969841420302,3,3,LOCALLY_SOLVED,Solve_Succeeded,0.157262209,0.8481428631628455,1.0551390207269149e7,59.15592114132997,10.37402158870454,503.58012475739656,3.1845052583085723e-16,3.1845052583085723e-16,8.256939019940409e-9,0.0,0.9999924448112733,0.40070426883124693,6.435721438407089e-5,3.1127415184640766e-5,8.162023097311804e-6,0.07935087562928123,1.3879637727685405e-5,1.7947855690466453e-6,1.520702984979134e-8,3.5453870099500747e-9,3.016538910874082e-8,1.937014522648427e-9,2.3939339702417345e-5,0.07948665057689185,1.4299945969360938e-6,1.5817489798789905e-7,1.5067093991400437e-8,3.5722784540806994e-9,2.989246863708669e-8,1.9803192248046896e-9,1.513911840569575e-8,3.600730856460215e-9,2.9981490625705706e-8,1.988279060967407e-9,1.4989413351761334e-8,3.5415689464611967e-9,2.9796647692203575e-8,1.971766086827041e-9,7.114368974496636e-6,2.9254895478977106e-7,6.216047373747852e-7,4.8357189250120225e-8,1.0377657794576528e-8,-4.900143668382843e-9,5.484374317886464e-9,-8.256622449812116e-9,0.9999495539309363,2.0059951922245109e-7,2.8176799462008105e-7,1.8746070633022394e-8,1.0280899825143934e-8,-4.895751199190595e-9,5.361558734733789e-9,-8.239830694774753e-9,1.0330714733585358e-8,-4.923363760561887e-9,5.248915873292004e-9,-8.256939019940409e-9,1.0227139506366904e-8,-4.864817427185687e-9,5.488151444139018e-9,-8.220525678836166e-9,9.068914552568668e-7,0.12082974243549639,4.318109515279904e-5,2.6665385597264442e-5,1.6896699833101486e-9,5.398657492423977e-9,9.384787722719365e-8,2.8778501479348057e-8,2.6599266336019263e-6,0.12103649065117622,4.4488720793567355e-6,2.350027055820214e-6,1.6741215546000476e-9,5.439605827804701e-9,9.299879131538081e-8,2.9421885625669675e-8,1.682124267299527e-9,5.4829310768826e-9,9.327574861330663e-8,2.954014604865862e-8,1.6654903724179252e-9,5.3928436230204584e-9,9.270068170907779e-8,2.929481043285889e-8,0.7936510014236547,3.729955813756395e-14,0.14430090236881582,3.8740197179884875e-12,1.2368591554024863e-11,5.915419295020712e-12
full_TAC,9,12,,86.62997664847457,20.61902302048416,3,3,LOCALLY_SOLVED,Solve_Succeeded,0.224511208,0.8497778376474825,1.0554233722122857e7,59.12850636213324,10.372922699749639,503.57998887209305,1.5922526291542861e-16,1.5922526291542861e-16,9.547724440643584e-9,0.0,0.9999999201400841,0.40066697499353154,1.7983578461493903e-6,1.2584747779920522e-6,1.6672950751740488e-7,1.3056641111152098e-7,3.182229531949182e-7,4.3851087677375905e-8,9.715470469361722e-9,5.824238993648248e-9,2.757967702177769e-8,4.961199091248319e-9,1.6672959994970513e-7,0.15882280811081276,4.119362570391606e-8,1.1832331506214121e-8,5.428250652024204e-9,6.3200051971720636e-9,1.9254810766356856e-8,7.461917595888645e-9,5.454565942998102e-9,6.4092014559458605e-9,1.937115622929715e-8,7.50306178713644e-9,5.330910908890065e-9,6.008989149646782e-9,1.886661569560913e-8,7.3175101422927e-9,0.28011075522832707,-6.922398072345139e-9,-2.7823949417212735e-9,-9.339277854432477e-9,9.532542530089375e-9,-7.261757937878287e-9,-3.5330095299234984e-9,-9.238749218805262e-9,0.7198887404965791,-7.75852833928604e-9,-5.660640730336804e-9,-9.547724440643584e-9,5.211039210598704e-9,-8.070503764368498e-9,-5.825060211744602e-9,-9.490808669639144e-9,5.237288831124848e-9,-8.17234064497562e-9,-6.0229597020005495e-9,-9.523254054935568e-9,5.113968030154543e-9,-7.72098768002053e-9,-5.161091917035941e-9,-9.372402886252863e-9,1.85255008352672e-8,1.988170351016342e-7,9.90026965495301e-7,6.515018740638705e-7,1.079496718817969e-9,8.868727558509832e-9,8.580343962330835e-8,7.370924364140359e-8,1.852551110552279e-8,0.24184382144146482,1.281579466344055e-7,1.7579463952089547e-7,6.031389613360225e-10,9.623644277512005e-9,5.990385571755467e-8,1.1086277571034557e-7,6.060628825553443e-10,9.759465853372106e-9,6.026581938003558e-8,1.1147406083745569e-7,5.923234343211181e-10,9.150051659689418e-9,5.869613771967285e-8,1.0871729354263438e-7,0.7936507859416395,7.151849067913863e-16,0.1442920108359688,1.1632130946516032e-13,3.471106739243663e-13,1.5890450294295507e-13
full_TAC,9,13,,86.62997664847457,19.404076199548015,3,1,ALMOST_LOCALLY_SOLVED,Solved_To_Acceptable_Level,0.069334875,0.8540934442322764,1.0561616160027118e7,59.2006730897989,12.050872475873437,503.5847603585264,1.1278456123176193e-16,6.595588376126429e-17,8.239500480812258e-9,0.0,0.9997444030432449,0.2715772043325297,0.49908946877408267,0.07523789473555557,0.0006529062933629276,0.0017955555815961574,0.05659753715748866,0.004731508466178085,1.523033257525049e-8,3.4978650224252615e-9,3.011754926220177e-8,1.9072794556457396e-9,0.0006888259028661298,0.10584964128350444,0.0647923185577316,1.2999189708009356e-5,1.5197687146027032e-8,3.487904227062223e-9,3.007513181738023e-8,1.90564092872341e-9,1.5312459441808877e-8,3.531591274326102e-9,3.021472788670537e-8,1.9172589986663224e-9,1.519081831597254e-8,3.485368571460574e-9,3.006703276859315e-8,1.9049671606896507e-9,0.16437609403464776,1.0398781748592273e-5,2.4907427802801804e-5,2.214825384956187e-6,1.0352168391024091e-8,-4.8662589732539845e-9,5.687122374623143e-9,-8.239500480812258e-9,0.8338773863402849,7.315678170180029e-6,1.685832542965982e-5,1.2560548712933436e-6,1.0329702071430383e-8,-4.834001044657117e-9,5.811371020005931e-9,-8.220925938532486e-9,1.0408660296648178e-8,-4.849043339824694e-9,5.737243226878042e-9,-8.232744467928684e-9,1.032497421541638e-8,-4.812837876532605e-9,5.89428096909902e-9,-8.209333039427115e-9,7.254514370699192e-5,0.002734141453794149,0.17608122671218693,0.07029669721178868,1.6922591750278318e-9,5.3262944659657385e-9,9.369904214907219e-8,2.833672334102241e-8,7.653621142956995e-5,0.16118013559079084,0.2015761021796094,0.00019313081851899614,1.688631905114114e-9,5.311126891208384e-9,9.356707676518293e-8,2.831237951246209e-8,1.701384382423208e-9,5.377650349542018e-9,9.400137564752783e-8,2.848499083732821e-8,1.687868701774726e-9,5.307265779269509e-9,9.354187972451202e-8,2.830236924453195e-8,0.793658309534448,1.2819247804769359e-12,0.1443268950715988,1.3193670499195956e-10,4.243709037345737e-10,2.0408903625378522e-10
full_TAC,9,14,,86.62997664847457,18.189129378611874,3,2,LOCALLY_SOLVED,Solve_Succeeded,0.151697333,0.8481428631786903,1.0551390207296873e7,59.15592114086169,10.374021586421987,503.5801247573862,2.2556912246352386e-16,1.5922526291542861e-16,8.256939021777501e-9,0.0,0.9999924448260422,0.40070426862737224,6.43586610070574e-5,3.112720584831204e-5,8.16202267798959e-6,0.07935087555273476,1.3879987888856224e-5,1.7947724577393315e-6,1.5207029712663668e-8,3.54538697283436e-9,3.0165389756109354e-8,1.937014469977696e-9,2.3939317276810634e-5,0.07948665057258825,1.4299961648932106e-6,1.5817480806195383e-7,1.5067093876711716e-8,3.5722784196547464e-9,2.989246929976176e-8,1.9803191690653027e-9,1.5139118291913e-8,3.600730822436823e-9,2.9981491293451875e-8,1.9882790050626698e-9,1.4989413234320027e-8,3.541568910898984e-9,2.979664834721804e-8,1.9717660310668115e-9,7.114373168867852e-6,2.925490230043117e-7,6.216052851546047e-7,4.8357189609901155e-8,1.037765773952359e-8,-4.900143666589217e-9,5.484374400110336e-9,-8.256622449094643e-9,0.999949553966895,2.0059953933893963e-7,2.8176806115698233e-7,1.8746071279575864e-8,1.0280899785129384e-8,-4.89575119944609e-9,5.3615588128791255e-9,-8.239830696387875e-9,1.0330714694437983e-8,-4.923363761201762e-9,5.2489159486394674e-9,-8.256939021777501e-9,1.0227139464187332e-8,-4.8648174262560905e-9,5.4881515285206296e-9,-8.220525679725119e-9,9.068914086655096e-7,0.12082974231893702,4.3182184543108247e-5,2.666519080069864e-5,1.68966996807374e-9,5.398657435906865e-9,9.384787924122909e-8,2.8778500696811477e-8,2.659924141867847e-6,0.12103649064462299,4.448876957445544e-6,2.3500257197775993e-6,1.6741215418568567e-9,5.439605775383363e-9,9.299879337703656e-8,2.942188479754164e-8,1.6821242546569994e-9,5.482931025074253e-9,9.327575069073917e-8,2.954014521807395e-8,1.6654903593688911e-9,5.392843568868907e-9,9.270068374690054e-8,2.9294809604421195e-8,0.7936510014236536,3.7299560493555445e-14,0.14430090236874651,3.874019942814341e-12,1.2368592288967332e-11,5.91541964243558e-12
full_TAC,9,15,,86.62997664847457,16.974182557675732,3,3,LOCALLY_SOLVED,Solve_Succeeded,0.150085292,0.8481428631591582,1.0551390207263187e7,59.15592113978494,10.374021582863058,503.58012475715736,9.022764898540955e-17,1.6102510683902413e-20,8.256939053945048e-9,0.0,0.9999924448439211,0.40070426871529646,6.435854085748922e-5,3.112700924287068e-5,8.16200663028316e-6,0.07935087560291701,1.387996186382123e-5,1.7947604542864018e-6,1.520702967660261e-8,3.545387062249438e-9,3.016538986918051e-8,1.9370144982560587e-9,2.3939266776330728e-5,0.0794866505575776,1.4299933378173082e-6,1.5817442211175651e-7,1.50670937255455e-8,3.572278593193687e-9,2.989246911448087e-8,1.9803192797476964e-9,1.5139118154191153e-8,3.6007310031815572e-9,2.998149112760566e-8,1.98827911829081e-9,1.4989413021341404e-8,3.5415690579632842e-9,2.97966480829298e-8,1.9717661338450304e-9,7.114360012755093e-6,2.9254855239429193e-7,6.216042645918119e-7,4.835709008743959e-8,1.0377657804616323e-8,-4.9001437125431e-9,5.484374098964574e-9,-8.256622474487387e-9,0.9999495540718731,2.0059920454900343e-7,2.817675507054564e-7,1.8746020362958688e-8,1.0280899769705502e-8,-4.8957512846340015e-9,5.3615581385777045e-9,-8.23983072344968e-9,1.0330714688810847e-8,-4.923363855191589e-9,5.24891524607928e-9,-8.256939053945048e-9,1.0227139405431732e-8,-4.864817485947017e-9,5.488150951532454e-9,-8.220525690848595e-9,9.068896255870173e-7,0.12082974239535088,4.3182103576332706e-5,2.666501246368368e-5,1.689669964066956e-9,5.398657572061643e-9,9.384787959300602e-8,2.8778501116947155e-8,2.6599185307034132e-6,0.12103649062176589,4.448868162098292e-6,2.3500199856603824e-6,1.6741215250606107e-9,5.439606039635841e-9,9.299879280060714e-8,2.942188644196577e-8,1.682124239354572e-9,5.482931300299189e-9,9.327575017477317e-8,2.95401469003206e-8,1.6654903357045998e-9,5.392843792807728e-9,9.270068292467048e-8,2.929481113141188e-8,0.7936510014232958,3.729950099466113e-14,0.14430090236788945,3.8740138058058205e-12,1.2368572684989336e-11,5.915410246155145e-12
full_TAC,9,16,,86.62997664847457,15.759235736739589,3,3,LOCALLY_SOLVED,Solve_Succeeded,0.113430708,0.848134683620814,1.0551376040149633e7,59.15547021434281,10.373373376878618,503.57998885763925,1.5922526291542861e-16,1.5922526291542861e-16,9.55173008057262e-9,0.0,0.9999999330844549,0.4007204187413646,1.775966886620824e-6,1.2464053082612339e-6,1.0488037142128626e-7,0.07936479889061616,3.113325720334333e-7,4.280449991723803e-8,9.215762235491604e-9,5.909094249346873e-9,2.7773606199880457e-8,5.012429403956057e-9,1.9413899124752096e-7,0.0794793244412306,4.2213414029022825e-8,1.1988768537198456e-8,5.181306590120617e-9,6.370957686037868e-9,1.9347073354226923e-8,7.48828773897222e-9,5.20698002987075e-9,6.460098683781802e-9,1.946368896137548e-8,7.529187685550924e-9,5.086207799181923e-9,6.059674597094679e-9,1.8957474261698063e-8,7.344638505411499e-9,2.405011167142103e-7,-6.812208293150405e-9,-2.8593976012908666e-9,-9.346142667944287e-9,9.129386388302344e-9,-7.270858476911645e-9,-3.557113103031064e-9,-9.24353725949795e-9,0.999999308755736,-7.781021548933163e-9,-5.679951868910194e-9,-9.55173008057262e-9,5.030206431218498e-9,-8.082336760579898e-9,-5.8473510498824514e-9,-9.495139258114636e-9,5.056013125362253e-9,-8.18393458274967e-9,-6.045084853160162e-9,-9.527345562371272e-9,4.9346414194599995e-9,-7.733175424583341e-9,-5.183066799186697e-9,-9.377526696596594e-9,1.1653374602365135e-8,0.12085094376525642,9.685902241040146e-7,6.359525701989649e-7,1.0239735817212888e-9,8.997938970596374e-9,8.640677484407252e-8,7.447037971591854e-8,2.157099902750232e-8,0.12102533494460115,1.3133062142362656e-7,1.7811884683837704e-7,5.757007322356239e-10,9.701231021921298e-9,6.019089487981709e-8,1.1125456069330155e-7,5.785533366523053e-10,9.836968450304106e-9,6.055369899094594e-8,1.1186221704247086e-7,5.651341999091023e-10,9.227231772848716e-9,5.8978808814171755e-8,1.0912034350897081e-7,0.793650785945347,7.175575048854989e-16,0.1443004370111825,1.169438447616481e-13,3.489445857735385e-13,1.5965275065705141e-13
full_TAC,9,17,,86.62997664847457,14.544288915803445,3,3,LOCALLY_SOLVED,Solve_Succeeded,0.118132792,0.8481346622006662,1.0551376002984792e7,59.155469949736286,10.373372327286567,503.57998849690847,1.5922526291542861e-16,1.5922526291542861e-16,9.658444612618141e-9,0.0,0.9999999525405704,0.4007204516946199,1.5766355386202045e-6,1.2090362789786897e-6,7.655608779145428e-8,0.0793648398372226,2.733982850799225e-7,3.835510558133138e-8,7.491306071604905e-9,6.216132223082389e-9,2.6400046486968754e-8,5.733104910781776e-9,1.3549166982120675e-7,0.07947929593573994,3.8443830445925923e-8,1.185072431603957e-8,3.879494317058348e-9,6.847775585385545e-9,1.8037343156777336e-8,8.001339653984021e-9,3.8978585450708696e-9,6.930124342319884e-9,1.814201066181792e-8,8.034125625841466e-9,3.808251200643577e-9,6.5500563112264494e-9,1.7680282360077002e-8,7.884558493196751e-9,2.154782828903983e-7,-7.606834633235345e-9,-4.593090337190433e-9,-9.505947975923147e-9,8.414030648836515e-9,-7.68137607517886e-9,-4.647265551561629e-9,-9.384989683378594e-9,0.9999994587842218,-8.33415012230464e-9,-6.641966303307693e-9,-9.658444612618141e-9,4.372251895124261e-9,-8.434410027422873e-9,-6.626720300279746e-9,-9.60655605847634e-9,4.392375666515299e-9,-8.524548810884384e-9,-6.80006192416912e-9,-9.632462954459684e-9,4.294221161942315e-9,-8.114802688869329e-9,-6.029416194965687e-9,-9.510234380799862e-9,8.506231976828252e-9,0.12085100611577076,8.505724424708699e-7,5.698472829226375e-7,8.323673412894336e-10,9.465474066966367e-9,8.213347795945834e-8,8.517755867447211e-8,1.505462998013408e-8,0.12102529153851306,1.1960302805399174e-7,1.7606790412401643e-7,4.31054924117594e-10,1.0427294641382533e-8,5.611617870997393e-8,1.1887704628776258e-7,4.3309539389676305e-10,1.0552689339441641e-8,5.6441810947877966e-8,1.1936415215535892e-7,4.231390222937306e-10,9.973949383003911e-9,5.5005322898017335e-8,1.1714201189892314e-7,0.7936507853733796,6.257220059047343e-16,0.14430043489084296,1.07299912717093e-13,3.179403698835651e-13,1.4480456111008402e-13
full_TAC,9,18,,86.62997664847457,13.329342094867304,3,2,LOCALLY_SOLVED,Solve_Succeeded,0.110655417,0.8481428631262035,1.0551390207207141e7,59.15592113805265,10.374021565789482,503.58012475731624,1.5922526291542861e-16,1.5922526291542861e-16,8.256939004371528e-9,0.0,0.999992444876861,0.40070426914551,6.435843078810133e-5,3.112599195668118e-5,8.16200947806383e-6,0.07935087577970186,1.38799323959862e-5,1.794696467155058e-6,1.520702981452297e-8,3.545387099251677e-9,3.016538985435651e-8,1.937014277470262e-9,2.393920771254161e-5,0.07948665055093984,1.4299956348675088e-6,1.5817425027582943e-7,1.5067094026201024e-8,3.5722785630290678e-9,2.989246945896125e-8,1.9803189756876097e-9,1.513911845194765e-8,3.6007309703750592e-9,2.9981491465438784e-8,1.988278811644002e-9,1.4989413359665286e-8,3.5415690442998214e-9,2.9796648476845548e-8,1.971765836319611e-9,7.114376295884427e-6,2.92549161407401e-7,6.216053779250345e-7,4.835715543130551e-8,1.0377657998067361e-8,-4.9001435663527415e-9,5.484374677593963e-9,-8.256622421258604e-9,0.9999495541509897,2.0059957387497997e-7,2.8176806253143543e-7,1.8746064456775323e-8,1.0280900074924621e-8,-4.895751113673115e-9,5.361559029794394e-9,-8.239830676883232e-9,1.0330714992379668e-8,-4.923363679007958e-9,5.248916151224203e-9,-8.256939004371528e-9,1.022713973634782e-8,-4.864817331698734e-9,5.488151781303982e-9,-8.220525654806508e-9,9.068899420070919e-7,0.12082974266454599,4.318201189862373e-5,2.666406179773229e-5,1.6896699793914405e-9,5.398657628405962e-9,9.384787954688691e-8,2.877849783670103e-8,2.6599119680601774e-6,0.1210364906116584,4.448875308476694e-6,2.3500174326694653e-6,1.67412155846678e-9,5.439605993703353e-9,9.299879387232387e-8,2.9421881924501627e-8,1.682124272438627e-9,5.48293125034384e-9,9.327575122580955e-8,2.954014234442517e-8,1.6654903732961423e-9,5.392843772002e-9,9.270068415018614e-8,2.929480671103422e-8,0.7936510014235857,3.7299560616346176e-14,0.1443009023678717,3.874019851397407e-12,1.236859210207759e-11,5.915419517631106e-12
full_TAC,9,19,,86.62997664847457,12.11439527393116,3,2,LOCALLY_SOLVED,Solve_Succeeded,0.064755208,0.8481348201160841,1.055137627686938e7,59.155475028909265,10.373380657979245,503.57999139953733,3.1845052583085723e-16,3.1845052583085723e-16,9.000311379181788e-9,0.0,0.9999997941872221,0.4007202587988321,2.814179632282895e-6,1.520386130690944e-6,2.7581239279988553e-7,0.07936456952459572,5.171261063964039e-7,6.808495299675809e-8,1.3418240420684876e-8,4.833091810498777e-9,3.0402115125369323e-8,3.0790461116950203e-9,6.276420459240669e-7,0.07947948910577654,6.311967485990167e-8,1.2960186557370766e-8,1.0030809230348282e-8,5.172523802561597e-9,2.446291930193391e-8,5.065716919029028e-9,1.0099234823284073e-8,5.259623286572436e-9,2.461963026522868e-8,5.1250202671689925e-9,9.813559159363e-9,4.906839691696267e-9,2.3989299065574177e-8,4.882397836907757e-9,3.6447076192060495e-7,-1.21285722687436e-9,8.935333934637031e-9,-8.252918546284837e-9,1.0487929964511384e-8,-5.982911408450435e-9,5.007285399183851e-10,-8.74628605741994e-9,0.9999983441008828,-3.883389923531893e-9,1.767779273491954e-10,-8.871916420399872e-9,7.743706515921647e-9,-6.682378402993994e-9,-2.26156215477054e-9,-8.948171050640543e-9,7.79954247285671e-9,-6.7932549565285174e-9,-2.5154541647287413e-9,-9.000311379181788e-9,7.566306891095558e-9,-6.352558863251375e-9,-1.5040324143140437e-9,-8.780351065298873e-9,3.0645821422209496e-8,0.12085059450336168,1.6088367754554789e-6,1.0115478730946914e-6,1.490915602298319e-9,7.359480711441319e-9,9.458435816781566e-8,4.5745827945183154e-8,6.973800510267407e-8,0.1210255856837961,1.9637232178636075e-7,1.9255134313807994e-7,1.1145343589275865e-9,7.876343062991522e-9,7.610686005046104e-8,7.526207993985983e-8,1.1221372025871188e-9,8.008971822735299e-9,7.659440526960032e-8,7.614315825508217e-8,1.090395462151444e-9,7.471778621446588e-9,7.463337487067522e-8,7.253848214834382e-8,0.7936507899757259,1.3828586615126903e-15,0.14430044935420797,1.8382498766507284e-13,5.644657849802059e-13,2.6249423778780236e-13
full_TAC,9,20,,86.62997664847457,10.899448452995019,3,3,LOCALLY_SOLVED,Solve_Succeeded,0.067321458,0.8481346192339736,1.0551375928427076e7,59.15547009717531,10.373370153782053,503.5799878046268,3.1845052583085723e-16,3.1845052583085723e-16,9.872310145519993e-9,0.0,0.9999999895008496,0.4007205416045758,1.0751265464754566e-6,1.1329539148000683e-6,1.9770993552389684e-8,0.07936493649563925,1.7998075229698868e-7,2.8142823456295993e-8,1.2446104671478698e-9,7.590114130496456e-9,2.0942138827398003e-8,7.933059846416841e-9,3.189967747499191e-8,0.07947923114454143,2.9606023550472145e-8,1.1584917014334826e-8,-2.0153003684618762e-10,8.48801286355678e-9,1.4397045267920828e-8,9.178950604758492e-9,-1.9702887853733795e-10,8.532251886931232e-9,1.4461278607385511e-8,9.19209213579934e-9,-2.2387736535265013e-10,8.311373761369506e-9,1.4167043321829818e-8,9.132917338829342e-9,1.4531626046668817e-7,-9.131808217196998e-9,-7.993185590543548e-9,-9.817918634363e-9,5.715881105498537e-9,-8.888877667412646e-9,-7.528729408915567e-9,-9.742868242260789e-9,0.999999771401643,-9.395663495641078e-9,-8.668397588885404e-9,-9.872310145519993e-9,2.9985502640804163e-9,-9.326410430694946e-9,-8.514124773690625e-9,-9.847185823001674e-9,3.006567198212304e-9,-9.372124867776413e-9,-8.606197052239782e-9,-9.857825718455047e-9,2.9587862804694774e-9,-9.15268948108769e-9,-8.174866806247871e-9,-9.806320065511736e-9,2.1967770613766304e-9,0.12085115330017794,5.599401182572981e-7,4.1812194849354044e-7,1.382900519053188e-10,1.1557673789619605e-8,6.515332079634934e-8,1.1786260343247877e-7,3.5444086083324332e-9,0.12102519287918807,9.210762882369111e-8,1.721187670701174e-7,-2.2392226316243057e-11,1.2924928678597824e-8,4.4790807500198123e-8,1.3637298041355474e-7,-2.189209761525976e-11,1.299229264600892e-8,4.4990644556310476e-8,1.3656822601759018e-7,-2.4875262816961117e-11,1.2655955500267201e-8,4.407524589013721e-8,1.3568905760546448e-7,0.7936507842757128,4.502627686566163e-16,0.14430043036731743,8.823548312178686e-14,2.5692556855936013e-13,1.1540411292537457e-13
full_TAC,9,21,,86.62997664847457,9.684501632058875,3,3,LOCALLY_SOLVED,Solve_Succeeded,0.015152125,0.9930437436145255,1.080371143424388e7,43.26007170135793,9.684501872937602,503.5799875013313,1.5922526291542861e-16,1.5922526291542861e-16,9.927851584585751e-9,9.91313869018231e-9,1.0000000094746226,0.3555673262617659,-7.133160019045203e-9,-9.867287899334502e-9,-9.250158655581512e-9,-6.0467921285868005e-9,-2.014663712503899e-9,-5.673676585439461e-10,-9.291531180125435e-9,-6.168195447509771e-9,-2.1584935634289347e-9,-5.714795772630336e-10,-8.61879204954332e-9,0.09171841564587596,5.056472688726736e-9,3.6652553458526264e-9,-9.052076365354786e-9,-5.6400341394073704e-9,-7.066006555428945e-10,-3.630141218492906e-10,-9.044145980539804e-9,-5.05286101760412e-9,5.197254379371937e-10,6.20488995954889e-11,-9.155765526015868e-9,-6.0874504418645735e-9,-1.9143815213577677e-9,-5.449313820402193e-10,-6.708835574779059e-9,0.079365118550299,-4.402279843572171e-9,-9.569996641854817e-9,-7.380343602789471e-9,2.237086806288326e-8,6.010019323010357e-9,-4.098767932594866e-9,1.0000000067305703,0.044821669436373765,-6.723590058295095e-9,-9.653994245798522e-9,2.9784562197830243e-8,1.4088097400325449e-8,-1.2469593820235502e-10,-4.807736652696562e-9,5.104363752056913e-8,1.3062809272638129e-8,-2.9811194166430327e-9,-7.098065564485975e-9,-3.536668642278775e-9,1.3339449174341534e-8,6.095598033354196e-9,-1.2868378816795389e-9,-1.0277954061757233e-9,-9.207615286711716e-9,-6.26784266112324e-9,-8.429462355510055e-9,-1.0323923533472702e-9,-9.392479431435331e-9,-6.715313308445575e-9,-8.4905537193365e-9,-9.576435610603684e-10,0.1396621329153111,1.573124836492762e-8,5.445522228123902e-8,-1.005786262817198e-9,-8.588233803188494e-9,-2.198313150577894e-9,-5.393352667475175e-9,-1.0049051089488668e-9,-7.694129276806273e-9,1.6169235846934915e-9,9.218693654186921e-10,-1.0173072806684295e-9,-9.269526809202873e-9,-5.955853622001943e-9,-8.096123390311829e-9,0.7936507838578344,-1.9543901651309467e-15,0.1669951026978978,-8.232057512288923e-13,-2.092099972594197e-12,-1.113586393793242e-12
full_TAC,10,1,,82.29624971377211,33.98343805078173,3,3,ALMOST_LOCALLY_SOLVED,Solved_To_Acceptable_Level,0.077530708,0.8523778438328574,1.0558361053695321e7,59.190795190098,15.855120280132159,503.58469509306116,2.2556912246352386e-16,6.595588376126429e-17,8.239504417648696e-9,0.0,0.999782644434708,0.1683657004177244,0.5157605960109446,0.30619947400905334,0.0003441153963298482,0.0666942693449449,0.03849911528112793,9.368548721139933e-5,1.5230064178080414e-8,3.497946090017471e-9,3.011759580349103e-8,1.907290473328166e-9,0.0007837360404282705,3.908811846886608e-5,0.08694603914518412,0.019215956120096394,1.5197452280087593e-8,3.487997599648805e-9,3.007521843665631e-8,1.9056552756254006e-9,1.5312227848913812e-8,3.5316874066899165e-9,3.0214821646188084e-8,1.9172740090818847e-9,1.5190567115274584e-8,3.4854556501291514e-9,3.0067099384124726e-8,1.904979839624138e-9,0.0003679660386190158,1.0362056446313388e-5,2.4074108980169392e-5,2.0964798870528635e-6,1.0352029887401882e-8,-4.8662515130001e-9,5.687099543347722e-9,-8.239504417648696e-9,0.998161401017667,5.261523840931849e-6,1.7035290093750046e-5,1.5438719465154806e-6,1.0329586494611169e-8,-4.834005744282024e-9,5.811295963402841e-9,-8.220937600395379e-9,1.040854748425571e-8,-4.849050210052268e-9,5.737159666589946e-9,-8.232757317353757e-9,1.0324847364147884e-8,-4.812836236302078e-9,5.894232199381797e-9,-8.209340863415696e-9,3.823504403664979e-5,0.10155718286616609,0.11977502531906467,0.0013918986671407898,1.6922293531200455e-9,5.32641790979933e-9,9.369918694419432e-8,2.8336887032304174e-8,8.70817822698078e-5,5.9520544032136986e-5,0.2704987884516839,0.2854942052128607,1.6886058088986208e-9,5.311269072192498e-9,9.356734624737517e-8,2.831259266643452e-8,1.7013586498793116e-9,5.37779673291419e-9,9.400166734369625e-8,2.848521384921657e-8,1.6878407905860641e-9,5.3073983763330255e-9,9.354208697283247e-8,2.8302557617272904e-8,0.7936583351108102,1.2819263102136706e-12,0.14432345838114433,1.3193727684028844e-10,4.243727281104189e-10,2.0408966581068818e-10
full_TAC,10,2,,82.29624971377211,32.76849122984559,3,3,ALMOST_LOCALLY_SOLVED,Solved_To_Acceptable_Level,0.072500333,0.8523878817169651,1.0558382677568398e7,59.19038254780824,15.796961328258178,503.5846949711738,1.5922526291542861e-16,1.5922526291542861e-16,8.239504371822679e-9,0.0,0.9997827266589758,0.16902364299429035,0.5208663725467916,0.3023828594918546,0.00034403403023228896,0.0669550722463383,0.03767243170636358,9.407064947949713e-5,1.5230064221883585e-8,3.4979463490720725e-9,3.011758993047043e-8,1.907290992490886e-9,0.000783688621031275,3.909121385606256e-5,0.08901466758237199,0.018974883571132244,1.519745238187687e-8,3.4879978802495575e-9,3.007521265025393e-8,1.9056558000068847e-9,1.5312227962343312e-8,3.5316876935894838e-9,3.0214815827578023e-8,1.917274539117766e-9,1.519056718401848e-8,3.4854559180657086e-9,3.006709356031361e-8,1.9049803604101336e-9,0.0003678159459674396,1.0362167678163282e-5,2.4068484093100374e-5,2.0965560812794847e-6,1.035203002744285e-8,-4.866251405058004e-9,5.687099241666896e-9,-8.239504371822679e-9,0.9981617764295795,5.261588202672043e-6,1.7044127628296215e-5,1.5435532719316549e-6,1.0329586674329419e-8,-4.834005658431189e-9,5.811295558962183e-9,-8.22093756809309e-9,1.040854767276438e-8,-4.849050129010656e-9,5.73715924784462e-9,-8.232757288121038e-9,1.032484752107293e-8,-4.8128361378308155e-9,5.894231841588375e-9,-8.209340823160525e-9,3.82260033591432e-5,0.10195431455692423,0.11720312086424223,0.0013976210779811002,1.6922293579870644e-9,5.326418304268837e-9,9.369916867257465e-8,2.8336894745578878e-8,8.707651344791941e-5,5.9525257462640715e-5,0.2769345213673795,0.28191255591396475,1.6886058202085405e-9,5.3112694994709165e-9,9.356732824523444e-8,2.8312600457245135e-8,1.7013586624825895e-9,5.3777971697839865e-9,9.400164924135384e-8,2.8485221724035377e-8,1.687840798224275e-9,5.307398784327329e-9,9.354206885430901e-8,2.830256535466484e-8,0.7936583351222817,1.2819262979015161e-12,0.14432332949941945,1.3193727588714265e-10,4.2437272580331153e-10,2.0408966351549897e-10
full_TAC,10,3,,82.29624971377211,31.553544408909442,3,3,ALMOST_LOCALLY_SOLVED,Solved_To_Acceptable_Level,0.076861292,0.8546952202416614,1.05624393022272e7,59.207018681800534,15.1685440363607,503.58464511377343,3.1845052583085723e-16,3.1845052583085723e-16,8.239505724679113e-9,0.0,0.9998123828555865,0.1847010650894221,0.5260936695657683,0.26380905331298987,0.0003045748601722516,0.051673082538094335,0.046969872324854695,0.004643083525561916,1.522975509205661e-8,3.4980100566204037e-9,3.011758072689601e-8,1.9073182219239397e-9,0.0007671653873699206,0.02153485308537633,0.08098877794240221,0.011993286298729039,1.519716954520938e-8,3.488071131613425e-9,3.007523465678351e-8,1.9056855867894393e-9,1.5311946890754205e-8,3.5317631329267936e-9,3.021484314939473e-8,1.9173050139446256e-9,1.5190271553888955e-8,3.4855242197723793e-9,3.0067099856513386e-8,1.9050088260840643e-9,0.00029732184735054186,1.0275237010279013e-5,2.3879626109998208e-5,2.1401677793313876e-6,1.0351862160599536e-8,-4.866243178628921e-9,5.687085884379447e-9,-8.239505724679113e-9,0.9983241293975317,7.118110475809875e-6,1.704264841570148e-5,1.5320454069312457e-6,1.0329436747949464e-8,-4.834006909231767e-9,5.811241473297221e-9,-8.220944918772222e-9,1.0408399495251344e-8,-4.849053091500991e-9,5.737098458471488e-9,-8.232765593384874e-9,1.0324688756404589e-8,-4.8128324222031135e-9,5.894198327162381e-9,-8.209345153151903e-9,3.3841651130250165e-5,0.07868401204664364,0.14612849167732572,0.06898295523691989,1.6921950102285114e-9,5.32651531349016e-9,9.369914003923204e-8,2.8337299297155675e-8,8.524059859665781e-5,0.032791708107277585,0.25196508693191794,0.1781859678668314,1.6885743939121528e-9,5.311381041320443e-9,9.356739670999314e-8,2.8313043003728812e-8,1.7013274323060223e-9,5.377912043320345e-9,9.400173424256137e-8,2.848567449289158e-8,1.6878079504321057e-9,5.30750278919885e-9,9.354208844248609e-8,2.8302988273248952e-8,0.7936583438336468,1.2819270220507716e-12,0.1443289286640561,1.3193766056586408e-10,4.2437397491126356e-10,2.0409004870130832e-10
full_TAC,10,4,,82.29624971377211,30.3385975879733,3,3,LOCALLY_SOLVED,Solve_Succeeded,0.164884459,0.8488121848807205,1.0552009636809405e7,59.15667720032684,17.981347879311034,503.58012432854684,1.5922526291542861e-16,1.5922526291542861e-16,8.256899116796531e-9,0.0,0.9999928407993043,0.20018712853817147,6.438002377895143e-5,0.4635761174744393,7.864043951751292e-6,0.07935286537147795,1.3875077496338989e-5,1.1363017243556117e-6,1.5208399575981638e-8,3.5477870287118552e-9,3.017300064195621e-8,1.9343608750903014e-9,2.3777953603724596e-5,4.303426347458151e-7,1.44042836893845e-6,0.029233382619639238,1.506881915752666e-8,3.5748124407678024e-9,2.99003704515635e-8,1.9776359515757122e-9,1.514091389604213e-8,3.603301734632032e-9,2.998950692570038e-8,1.9855870647211033e-9,1.4990984008878563e-8,3.5440320281857563e-9,2.980432896886512e-8,1.9690834757049513e-9,6.726390463335401e-6,2.915820219749296e-7,6.198141017834414e-7,4.763957684798972e-8,1.0379055548422653e-8,-4.899399971307944e-9,5.4863374766582605e-9,-8.256528456501294e-9,0.9999508482898659,9.725952789678745e-8,2.820860669232555e-7,3.516973510156136e-8,1.0282540317030414e-8,-4.89508866953632e-9,5.3631493192635635e-9,-8.239779283371084e-9,1.033240533838174e-8,-4.9227245793810256e-9,5.250414891683808e-9,-8.256899116796531e-9,1.0228671433222035e-8,-4.86409923713956e-9,5.4899670210733915e-9,-8.220442490919275e-9,8.737826613056988e-7,0.12083277227020504,4.316690776638797e-5,1.6882197047569087e-5,1.6898221751090701e-9,5.402312066447598e-9,9.387155755275265e-8,2.8739075858484473e-8,2.6419948448582877e-6,6.552944665447639e-7,4.481332703364066e-6,0.43432454177749724,1.674313239725184e-9,5.443464398441881e-9,9.302337473819757e-8,2.9382019851982006e-8,1.6823237662269028e-9,5.486845823189684e-9,9.330068821329006e-8,2.9500150675856387e-8,1.665664889875395e-9,5.396594224737401e-9,9.272457901424704e-8,2.9254954496187845e-8,0.7936510015169973,3.729754798562596e-14,0.14430113099030933,3.873833330157641e-12,1.2368134496240003e-11,5.915031116449339e-12
full_TAC,10,5,,82.29624971377211,29.12365076703716,3,3,ALMOST_LOCALLY_SOLVED,Solved_To_Acceptable_Level,0.055807291,0.857732425622043,1.0567702090097383e7,59.2050801735774,15.424698210305873,503.5847220545724,9.955064599090721e-17,1.1851267379869903e-16,8.239502833549291e-9,0.0,0.9997622025240817,0.17173580082691406,0.5628126340081085,0.2774096773679619,0.0005830881017286586,0.006063338984851651,0.0508659359868404,0.006349130487420261,1.523023207434877e-8,3.4978919722122173e-9,3.011742108648059e-8,1.907306111708601e-9,0.0007566792317043725,0.06200509754682429,0.08602418680343345,0.011144932719524782,1.519760619684258e-8,3.487938454549074e-9,3.007502760924114e-8,1.90566951435295e-9,1.5312380760207663e-8,3.5316269011748955e-9,3.021462647273795e-8,1.9172881340378444e-9,1.5190727877847135e-8,3.485399163210573e-9,3.00669170461459e-8,1.904994770148475e-9,0.14026567454153963,1.0430659962821725e-5,2.4617786543037805e-5,2.2002514609560347e-6,1.035212118060845e-8,-4.866259260849369e-9,5.687089838526957e-9,-8.239502833549291e-9,0.8580077884956572,7.252953360440693e-6,1.6993005333019902e-5,1.5295212267044354e-6,1.0329668250887012e-8,-4.834008496692759e-9,5.8113076481553925e-9,-8.22093281335929e-9,1.0408628259245701e-8,-4.8490520385289845e-9,5.737175065788664e-9,-8.23275203444821e-9,1.0324933849980061e-8,-4.812841657049935e-9,5.894232761747e-9,-8.209337672337372e-9,6.478756685873981e-5,0.009232811636024104,0.15824957862572567,0.09432993867024386,1.6922480082609736e-9,5.3263355031413295e-9,9.369864338016183e-8,2.8337119373956357e-8,8.407547018937468e-5,0.09441685308266426,0.26763080338845957,0.1655818575472253,1.6886229107602861e-9,5.3111790103360895e-9,9.356675256208353e-8,2.8312804213243827e-8,1.701375640023073e-9,5.377704599516318e-9,9.400106013740696e-8,2.848542370570511e-8,1.6878586530941257e-9,5.307312362161554e-9,9.354151969912057e-8,2.8302779442205916e-8,0.7936583181198417,1.2819259620737617e-12,0.14432849968100164,1.3193707677767453e-10,4.2437207724660863e-10,2.0408946883550825e-10
full_TAC,10,6,,82.29624971377211,27.908703946101014,3,3,LOCALLY_SOLVED,Solve_Succeeded,0.286580417,0.8481428632042122,1.0551390207340686e7,59.15592114170265,10.374021594071458,503.58012475752525,1.5922526291542861e-16,1.5922526291542861e-16,8.256939003923408e-9,0.0,0.9999924448065528,0.40070426841777024,6.435884820494669e-5,3.112765071872954e-5,8.162032547760766e-6,0.07935087545802143,1.3880031300235669e-5,1.794800130270268e-6,1.5207029538689358e-8,3.5453868426440447e-9,3.016538956154821e-8,1.9370144942302356e-9,2.393935104684579e-5,0.0794866505840009,1.4299980218702186e-6,1.5817518306140555e-7,1.5067093837152313e-8,3.572278266746498e-9,2.989246935866143e-8,1.9803191541552833e-9,1.5139118256086368e-8,3.6007306699176133e-9,2.998149135595909e-8,1.988278990312549e-9,1.4989413195521812e-8,3.5415687594592704e-9,2.9796648407914814e-8,1.9717660164850484e-9,7.114380568058196e-6,2.92549386229813e-7,6.216060866597564e-7,4.8357276030320725e-8,1.0377657558278686e-8,-4.90014362110524e-9,5.484374685501265e-9,-8.256622415752485e-9,0.9999495538915185,2.005997204085367e-7,2.817683529005303e-7,1.8746101810822464e-8,1.0280899697317767e-8,-4.895751158184712e-9,5.361559201374862e-9,-8.239830678464844e-9,1.0330714608926351e-8,-4.923363719617362e-9,5.248916333807195e-9,-8.256939003923408e-9,1.022713937720505e-8,-4.86481738588105e-9,5.4881519180701605e-9,-8.22052566218478e-9,9.068925053067514e-7,0.12082974217471444,4.3182319600733195e-5,2.6665601935443983e-5,1.689669948743261e-9,5.3986572376625226e-9,9.384787863592775e-8,2.8778501057134926e-8,2.6599278940939757e-6,0.12103649066200134,4.448882734707346e-6,2.350031291198025e-6,1.6741215374613672e-9,5.439605542545803e-9,9.299879356028e-8,2.9421884576021344e-8,1.6821242506762624e-9,5.482930792829092e-9,9.327575088520605e-8,2.9540144998929292e-8,1.6654903550579784e-9,5.3928433382675245e-9,9.270068393573498e-8,2.9294809387777858e-8,0.7936510014238679,3.7299594484669817e-14,0.14430090236937823,3.874023496810776e-12,1.2368603634991343e-11,5.915425052318436e-12
full_TAC,10,7,,82.29624971377211,26.693757125164872,3,3,ALMOST_LOCALLY_SOLVED,Solved_To_Acceptable_Level,0.073060208,0.8524875042378646,1.0558716948440589e7,59.2349110854865,13.533904173565276,503.58472195312163,1.1278456123176193e-16,6.595588376126429e-17,8.239504557369489e-9,0.0,0.9997640782828919,0.2357615854291771,0.4802184831799283,0.16660502016574102,0.0003889816869774738,0.02998113085162216,0.06500680361687924,0.010492677306724402,1.5230180962415768e-8,3.497885340320265e-9,3.0117649725682616e-8,1.907292548326011e-9,0.0007857377167183792,0.0634668927167395,0.05179292838128735,1.3722601348202958e-5,1.5197555394494205e-8,3.4879319009841424e-9,3.0075255854994456e-8,1.905655986573648e-9,1.531232950536576e-8,3.53162029268342e-9,3.0214856493519263e-8,1.9172744876086815e-9,1.519067713570093e-8,3.485392625544179e-9,3.0067145229588145e-8,1.9049812526299498e-9,0.00047569000928903685,1.0432259377661772e-5,2.447771569759817e-5,2.188549144708547e-6,1.035208757427546e-8,-4.866262959867167e-9,5.687100887510997e-9,-8.239504557369489e-9,0.9979830353756756,7.259568287364101e-6,1.6811056188192847e-5,1.259190023895423e-6,1.032963484457241e-8,-4.834012251777014e-9,5.811318787075037e-9,-8.220934583942843e-9,1.0408594587490087e-8,-4.849055769812746e-9,5.737186108971469e-9,-8.232753780269394e-9,1.0324900482360684e-8,-4.812845428639996e-9,5.894244068553093e-9,-8.20933945950197e-9,4.3220187441941515e-5,0.0456530856149701,0.20224338903029093,0.15589120569990536,1.6922423291573068e-9,5.326325404578586e-9,9.36993547021237e-8,2.8336917860843592e-8,8.730419074648655e-5,0.09664276845503515,0.16113355496400508,0.0002038786486018725,1.6886172660549111e-9,5.311169031044034e-9,9.356746265998274e-8,2.831260322909419e-8,1.7013699450406395e-9,5.377694536586116e-9,9.400177575761548e-8,2.8485220958757553e-8,1.6878530150778807e-9,5.307302407078635e-9,9.354222960316311e-8,2.8302578610502107e-8,0.793658325312164,1.2819264782842442e-12,0.14433753078469447,1.3193714410929935e-10,4.24372268332939e-10,2.0408958484346768e-10
full_TAC,10,8,,82.29624971377211,25.47881030422873,3,2,LOCALLY_SOLVED,Solve_Succeeded,0.173106208,0.8481428632042995,1.0551390207340883e7,59.15592114176853,10.374021593415634,503.58012475757755,2.563285482540044e-17,2.415376602585362e-20,8.256938994328697e-9,0.0,0.9999924448055367,0.4007042684450617,6.435880205522493e-5,3.112761193711776e-5,8.16203555051306e-6,0.0793508754665316,1.3880019398884349e-5,1.7947976262531587e-6,1.5207029562431393e-8,3.545386832155292e-9,3.016538950976629e-8,1.937014474057873e-9,2.3939355932500147e-5,0.07948665058622466,1.429998608527266e-6,1.5817523935405391e-7,1.5067093892686953e-8,3.572278236351963e-9,2.989246938621524e-8,1.9803191133298487e-9,1.5139118309056976e-8,3.600730638063809e-9,2.9981491379425196e-8,1.9882789488522126e-9,1.4989413264762123e-8,3.5415687349631822e-9,2.9796648453291176e-8,1.971765977535734e-9,7.1143839616559785e-6,2.925495128587326e-7,6.216063268644708e-7,4.835729831714986e-8,1.0377657565464462e-8,-4.900143601473819e-9,5.484374779904281e-9,-8.2566224071269e-9,0.9999495538783436,2.005998064979428e-7,2.817684781268226e-7,1.874611403942472e-8,1.0280899726605468e-8,-4.89575112977281e-9,5.361559384886908e-9,-8.239830669993484e-9,1.0330714636373381e-8,-4.9233636892656406e-9,5.248916523389555e-9,-8.256938994328697e-9,1.0227139416054218e-8,-4.864817363220426e-9,5.488152079741373e-9,-8.220525657314002e-9,9.068928389458953e-7,0.1208297421876731,4.318228257430686e-5,2.666556473290407e-5,1.6896699513812655e-9,5.3986572216910124e-9,9.384787847482846e-8,2.877850075743125e-8,2.6599284369444595e-6,0.12103649066538753,4.448884559862604e-6,2.3500321275459438e-6,1.674121543631883e-9,5.439605496263215e-9,9.299879364600297e-8,2.942188396947203e-8,1.6821242565618855e-9,5.482930744324436e-9,9.327575095821173e-8,2.9540144382947154e-8,1.6654903627513464e-9,5.3928433009666635e-9,9.270068407690588e-8,2.9294808809102322e-8,0.7936510014239525,3.7299609366849834e-14,0.14430090236952656,3.874025022837781e-12,1.236860851745687e-11,5.915427389865792e-12
full_TAC,10,9,,82.29624971377211,24.26386348329259,3,3,LOCALLY_SOLVED,Solve_Succeeded,0.179374292,0.8481348201163992,1.0551376276869925e7,59.15547502892817,10.37338065802914,503.57999139954256,3.1845052583085723e-16,3.1845052583085723e-16,9.000310701666249e-9,0.0,0.9999997941868376,0.40072025879769946,2.814181853782072e-6,1.5203887561064667e-6,2.758127483147936e-7,0.0793645695238096,5.171265793100338e-7,6.808512178357053e-8,1.3418242373850855e-8,4.833089630941178e-9,3.04021149719302e-8,3.079045436114832e-9,6.276431514015728e-7,0.07947948910611172,6.311971447482978e-8,1.2960190903598781e-8,1.0030814056526652e-8,5.172521834531473e-9,2.4462924303601908e-8,5.065714481244964e-9,1.0099239707935237e-8,5.259621284257232e-9,2.461963528856149e-8,5.1250178193477705e-9,9.81356385101375e-9,4.906837880561095e-9,2.3989304086337312e-8,4.882395476088327e-9,3.6447095029502553e-7,-1.2128458778940445e-9,8.935357282647281e-9,-8.252916546872007e-9,1.0487929158032037e-8,-5.982910325631737e-9,5.007328919501878e-10,-8.746285586951796e-9,0.9999983440986627,-3.883381977597949e-9,1.7678881139505462e-10,-8.871915251098443e-9,7.743708671080356e-9,-6.6823767751144235e-9,-2.2615572313062456e-9,-8.948170371105125e-9,7.79954466319503e-9,-6.793253294352302e-9,-2.5154492428645376e-9,-9.000310701666249e-9,7.5663089759562e-9,-6.352557409465159e-9,-1.5040276304044624e-9,-8.780350421001954e-9,3.064586092386594e-8,0.12085059450216461,1.6088382467423272e-6,1.0115503807844764e-6,1.490915819316761e-9,7.35947739256952e-9,9.458435769044949e-8,4.574581790799178e-8,6.973812793350806e-8,0.12102558568430646,1.963724450328037e-7,1.9255140771061046e-7,1.1145348951696275e-9,7.876340066218379e-9,7.610687561120594e-8,7.526204372135373e-8,1.1221377453261368e-9,8.00896877375533e-9,7.659442089774685e-8,7.614312188745256e-8,1.0903959834459717e-9,7.471775863581668e-9,7.46333904908272e-8,7.253844707331227e-8,0.7936507899757343,1.3828600834307722e-15,0.14430044935423117,1.8382514053149818e-13,5.644662683173328e-13,2.6249447127438896e-13
full_TAC,10,10,,82.29624971377211,23.048916662356444,3,3,LOCALLY_SOLVED,Solve_Succeeded,0.1583035,0.8481428631884824,1.0551390207313567e7,59.155921140938176,10.374021591035715,503.58012475738263,3.1845052583085723e-16,3.1845052583085723e-16,8.25693902252574e-9,0.0,0.9999924448189893,0.40070426851212504,6.435865775868934e-5,3.112748541977869e-5,8.16202210734532e-6,0.07935087550556251,1.3879987120355639e-5,1.7947899691168398e-6,1.5207029533749213e-8,3.545386907206967e-9,3.0165389578496346e-8,1.937014506101837e-9,2.3939316341026605e-5,0.07948665057405595,1.4299961166201422e-6,1.581749257053698e-7,1.5067093762394115e-8,3.5722783834609392e-9,2.989246919502484e-8,1.9803192166770776e-9,1.5139118190041145e-8,3.6007307912506068e-9,2.998149120445467e-8,1.988279054406202e-9,1.4989413081879408e-8,3.541568859535861e-9,2.9796648195011382e-8,1.9717660740958917e-9,7.114372380939074e-6,2.925491000898921e-7,6.216054232171269e-7,4.835721338196254e-8,1.0377657616463116e-8,-4.9001436440663145e-9,5.484374508729416e-9,-8.256622429864446e-9,0.999949553962305,2.005995156377239e-7,2.817680346351586e-7,1.8746070245205954e-8,1.0280899706611359e-8,-4.895751205760486e-9,5.361558793348529e-9,-8.239830693849317e-9,1.0330714624575303e-8,-4.923363772738232e-9,5.248915907962369e-9,-8.25693902252574e-9,1.0227139359223042e-8,-4.864817417483973e-9,5.488151570983024e-9,-8.220525667587014e-9,9.068913452605906e-7,0.12082974224710655,4.318218215221753e-5,2.6665450969735902e-5,1.6896699481943565e-9,5.3986573359742445e-9,9.384787868865528e-8,2.8778501233513006e-8,2.659924037891844e-6,0.12103649064685791,4.448876807262664e-6,2.3500274676226367e-6,1.6741215291549008e-9,5.439605720270066e-9,9.299879305118839e-8,2.9421885504916578e-8,1.6821242433379042e-9,5.482930977586151e-9,9.327575041385896e-8,2.954014595117785e-8,1.6654903424310446e-9,5.392843490656879e-9,9.270068327336873e-8,2.9294810243710382e-8,0.7936510014236454,3.729955787140456e-14,0.14430090236881482,3.874019717467489e-12,1.2368591566336644e-11,5.915419266305358e-12
full_TAC,10,11,,82.29624971377211,21.833969841420302,3,3,LOCALLY_SOLVED,Solve_Succeeded,0.18681,0.848134820116122,1.0551376276869444e7,59.15547502891441,10.373380658012142,503.5799913995369,3.1845052583085723e-16,3.1845052583085723e-16,9.00031149916454e-9,0.0,0.999999794187144,0.4007202587980122,2.8141799261123063e-6,1.5203880743246953e-6,2.758124149857573e-7,0.0793645695242606,5.171261856702987e-7,6.808506928299552e-8,1.3418239078415116e-8,4.8330910455221e-9,3.040211374500404e-8,3.0790471054441214e-9,6.276421868383668e-7,0.0794794891057908,6.311967456000934e-8,1.2960188716852106e-8,1.0030807817801068e-8,5.172522980129727e-9,2.4462917623475037e-8,5.065717984101601e-9,1.009923339310329e-8,5.2596224484801665e-9,2.461962855745683e-8,5.125021331551528e-9,9.813557802165687e-9,4.906838915866276e-9,2.3989297475210854e-8,4.882398902871844e-9,3.64470725609363e-7,-1.21285801620159e-9,8.935332275089762e-9,-8.252918866667748e-9,1.0487928592175015e-8,-5.9829116766298685e-9,5.00727872959386e-10,-8.746286149892492e-9,0.9999983441006716,-3.88339043067277e-9,1.767772327116255e-10,-8.871916608717072e-9,7.743705143851313e-9,-6.682378631624774e-9,-2.2615627073653645e-9,-8.948171179156448e-9,7.799541085393252e-9,-6.793255177885352e-9,-2.515454699315855e-9,-9.00031149916454e-9,7.566305567401093e-9,-6.352559110124071e-9,-1.5040330133094005e-9,-8.780351220799936e-9,3.0645823887306355e-8,0.12085059450285135,1.6088370220853735e-6,1.0115496007759333e-6,1.4909154531572345e-9,7.3594795465904705e-9,9.45843538733459e-8,4.5745842709455514e-8,6.973802075981851e-8,0.1210255856838178,1.9637232085336238e-7,1.925513752218027e-7,1.114534201977896e-9,7.876341810652081e-9,7.610685482858898e-8,7.526209576379521e-8,1.1221370436781428e-9,8.008970546549344e-9,7.659439995653235e-8,7.614317406876555e-8,1.0903953113517426e-9,7.471777440069101e-9,7.46333699228782e-8,7.253849798552454e-8,0.7936507899757256,1.3828586349126135e-15,0.14430044935420755,1.8382499469940326e-13,5.64465798882594e-13,2.624942470543165e-13
full_TAC,10,12,,82.29624971377211,20.61902302048416,3,2,LOCALLY_SOLVED,Solve_Succeeded,0.249016125,0.8497778165944768,1.0554233685604671e7,59.12850584150158,10.372921606372937,503.5799885077572,1.5922526291542861e-16,1.5922526291542861e-16,9.655301976543924e-9,0.0,0.999999942539725,0.40066700445177783,1.5984745131500487e-6,1.221039433567315e-6,1.1675729188651449e-7,1.1854269409966934e-7,2.8023399712313266e-7,3.9408631930884025e-8,8.056911059043085e-9,6.1152578298921475e-9,2.618419835763034e-8,5.672861685260139e-9,1.16757342815629e-7,0.15882283121072802,3.740753497422453e-8,1.1694331824036297e-8,4.150038639376493e-9,6.790407003624133e-9,1.7933731097703775e-8,7.974373846709055e-9,4.1689300288156125e-9,6.872955763940044e-9,1.8038196273360576e-8,8.0073932756318e-9,4.076860035730573e-9,6.492378374394942e-9,1.757780351219551e-8,7.85681135158837e-9,0.2801109386772648,-7.671174055322043e-9,-4.534570030766891e-9,-9.500759363689747e-9,8.92042372309441e-9,-7.671666520999499e-9,-4.6239213783020065e-9,-9.38050434858282e-9,0.7198886990620859,-8.317266409040262e-9,-6.625106986934181e-9,-9.655301976543924e-9,4.584306807899759e-9,-8.423545072402749e-9,-6.6068613824228484e-9,-9.60302175187399e-9,4.604830856642295e-9,-8.514037866386695e-9,-6.780526725039303e-9,-9.62914099446553e-9,4.504841439481223e-9,-8.103049070830985e-9,-6.009174737058689e-9,-9.505957206982593e-9,1.297303243183494e-8,1.8050819328813282e-7,8.71839102160857e-7,5.854996744017054e-7,8.952123398936758e-10,9.31186987733577e-9,8.146195044596106e-8,8.428251646672204e-8,1.297303809062544e-8,0.2418438566163358,1.163789976975874e-7,1.7374435852853924e-7,4.6111540437516566e-10,1.0339937937336746e-8,5.5793830081745074e-8,1.1847641143682024e-7,4.63214447646179e-10,1.046563718599961e-8,5.611883285045512e-8,1.1896698580938673e-7,4.5298444841450786e-10,9.886121615555934e-9,5.4686499815719364e-8,1.1672976865217006e-7,0.7936507853705937,6.23299861533391e-16,0.14429200863674327,1.0668163834462e-13,3.161180138622251e-13,1.4406335179268038e-13
full_TAC,10,13,,82.29624971377211,19.404076199548015,3,3,LOCALLY_SOLVED,Solve_Succeeded,0.165195167,0.8481428631826073,1.0551390207303572e7,59.155921140545445,10.374021588061968,503.58012475737996,2.563285482540044e-17,5.126570965080088e-17,8.256939019044761e-9,0.0,0.9999924448264924,0.40070426857124614,6.43587156403904e-5,3.11273054973283e-5,8.162020758171406e-6,0.07935087553180463,1.3880001026011937e-5,1.7947786944259667e-6,1.5207029539804467e-8,3.54538691923856e-9,3.016538963528228e-8,1.937014474040844e-9,2.3939301071160718e-5,0.07948665057122566,1.4299962633917533e-6,1.581748540967145e-7,1.5067093780867314e-8,3.572278395040712e-9,2.989246927215989e-8,1.9803191813067006e-9,1.5139118209577165e-8,3.600730803241436e-9,2.998149128305203e-8,1.9882790189252e-9,1.4989413098992097e-8,3.541568870587184e-9,2.9796648270289738e-8,1.9717660388180688e-9,7.11437354157977e-6,2.925491410314785e-7,6.216055089703624e-7,4.835721209123754e-8,1.0377657646765053e-8,-4.9001436281548e-9,5.484374564578184e-9,-8.256622424986145e-9,0.9999495539871127,2.0059953397274781e-7,2.817680580691937e-7,1.8746071153560523e-8,1.028089974526203e-8,-4.895751190607975e-9,5.361558853837717e-9,-8.239830690241627e-9,1.0330714664080473e-8,-4.923363757798852e-9,5.248915967256718e-9,-8.256939019044761e-9,1.0227139396803112e-8,-4.864817401932433e-9,5.488151633446172e-9,-8.220525663742085e-9,9.068911953523781e-7,0.12082974228706611,4.318222541425935e-5,2.666528346004293e-5,1.6896699488671625e-9,5.398657354295079e-9,9.384787886532264e-8,2.8778500757178248e-8,2.659922341240079e-6,0.12103649064254814,4.4488772638854544e-6,2.3500264037226154e-6,1.6741215312074788e-9,5.439605737902902e-9,9.299879329116411e-8,2.942188497941383e-8,1.6821242455085731e-9,5.482930995844913e-9,9.327575065838407e-8,2.9540145424031538e-8,1.6654903443324547e-9,5.3928435074850304e-9,9.270068350756807e-8,2.9294809719582733e-8,0.7936510014236486,3.729956020376883e-14,0.14430090236871623,3.874019941020043e-12,1.236859229651602e-11,5.915419610977037e-12
full_TAC,10,14,,82.29624971377211,18.189129378611874,3,3,LOCALLY_SOLVED,Solve_Succeeded,0.209313584,0.8497778376474846,1.0554233722122861e7,59.12850636213317,10.37292269974913,503.5799888720931,1.1278456123176193e-16,1.0253141930160176e-16,9.547724415850435e-9,0.0,0.999999920140081,0.4006669749935434,1.7983578802612704e-6,1.2584747427909043e-6,1.6672951517108795e-7,1.30566413642485e-7,3.18222959113913e-7,4.385108609568887e-8,9.715470802389607e-9,5.8242389963314174e-9,2.7579677356499123e-8,4.9611988866863505e-9,1.6672960760355977e-7,0.15882280811081487,4.119362646736278e-8,1.1832331483783307e-8,5.428250917663739e-9,6.320005145796735e-9,1.9254811079444297e-8,7.461917456889348e-9,5.4545662106250164e-9,6.409201407027731e-9,1.937115654665959e-8,7.503061650478024e-9,5.330911167756432e-9,6.008989090942856e-9,1.8866615994902383e-8,7.317509994873835e-9,0.2801107552283176,-6.922397891322841e-9,-2.7823945200063137e-9,-9.339277813773718e-9,9.532542731949049e-9,-7.261757832308315e-9,-3.533009254244989e-9,-9.23874918088176e-9,0.7198887404965664,-7.758528214654562e-9,-5.660640520918322e-9,-9.547724415850435e-9,5.211039391993363e-9,-8.07050368759291e-9,-5.825060039037052e-9,-9.49080864314029e-9,5.2372890142432944e-9,-8.172340571732019e-9,-6.022959536887404e-9,-9.523254030381906e-9,5.113968205749395e-9,-7.72098759225883e-9,-5.161091720402975e-9,-9.372402852549135e-9,1.852550168567643e-8,1.9881703895560214e-7,9.900269839099516e-7,6.515018505645203e-7,1.079496755821067e-9,8.868727562595567e-9,8.580344066466393e-8,7.370924060219721e-8,1.852551195595108e-8,0.24184382144146807,1.281579490095731e-7,1.757946391876377e-7,6.031389908515264e-10,9.62364419928139e-9,5.990385669160448e-8,1.1086277364521315e-7,6.060629122916682e-10,9.759465778883134e-9,6.026582036738539e-8,1.1147405880710208e-7,5.923234630840479e-10,9.150051570299348e-9,5.869613865080741e-8,1.0871729135241126e-7,0.7936507859416396,7.151849083404873e-16,0.14429201083596924,1.163213110700446e-13,3.471106795684333e-13,1.589045050836167e-13
full_TAC,10,15,,82.29624971377211,16.974182557675732,3,1,ALMOST_LOCALLY_SOLVED,Solved_To_Acceptable_Level,0.064758542,0.851144763147868,1.055653244509023e7,59.21004463316328,11.44121169472011,503.58477270832145,1.1278456123176193e-16,2.0506283860320352e-16,8.239494781035171e-9,0.0,0.999737441445034,0.3142859850563402,0.3436346258252379,0.046394689469273026,0.0006712522636738087,0.002416927394658732,0.08346690607280437,0.0029126784960572714,1.5230468695370796e-8,3.497894650974444e-9,3.011707060342526e-8,1.907290420261095e-9,0.0006776346442752579,0.12215784768146631,0.00011048125212385456,1.2888368903176198e-5,1.5197816413717724e-8,3.4879313269225344e-9,3.007464647400957e-8,1.9056512178769557e-9,1.5312589078751228e-8,3.531618300047979e-9,3.021423782526975e-8,1.917269300520575e-9,1.5190950254534e-8,3.485396698456046e-9,3.00665509649043e-8,1.9049777208201685e-9,0.14958866200572296,1.0457084910390686e-5,2.4901611362264406e-5,2.2139737249183466e-6,1.0352254640708234e-8,-4.866243956275329e-9,5.687117994128831e-9,-8.239494781035171e-9,0.8486499070903913,7.329429749440201e-6,1.3280138843738007e-5,1.2556099464775417e-6,1.03297836466772e-8,-4.833983621947099e-9,5.811376095871372e-9,-8.220918715126712e-9,1.0408741982828109e-8,-4.849025624627575e-9,5.737249878459108e-9,-8.232737106023067e-9,1.0325057637654368e-8,-4.812821497947434e-9,5.894281105287532e-9,-8.209326453273716e-9,7.458358485264539e-5,0.003680321260048523,0.2596748188931692,0.04327408051285088,1.6922742994856433e-9,5.326339582165629e-9,9.369755298843414e-8,2.8336886243879127e-8,7.52927382528064e-5,0.18601308624223276,0.000343719451051992,0.00019148433799004634,1.6886462681908572e-9,5.311168156904767e-9,9.356556680802977e-8,2.8312532379886197e-8,1.7013987865279134e-9,5.377691502345786e-9,9.399985101195032e-8,2.848514389344854e-8,1.687883361614888e-9,5.307308609012616e-9,9.354038077970226e-8,2.8302526137899647e-8,0.7936583071895873,1.281922663773335e-12,0.14432951187687593,1.319363619508923e-10,4.243698934618988e-10,2.0408850906109755e-10
full_TAC,10,16,,82.29624971377211,15.759235736739589,3,3,LOCALLY_SOLVED,Solve_Succeeded,0.126701208,0.8481346622006662,1.0551376002984792e7,59.1554699497363,10.373372327287516,503.57998849690847,4.5113824492704774e-17,5.126570965080088e-17,9.658444614130949e-9,0.0,0.9999999525405698,0.40072045169459536,1.5766355401504024e-6,1.2090363364083593e-6,7.655608787895497e-8,0.07936483983721332,2.733982858638528e-7,3.835510890311837e-8,7.491305943239322e-9,6.21613209444557e-9,2.6400046271972283e-8,5.733105009954117e-9,1.354916700554978e-7,0.07947929593573978,3.844383048290818e-8,1.1850724388616433e-8,3.879494263583937e-9,6.847775530603289e-9,1.803734307777597e-8,8.00133969697215e-9,3.897858491715704e-9,6.930124287977812e-9,1.814201058313358e-8,8.034125668913368e-9,3.8082511466614626e-9,6.5500562543993e-9,1.7680282279437937e-8,7.884558535735515e-9,2.1547828280381998e-7,-7.606834627364705e-9,-4.5930903248860315e-9,-9.505947976957345e-9,8.414030496381773e-9,-7.681376071146495e-9,-4.647265541675417e-9,-9.384989683574442e-9,0.9999994587842216,-8.33415012297371e-9,-6.6419663049625055e-9,-9.658444614130949e-9,4.372251833117451e-9,-8.43441002733761e-9,-6.626720301868915e-9,-9.606556059928895e-9,4.392375604617762e-9,-8.524548811380029e-9,-6.80006192671295e-9,-9.632462955893732e-9,4.294221099462469e-9,-8.114802686150267e-9,-6.029416192379205e-9,-9.510234382213028e-9,8.50623198655055e-9,0.12085100611575662,8.505724449097643e-7,5.698473322749014e-7,8.32367327026591e-10,9.46547387108757e-9,8.213347729058043e-8,8.517756014788972e-8,1.505463000616642e-8,0.12102529153851284,1.1960302816904767e-7,1.7606790520230128e-7,4.310549181759928e-10,1.0427294557964098e-8,5.6116178464191904e-8,1.1887704692644337e-7,4.3309538796841135e-10,1.0552689256693486e-8,5.644181070308224e-8,1.193641527952843e-7,4.2313901629571784e-10,9.973949296471662e-9,5.5005322647140244e-8,1.1714201253092764e-7,0.7936507853733796,6.257220047782054e-16,0.144300434890843,1.0729991304052163e-13,3.1794037081909326e-13,1.4480456134128542e-13
full_TAC,10,17,,82.29624971377211,14.544288915803445,3,2,ALMOST_LOCALLY_SOLVED,Solved_To_Acceptable_Level,0.061348875,0.8504905357846658,1.0555449762697391e7,59.20142106774328,10.676631812410546,503.5847680057513,1.5922526291542861e-16,1.5922526291542861e-16,8.239499122427886e-9,0.0,0.9997260664530796,0.344766817460253,0.2832492329555759,0.003040121234456706,0.0006140946244625221,0.03285387975320138,0.06877589477753601,0.00017816573350386286,1.5230485942839418e-8,3.4978648402428427e-9,3.0117142577008905e-8,1.9073034899791843e-9,0.0007562913609263628,0.10380335876834426,0.00011320969353364145,1.3333073718905708e-5,1.5197836425431465e-8,3.4879026522159787e-9,3.007472171004377e-8,1.9056645568318183e-9,1.5312609293878757e-8,3.5315894086324937e-9,3.02143136823918e-8,1.9172827584147436e-9,1.5190969426035656e-8,3.4853677223561372e-9,3.006662516253633e-8,1.9049909695055433e-9,0.08488333282934954,1.0553342055547692e-5,2.464109237968104e-5,2.1514323817450954e-6,1.0352260305604715e-8,-4.866258111057412e-9,5.687089415429778e-9,-8.239499122427886e-9,0.9133199734108753,7.305521376999977e-6,1.3310630708393467e-5,1.257688347630371e-6,1.0329791231097786e-8,-4.833998797550796e-9,5.811343393223784e-9,-8.220923696134393e-9,1.0408749645730075e-8,-4.8490408669333805e-9,5.7372168806859655e-9,-8.232742104363729e-9,1.0325064647407305e-8,-4.812836328661554e-9,5.8942499971739134e-9,-8.209331218625216e-9,6.823273605139131e-5,0.05002749871510209,0.21396945041900092,0.0026470337549145337,1.6922762158710459e-9,5.326294188551601e-9,9.369777690624991e-8,2.833708042254788e-8,8.403237343626249e-5,0.1580642053972515,0.00035220793543799556,0.00019809138096659904,1.6886484917146065e-9,5.311124493147059e-9,9.356580087569172e-8,2.8312730558644156e-8,1.7014010326531946e-9,5.377647508599478e-9,9.40000870118856e-8,2.8485343839304758e-8,1.6878854917817386e-9,5.307264486315026e-9,9.354061161677968e-8,2.8302722975510927e-8,0.7936583152655166,1.2819245708396023e-12,0.14432674655580632,1.319366338785787e-10,4.243706803462903e-10,2.0408895456155595e-10
full_TAC,10,18,,82.29624971377211,13.329342094867304,3,3,LOCALLY_SOLVED,Solve_Succeeded,0.093697875,0.8481348201161093,1.0551376276869424e7,59.15547502891181,10.373380657995549,503.5799913995372,1.5922526291542861e-16,1.5922526291542861e-16,9.000311416044592e-9,0.0,0.9999997941871785,0.4007202587984249,2.814179822979403e-6,1.5203870880960508e-6,2.758124098420292e-7,0.0793645695244223,5.171261546437341e-7,6.808501058584457e-8,1.3418239811840601e-8,4.833091391013536e-9,3.0402114453995445e-8,3.079046544105586e-9,6.276421280068567e-7,0.07947948910579039,6.31196757344823e-8,1.296018765852255e-8,1.0030808688951684e-8,5.172523372940914e-9,2.4462918656334857e-8,5.065717343556028e-9,1.009923427633128e-8,5.259622850301949e-9,2.4619629609247488e-8,5.125020692079366e-9,9.813558635958985e-9,4.906839282455925e-9,2.3989298451851687e-8,4.8823982601818976e-9,3.6447075137768903e-7,-1.212857243416253e-9,8.93533387016982e-9,-8.252918633118141e-9,1.048792930202176e-8,-5.982911485546208e-9,5.007283964329789e-10,-8.746286079822583e-9,0.9999983441007444,-3.883389954641075e-9,1.767778834150554e-10,-8.871916477478891e-9,7.743705944615816e-9,-6.682378461956863e-9,-2.2615622735661983e-9,-8.948171090506504e-9,7.799541896345681e-9,-6.793255013047686e-9,-2.515454279297718e-9,-9.000311416044592e-9,7.566306336602641e-9,-6.352558928912665e-9,-1.5040325440729434e-9,-8.780351115005334e-9,3.0645823315781005e-8,0.12085059450309758,1.6088369255582838e-6,1.0115487287039762e-6,1.490915534648955e-9,7.359480072679702e-9,9.458435607909695e-8,4.57458343695687e-8,6.973801422298405e-8,0.12102558568381717,1.9637232450727826e-7,1.925513594980493e-7,1.114534298772409e-9,7.876342408796391e-9,7.610685804193067e-8,7.526208624711811e-8,1.1221371418145862e-9,8.008971158414332e-9,7.659440322876995e-8,7.614316456803628e-8,1.0903954039954425e-9,7.471777998285158e-9,7.463337296131637e-8,7.253848843698818e-8,0.7936507899757259,1.3828586934989598e-15,0.14430044935420835,1.8382499452914224e-13,5.644658032056935e-13,2.6249424713310105e-13
full_TAC,10,19,,82.29624971377211,12.11439527393116,3,3,ALMOST_LOCALLY_SOLVED,Solved_To_Acceptable_Level,0.082548708,0.848134619233976,1.055137592842708e7,59.15547009717564,10.373370153791333,503.5799878046269,9.022764898540955e-17,5.126570965080088e-17,9.872310150653949e-9,0.0,0.9999999895008471,0.4007205416043213,1.0751266273462093e-6,1.1329544741799083e-6,1.9770995821637788e-8,0.07936493649554453,1.799807760741249e-7,2.8142855459361008e-8,1.2446096405307598e-9,7.590112280626512e-9,2.0942136468846838e-8,7.933061173290626e-9,3.189968185218248e-8,0.07947923114453878,2.960602410156335e-8,1.1584917678684103e-8,-2.0153029472267681e-10,8.488012309986542e-9,1.4397044512408565e-8,9.178951032188853e-9,-1.9702913623534328e-10,8.532251332410148e-9,1.4461277848422841e-8,9.192092562249835e-9,-2.2387762390865802e-10,8.311373212284104e-9,1.416704258010934e-8,9.132917770796167e-9,1.4531625890865082e-7,-9.13180822298555e-9,-7.993185608076107e-9,-9.817918643484787e-9,5.7158787714565844e-9,-8.888877698829736e-9,-7.52872949003726e-9,-9.742868263762001e-9,0.9999997714016415,-9.395663497237355e-9,-8.668397595076025e-9,-9.872310150653949e-9,2.9985493295245625e-9,-9.32641043542796e-9,-8.514124793306967e-9,-9.847185830572223e-9,3.0065662632389785e-9,-9.372124871603617e-9,-8.606197068917525e-9,-9.857825724943906e-9,2.958785348347473e-9,-9.152689490055098e-9,-8.17486683866617e-9,-9.806320078008255e-9,2.1967773135153085e-9,0.12085115330003371,5.599401922306108e-7,4.181224239676492e-7,1.3828996005897324e-10,1.1557670972772186e-8,6.51533134586346e-8,1.1786262314603214e-7,3.544409094686941e-9,0.12102519287918405,9.210763053819709e-8,1.721187769404495e-7,-2.2392254969186303e-11,1.2924927835661323e-8,4.479080514971553e-8,1.3637298676394865e-7,-2.1892126248371468e-11,1.2992291801624543e-8,4.4990642195093275e-8,1.365682323534261e-7,-2.4875291545406437e-11,1.2655954664159883e-8,4.4075243582562385e-8,1.3568906402325734e-7,0.7936507842757128,4.502628014179249e-16,0.14430043036731746,8.823548703267732e-14,2.569255787414258e-13,1.1540411874197035e-13
full_TAC,10,20,,82.29624971377211,10.899448452995019,3,3,LOCALLY_SOLVED,Solve_Succeeded,0.064633375,0.8481346192339736,1.0551375928427076e7,59.155470097175304,10.373370153782052,503.5799878046268,1.5922526291542861e-16,1.5922526291542861e-16,9.872310145534376e-9,0.0,0.9999999895008497,0.400720541604576,1.0751265464007402e-6,1.1329539147572613e-6,1.9770993470922714e-8,0.07936493649563925,1.7998075227898756e-7,2.8142823454285292e-8,1.244610456105874e-9,7.59011412837156e-9,2.0942138824684966e-8,7.933059845714732e-9,3.189967731968391e-8,0.07947923114454147,2.960602355058519e-8,1.158491701434964e-8,-2.0153004414413555e-10,8.488012863478203e-9,1.439704526807361e-8,9.17895060479094e-9,-1.970288858219508e-10,8.532251887025008e-9,1.4461278607769458e-8,9.192092135876529e-9,-2.2387737270855264e-10,8.311373760435092e-9,1.4167043320904824e-8,9.132917338637668e-9,1.4531626055604525e-7,-9.131808216140193e-9,-7.993185588343155e-9,-9.817918634172553e-9,5.715881108893173e-9,-8.888877664282335e-9,-7.52872940271553e-9,-9.742868241537671e-9,0.9999997714016432,-9.395663495664912e-9,-8.66839758898891e-9,-9.872310145534376e-9,2.998550268383274e-9,-9.326410430320708e-9,-8.514124773006173e-9,-9.847185822928282e-9,3.006567202555961e-9,-9.372124867574667e-9,-8.606197051887525e-9,-9.857825718420217e-9,2.9587862845845206e-9,-9.1526894798609e-9,-8.174866804008298e-9,-9.806320065243025e-9,2.196777052324745e-9,0.12085115330017795,5.599401182012946e-7,4.1812194846366717e-7,1.3829005067843041e-10,1.1557673786383964e-8,6.515332078790877e-8,1.1786260342204744e-7,3.5444085910759886e-9,0.12102519287918814,9.21076288240428e-8,1.7211876707033752e-7,-2.239222712712616e-11,1.2924928678478172e-8,4.4790807500673454e-8,1.3637298041403683e-7,-2.189209842466119e-11,1.2992292646151716e-8,4.499064455750498e-8,1.3656822601873696e-7,-2.4875263634283617e-11,1.2655955498844343e-8,4.407524588725945e-8,1.3568905760261673e-7,0.7936507842757128,4.502627938959058e-16,0.14430043036731743,8.823548306654342e-14,2.5692556847672315e-13,1.1540411277303773e-13
full_TAC,10,21,,82.29624971377211,9.684501632058875,3,2,LOCALLY_SOLVED,Solve_Succeeded,0.016265334,0.9930437960642898,1.080371152537395e7,43.2600751711138,9.68450186923646,503.57998766066976,6.369010516617145e-16,6.369010516617145e-16,9.801287011306624e-9,9.760821632356877e-9,1.000000008602517,0.3555673296693682,2.6096950836438387e-9,-9.631319412945308e-9,-8.0154347633812e-9,-4.885581539512067e-9,-9.067879381657997e-10,-4.0686578026529857e-10,-8.201196293814543e-9,-5.3914945637082974e-9,-1.1927315060039525e-9,-4.314153589038724e-10,-6.4596514271122915e-9,0.09171839771210798,2.2800341999610784e-9,2.3850582388979167e-9,-7.481406327099835e-9,-3.495256979172506e-9,3.005801142712171e-10,-1.1399186246551433e-12,-7.424975219946952e-9,-1.7309047535878557e-9,9.005253552508066e-10,4.2694468482560744e-10,-7.854469800952845e-9,-5.066439187023601e-9,-7.907826559316155e-10,-3.5665198434649527e-10,-2.588173695751138e-9,0.07936511212352212,-1.1059675595391195e-9,-8.85156030949026e-9,-4.651935661109734e-9,1.91810103022231e-8,3.001732098889085e-9,-3.511379116295461e-9,0.999999998471065,0.04482171256687356,-3.705232447198955e-9,-8.988447774002077e-9,2.5715751879658612e-8,1.2208077938878065e-8,2.370393661672052e-10,-5.166093596410774e-9,4.1842022428846374e-8,9.947768393937274e-9,-1.346270035648926e-9,-6.983686921877832e-9,2.994916127990937e-10,1.2214619716042725e-8,3.0993947646274197e-9,-1.754182674259685e-9,-8.906038625979107e-10,-7.439408253347919e-9,-2.8211180298491545e-9,-6.044863021084435e-9,-9.112440326460601e-10,-8.209775812919453e-9,-3.710720240901185e-9,-6.4095996180003895e-9,-7.177390474569209e-10,0.13966210560707348,7.0934397332122435e-9,3.54351509779119e-8,-8.31267369677759e-10,-5.322323127376315e-9,9.35138133288231e-10,-1.693593385201927e-11,-8.249972466607721e-10,-2.6356958747815075e-9,2.801634438558065e-9,6.343178174551881e-9,-8.72718866772538e-10,-7.714805125695026e-9,-2.460212707342804e-9,-5.2988294817193575e-9,0.7936507842211087,-1.7969509095721333e-15,0.16699511139764034,-8.149184179352488e-13,-2.057074037588253e-12,-1.098637044840114e-12
full_TAC,11,1,,77.96252277906967,33.98343805078173,3,3,LOCALLY_SOLVED,Solve_Succeeded,0.155736166,0.8488121848893033,1.0552009636824094e7,59.15667720052271,17.981347882539275,503.5801243284976,1.5922526291542861e-16,1.5922526291542861e-16,8.256899115151628e-9,0.0,0.9999928407725951,0.20018712844125197,6.438021739460703e-5,0.4635761176546896,7.864062023634592e-6,0.07935286533362772,1.387512125561265e-5,1.1363055258443138e-6,1.5208399600581757e-8,3.547786925835966e-9,3.0173000259783915e-8,1.934360892722314e-9,2.3777926582116504e-5,4.303420611985436e-7,1.440431713703685e-6,0.029233382627205522,1.5068819227614673e-8,3.574812401257164e-9,2.990037008147834e-8,1.9776360072705675e-9,1.514091398858876e-8,3.603301703884589e-9,2.998950658201047e-8,1.985587123286594e-9,1.4990984009057012e-8,3.5440319611497726e-9,2.980432851398827e-8,1.969083523302301e-9,6.726419874534944e-6,2.915821209756645e-7,6.198142623801487e-7,4.7639591336250084e-8,1.0379055595033053e-8,-4.89939993643495e-9,5.48633760789966e-9,-8.256528427322963e-9,0.9999508482436892,9.725944276425919e-8,2.8208587864569897e-7,3.516970759877016e-8,1.028254039485215e-8,-4.895088682835465e-9,5.363149176014952e-9,-8.239779275743662e-9,1.0332405431848038e-8,-4.9227246021665005e-9,5.250414711741205e-9,-8.256899115151628e-9,1.0228671462520205e-8,-4.864099223361054e-9,5.489966987407636e-9,-8.220442465985748e-9,8.73784669292732e-7,0.12083277221256947,4.316704390635047e-5,1.6882253526829805e-5,1.6898221778424169e-9,5.402311909795675e-9,9.387155636377216e-8,2.87390761204458e-8,2.641991842457388e-6,6.552935931886914e-7,4.481343109300354e-6,0.43432454188991054,1.674313247512741e-9,5.4434643382779535e-9,9.302337358682148e-8,2.9382020679448426e-8,1.6823237765098619e-9,5.486845776369715e-9,9.330068714403255e-8,2.9500151545972246e-8,1.665664889895223e-9,5.396594122659882e-9,9.272457759907462e-8,2.9254955203348472e-8,0.7936510015168581,3.729752696936759e-14,0.14430113099034897,3.873831194445049e-12,1.236812769436318e-11,5.915027809780867e-12
full_TAC,11,2,,77.96252277906967,32.76849122984559,3,3,LOCALLY_SOLVED,Solve_Succeeded,0.159069459,0.8488044777179458,1.0551996322278483e7,59.15624276153224,17.980258791148696,503.5799913868627,6.636709732727147e-17,5.925633689934952e-17,8.995386168948486e-9,0.0,0.9999998053704325,0.20021532281316298,2.818159251154162e-6,0.46351905364182094,2.6721321281138385e-7,0.07936460399494036,5.169829481286233e-7,5.822446590219183e-8,1.3448260393075704e-8,4.919680137310746e-9,3.063101616057482e-8,3.001772053822648e-9,6.227883693176047e-7,2.092071655555877e-8,6.344851069911383e-8,0.02923085853991181,1.0083343014096948e-8,5.261340719257774e-9,2.4649241005543684e-8,4.990763211314616e-9,1.015267945424974e-8,5.349928122977932e-9,2.480872767720992e-8,5.0501023236594526e-9,9.862915546810516e-9,4.990849256287283e-9,2.4166673006103447e-8,4.807147802380009e-9,3.462527867424887e-7,-1.2414175090632708e-9,8.879561957105825e-9,-8.241601056213481e-9,1.0527992078725761e-8,-5.970113562524573e-9,5.262333420390255e-10,-8.742495307400797e-9,0.9999983880411716,-5.703329864625255e-9,1.6803834477199528e-10,-8.688176900774292e-9,7.798536357614664e-9,-6.675987517562673e-9,-2.248803396628812e-9,-8.9426055454893e-9,7.8551775445943e-9,-6.787597555744196e-9,-2.504198683673242e-9,-8.995386168948486e-9,7.618345367803108e-9,-6.343789202279018e-9,-1.4863934155927188e-9,-8.77250047369924e-9,2.969035697904264e-8,0.12085064699229553,1.6083913941779392e-6,8.650492076897071e-7,1.4942511547861887e-9,7.491331118177724e-9,9.529649472178831e-8,4.459775622822219e-8,6.919870770195605e-8,3.18565456641463e-8,1.9739536661946524e-7,0.43428704116440403,1.1203714460107715e-9,8.011587004324336e-9,7.668652757280256e-8,7.41484819966743e-8,1.1280754949166371e-9,8.146481459989123e-9,7.718270832909754e-8,7.503009166579757e-8,1.0958795052011682e-9,7.599702276619271e-9,7.51852049078774e-8,7.142048163536011e-8,0.7936507899780723,1.3808029199499116e-15,0.14430068908304927,1.8351707862196926e-13,5.636791210649129e-13,2.6190497434929615e-13
full_TAC,11,3,,77.96252277906967,31.553544408909442,3,2,LOCALLY_SOLVED,Solve_Succeeded,0.157769459,0.8488121848891383,1.0552009636823915e7,59.15667720018361,17.98134788112625,503.5801243285525,6.636709732727147e-17,5.925633689934952e-17,8.25689910611762e-9,0.0,0.9999928407860484,0.20018712846512857,6.438022113431205e-5,0.4635761175730319,7.864054706907044e-6,0.07935286534258837,1.3875120711763774e-5,1.1363040126658295e-6,1.5208399497214012e-8,3.5477869323685866e-9,3.0173000299938736e-8,1.93436086769872e-9,2.3777927461681507e-5,4.303424819455049e-7,1.4404330521039083e-6,0.029233382623566208,1.506881918006499e-8,3.574812383824093e-9,2.990037024003133e-8,1.977635954889059e-9,1.514091393825651e-8,3.603301685127308e-9,2.9989506737289486e-8,1.985587070210447e-9,1.49909839764915e-8,3.5440319498837183e-9,2.980432869074601e-8,1.9690834729693037e-9,6.7264097120034035e-6,2.915822565324312e-7,6.198145439988481e-7,4.763961552121383e-8,1.0379055527624179e-8,-4.899399908455952e-9,5.486337737393842e-9,-8.256528416951122e-9,0.9999508482744579,9.725951698185043e-8,2.820860672372379e-7,3.516973255967194e-8,1.0282540365941428e-8,-4.895088646554366e-9,5.363149413023925e-9,-8.239779267928574e-9,1.0332405401052556e-8,-4.922724563852915e-9,5.250414954654404e-9,-8.25689910611762e-9,1.0228671443940811e-8,-4.864099193112443e-9,5.48996720194254e-9,-8.220442462013951e-9,8.737838563230047e-7,0.12083277222621411,4.316704221437619e-5,1.6882231045320895e-5,1.6898221663571117e-9,5.402311919743074e-9,9.387155648869828e-8,2.8739075748666698e-8,2.6419919401868333e-6,6.552942338715642e-7,4.4813472732121585e-6,0.4343245418358407,1.6743132422294428e-9,5.44346431173214e-9,9.302337408009747e-8,2.9382019901208874e-8,1.6823237709173895e-9,5.486845747807491e-9,9.330068762712285e-8,2.950015075741235e-8,1.6656648862768326e-9,5.396594105504752e-9,9.272457814898759e-8,2.9254954455543936e-8,0.793651001516979,3.729754747979159e-14,0.14430113099039588,3.873833306642873e-12,1.2368134450660307e-11,5.915031042618188e-12
full_TAC,11,4,,77.96252277906967,30.3385975879733,3,3,LOCALLY_SOLVED,Solve_Succeeded,0.1747215,0.8488043422316242,1.0551996088275466e7,59.15623819927448,17.980237990507632,503.57998885304386,1.5922526291542861e-16,1.7776901069804858e-16,9.526214993557603e-9,0.0,0.9999999369123578,0.2002158466316992,1.7798056280303312e-6,0.4635179529729181,1.0073555771447972e-7,0.07936481653946845,3.1122197406502695e-7,3.878498172120892e-8,9.17726257203316e-9,6.0538198069069495e-9,2.8084465388730155e-8,4.92083993129548e-9,1.9303608150327025e-7,1.6706259769320325e-8,4.253338605268355e-8,0.029230799526596143,5.1595119942155065e-9,6.449604202649614e-9,1.9487281450815232e-8,7.444503308510713e-9,5.185057564772336e-9,6.53911911438938e-9,1.9604784683285626e-8,7.485564771670906e-9,5.064777866214414e-9,6.1367410815898654e-9,1.9094393795930535e-8,7.3000434411457965e-9,2.2110170505905816e-7,-6.822562319675841e-9,-2.8812348806316076e-9,-9.34480013335647e-9,9.127130631088877e-9,-7.264905581625476e-9,-3.5468393219714506e-9,-9.240516736307308e-9,0.999999337927774,-8.122157488060825e-9,-5.686214846480816e-9,-9.524096951979544e-9,5.031362102312102e-9,-8.083934284258072e-9,-5.848428499299865e-9,-9.493744430240873e-9,5.0571166262785025e-9,-8.185692199937658e-9,-6.046681834935993e-9,-9.526214993557603e-9,4.935881449093221e-9,-7.733966612908323e-9,-5.181923825178265e-9,-9.374959108651133e-9,1.1192839746053299e-8,0.12085097063964512,9.682461415356394e-7,5.762340141436753e-7,1.0196958413370173e-9,9.218316524153762e-9,8.737389232049382e-8,7.310962183638998e-8,2.1448453500363353e-8,2.543907737601049e-8,1.3232608994168212e-7,0.43428616439514267,5.732791104683894e-10,9.820988217671002e-9,6.062709784698072e-8,1.1060404915501629e-7,5.76117507196926e-10,9.957295015092919e-9,6.099266345911083e-8,1.112141051791106e-7,5.627530962460457e-10,9.34458301060275e-9,5.940478069845055e-8,1.0845778826845181e-7,0.7936507859462031,7.166051592215655e-16,0.14430067696358861,1.1692359893090986e-13,3.4894055617061857e-13,1.5952635316108416e-13
full_TAC,11,5,,77.96252277906967,29.12365076703716,3,2,LOCALLY_SOLVED,Solve_Succeeded,0.177235792,0.8488121848764105,1.0552009636802094e7,59.156677198951996,17.98134787713829,503.5801243284093,1.5922526291542861e-16,1.5922526291542861e-16,8.256899127556763e-9,0.0,0.9999928408171389,0.2001871285416074,6.438017209630498e-5,0.4635761173495313,7.864030085313838e-6,0.07935286537332381,1.3875109889149148e-5,1.136299618901101e-6,1.520839930266656e-8,3.5477870216941145e-9,3.017300048350297e-8,1.934360876544652e-9,2.3777890387639852e-5,4.3034221321331144e-7,1.4404321575512826e-6,0.029233382613871373,1.5068818944944767e-8,3.5748125221876773e-9,2.990037028577075e-8,1.9776360076348135e-9,1.514091371166603e-8,3.6033018284259384e-9,2.9989506796788025e-8,1.9855871245123827e-9,1.4990983702859108e-8,3.5440320713321526e-9,2.9804328685633505e-8,1.9690835208415623e-9,6.7263823710449345e-6,2.915819619675627e-7,6.198139222677541e-7,4.763955472743937e-8,1.0379055469504959e-8,-4.899399924825041e-9,5.486337591790681e-9,-8.256528430725585e-9,0.9999508484014412,9.725943011066125e-8,2.820858215596332e-7,3.5169695012982516e-8,1.028254027887487e-8,-4.895088689144287e-9,5.363149050905754e-9,-8.239779286175165e-9,1.033240532035313e-8,-4.922724612057154e-9,5.2504145739025225e-9,-8.256899127556763e-9,1.0228671329705612e-8,-4.864099219487189e-9,5.489966902261106e-9,-8.220442470227074e-9,8.737811205904261e-7,0.12083277227301581,4.316700854401957e-5,1.688216576653064e-5,1.6898221447407283e-9,5.402312055761492e-9,9.3871557059787e-8,2.8739075880091972e-8,2.6419878208488716e-6,6.552938246657242e-7,4.481344490159545e-6,0.4343245416918032,1.6743132161049734e-9,5.4434645224221445e-9,9.302337422239786e-8,2.9382020684860083e-8,1.6823237457406694e-9,5.4868459660122234e-9,9.33006878122294e-8,2.9500151564183968e-8,1.6656648558732335e-9,5.396594290437595e-9,9.272457813308201e-8,2.9254955166788922e-8,0.7936510015167987,3.729751684032345e-14,0.1443011309897177,3.8738301494131084e-12,1.2368124366468666e-11,5.915026205310629e-12
full_TAC,11,6,,77.96252277906967,27.908703946101014,3,2,LOCALLY_SOLVED,Solve_Succeeded,0.168603917,0.8481346836162384,1.0551376040141694e7,59.155470214267055,10.373373376655865,503.5799888575611,3.1845052583085723e-16,3.1845052583085723e-16,9.551752928022481e-9,0.0,0.999999933088687,0.40072041874788356,1.7759262754595121e-6,1.2463973817764895e-6,1.0487435773272372e-7,0.07936479889906559,3.113247906295269e-7,4.280358525330918e-8,9.215450412640756e-9,5.909150749098612e-9,2.7773366964558915e-8,5.012563395063465e-9,1.9412609950567286e-7,0.07947932443528133,4.221263457624616e-8,1.1988738821580532e-8,5.18105473466863e-9,6.371043717336491e-9,1.9346815951620448e-8,7.488393396669189e-9,5.206726618752219e-9,6.460183783040743e-9,1.9463429324855867e-8,7.52929175838053e-9,5.085960911794227e-9,6.059761764430594e-9,1.895722267386029e-8,7.344749226798179e-9,2.404960977664501e-7,-6.812380772968054e-9,-2.859771682667607e-9,-9.346177194715385e-9,9.129261196482682e-9,-7.270936487591412e-9,-3.5573271937915695e-9,-9.243565005683217e-9,0.9999993087876956,-7.781141630804081e-9,-5.680155449016765e-9,-9.551752928022481e-9,5.030073928753492e-9,-8.082406606496089e-9,-5.847509115977247e-9,-9.4951624310968e-9,5.055879442755927e-9,-8.184002519113244e-9,-6.045238460279952e-9,-9.527367484649971e-9,4.934512492946503e-9,-7.733249608732422e-9,-5.1832364681705385e-9,-9.377553972188189e-9,1.1652706414747076e-8,0.1208509437781226,9.685660152918613e-7,6.359389809063078e-7,1.0239389347378613e-9,8.998025004309249e-9,8.640603055640549e-8,7.44723704409429e-8,2.156956661174142e-8,0.12102533493554202,1.3132819645943246e-7,1.7811840534919645e-7,5.756727482965143e-10,9.701362024126018e-9,6.019009407170806e-8,1.1125613046479937e-7,5.785251798613574e-10,9.837098033266588e-9,6.055289123288492e-8,1.1186376326736784e-7,5.651067679771361e-10,9.227364504928403e-9,5.8978026096454225e-8,1.0912198851243006e-7,0.7936507859452228,7.175374806838841e-16,0.14430043701073664,1.1694176354819794e-13,3.4893788903620285e-13,1.5964954674476906e-13
full_TAC,11,7,,77.96252277906967,26.693757125164872,3,2,LOCALLY_SOLVED,Solve_Succeeded,0.1994245,0.848812184870603,1.0552009636792313e7,59.1566771978071,17.981347873019846,503.5801243284172,1.5922526291542861e-16,1.5922526291542861e-16,8.256899125589148e-9,0.0,0.9999928408534741,0.2001871286050821,6.438021148532612e-5,0.46357611711221375,7.864006494584716e-6,0.0793528653979491,1.3875117743430225e-5,1.1362951138115537e-6,1.5208399036939823e-8,3.5477870734318725e-9,3.017300068376758e-8,1.9343608427304818e-9,2.3777872181063408e-5,4.303427023805667e-7,1.440433814629316e-6,0.029233382603409255,1.5068818742099752e-8,3.574812563589129e-9,2.9900370590925576e-8,1.9776359556368617e-9,1.5140913509000294e-8,3.603301870372693e-9,2.998950710436481e-8,1.9855870722733797e-9,1.4990983502548823e-8,3.5440321132240182e-9,2.980432899145637e-8,1.9690834693906826e-9,6.726353170255733e-6,2.91582013232817e-7,6.198140453153906e-7,4.763955958107329e-8,1.0379055331508748e-8,-4.8993998929644184e-9,5.486337710959479e-9,-8.256528422787436e-9,0.9999508485134202,9.725949606569295e-8,2.820859800592523e-7,3.5169712898893e-8,1.0282540183741147e-8,-4.895088658420711e-9,5.363149218594408e-9,-8.239779284384791e-9,1.0332405225649648e-8,-4.922724581188662e-9,5.250414740749961e-9,-8.256899125589148e-9,1.022867123599621e-8,-4.864099189396835e-9,5.489967068720167e-9,-8.220442468993656e-9,8.737784993983015e-7,0.12083277231051338,4.31670329795607e-5,1.6882098833771654e-5,1.6898221152155352e-9,5.4023121345439876e-9,9.387155768283248e-8,2.8739075377710015e-8,2.6419857978959333e-6,6.552945695340447e-7,4.4813496455134275e-6,0.434324541536366,1.6743131935666383e-9,5.443464585465265e-9,9.302337517176846e-8,2.938201991231908e-8,1.6823237232222544e-9,5.486846029885692e-9,9.330068876913497e-8,2.9500150788061638e-8,1.6656648336165352e-9,5.396594354227481e-9,9.272457908453092e-8,2.925495440237585e-8,0.7936510015168861,3.729753170644515e-14,0.1443011309894395,3.873831673909304e-12,1.2368129250235091e-11,5.9150285361218125e-12
full_TAC,11,8,,77.96252277906967,25.47881030422873,3,2,LOCALLY_SOLVED,Solve_Succeeded,0.167698917,0.8481346836162716,1.0551376040141752e7,59.155470214267595,10.373373376657314,503.57998885756143,9.022764898540955e-17,1.0253141930160176e-16,9.551752759225499e-9,0.0,0.999999933088656,0.4007204187478403,1.7759265729205362e-6,1.2463974286888589e-6,1.0487440189369049e-7,0.07936479889900531,3.113248474651988e-7,4.2803591326285194e-8,9.215452729298829e-9,5.909150351391492e-9,2.7773368757416727e-8,5.012562389967971e-9,1.9412619404062422e-7,0.07947932443532503,4.2212640311694056e-8,1.1988739026118415e-8,5.1810565994858246e-9,6.371043093168678e-9,1.9346817862417146e-8,7.488392609476148e-9,5.2067284950626055e-9,6.460183165864187e-9,1.9463431252292716e-8,7.529290982932959e-9,5.085962739877343e-9,6.059761131416475e-9,1.8957224541150226e-8,7.344748402002823e-9,2.4049613489516223e-7,-6.812379500556284e-9,-2.8597689228843255e-9,-9.346176939506047e-9,9.129262144937867e-9,-7.270935910079764e-9,-3.5573256105921946e-9,-9.2435648001341e-9,0.9999993087874607,-7.781140745393224e-9,-5.6801539478539e-9,-9.551752759225499e-9,5.030074918149877e-9,-8.082406090980975e-9,-5.8475079492683356e-9,-9.495162259772134e-9,5.055880440893529e-9,-8.184002017776174e-9,-6.045237326648287e-9,-9.527367322617415e-9,4.9345134558110815e-9,-7.733249060830643e-9,-5.1832352151364545e-9,-9.377553770310123e-9,1.165271132152116e-8,0.12085094377803082,9.685661921139519e-7,6.359390711333799e-7,1.023939192144314e-9,8.998024398709769e-9,8.640603613418536e-8,7.447235550809557e-8,2.156957711562491e-8,0.12102533493560858,1.3132821430304817e-7,1.7811840838804502e-7,5.756729554984248e-10,9.701361073688668e-9,6.01901000164089e-8,1.112561187693599e-7,5.785253883402892e-10,9.83709709347501e-9,6.055289722935512e-8,1.1186375174643251e-7,5.651069710974823e-10,9.227363541020539e-9,5.8978031905800696e-8,1.0912197625832765e-7,0.7936507859452238,7.175376263954471e-16,0.14430043701073986,1.1694177879389384e-13,3.4893793815317127e-13,1.5964957020841394e-13
full_TAC,11,9,,77.96252277906967,24.26386348329259,3,1,ALMOST_LOCALLY_SOLVED,Solved_To_Acceptable_Level,0.099291,0.8541121184677767,1.0561528013285052e7,59.22695686311832,13.729081655096769,503.5847480873317,3.1845052583085723e-16,3.1845052583085723e-16,8.23950134542424e-9,0.0,0.9997477405666708,0.2215664444011175,0.5331907103856157,0.17564672140630513,0.0006086772216354194,0.005535874744537885,0.05722991225400208,0.011063480981871624,1.5230330613631196e-8,3.4978808771566296e-9,3.011751594583493e-8,1.907278637530791e-9,0.0007390325173297931,0.08228522125969316,0.07245485695162579,1.3114760314632607e-5,1.519769148865976e-8,3.487922445438172e-9,3.007510631203716e-8,1.905640754254081e-9,1.531246481952801e-8,3.5316100150401995e-9,3.0214703391355246e-8,1.9172589234613135e-9,1.5190819521422933e-8,3.4853855907965692e-9,3.006700347201708e-8,1.9049666699783235e-9,0.08974664627933229,1.047142656914737e-5,2.4785005808587166e-5,2.2156365868974576e-6,1.0352172183076769e-8,-4.866257557557265e-9,5.687113964107995e-9,-8.23950134542424e-9,0.9085035299048386,7.283000773637085e-6,1.6911343360267693e-5,1.256545976989365e-6,1.0329710190898921e-8,-4.8340019541658e-9,5.811352559181774e-9,-8.220928283405495e-9,1.040866916492981e-8,-4.849044665191768e-9,5.7372231781333675e-9,-8.232747038114076e-9,1.0324980173266843e-8,-4.812837572829519e-9,5.894267493798232e-9,-8.209334651793855e-9,6.763080240393547e-5,0.00842962745190996,0.17804861590133975,0.16437171744494983,1.692258957070132e-9,5.3263186083975945e-9,9.369893849815311e-8,2.8336711186171745e-8,8.211472414775476e-5,0.12529795055453274,0.2254151105161691,0.00019484786753168443,1.6886323876288616e-9,5.311154632826307e-9,9.356699741522672e-8,2.831237692034635e-8,1.701384979947556e-9,5.377678886538485e-9,9.400129943977188e-8,2.848498971999665e-8,1.6878688357136585e-9,5.307291695076593e-9,9.35417885796087e-8,2.8302361953963664e-8,0.793658313388442,1.2819250870387302e-12,0.14433510789076917,1.319368165995468e-10,4.2437125909034047e-10,2.040891602442919e-10
full_TAC,11,10,,77.96252277906967,23.048916662356444,3,3,LOCALLY_SOLVED,Solve_Succeeded,0.176901959,0.8481348201161208,1.0551376276869442e7,59.15547502891367,10.37338065801259,503.57999139953694,1.5922526291542861e-16,1.5922526291542861e-16,9.000311498104055e-9,0.0,0.9999997941871479,0.40072025879799034,2.81417993112937e-6,1.5203881070917288e-6,2.7581240954176284e-7,0.07936456952425508,5.171261869719008e-7,6.808507128098305e-8,1.3418238937019747e-8,4.833090993976885e-9,3.0402113625190574e-8,3.079047104598031e-9,6.276421602446105e-7,0.07947948910578767,6.311967459636175e-8,1.2960188757229186e-8,1.0030807751696876e-8,5.1725229580688974e-9,2.4462917590097962e-8,5.0657179950070435e-9,1.0099233329661484e-8,5.2596224300564596e-9,2.4619628530618978e-8,5.125021345109388e-9,9.81355772579807e-9,4.906838880774519e-9,2.3989297418139094e-8,4.882398903725507e-9,3.6447072882355423e-7,-1.2128578624784652e-9,8.935332551393961e-9,-8.252918844789124e-9,1.0487928533074588e-8,-5.982911629057687e-9,5.007280094090675e-10,-8.746286128630416e-9,0.9999983441007082,-3.883390435256492e-9,1.7677722270806277e-10,-8.871916612314894e-9,7.743705130908312e-9,-6.682378621772616e-9,-2.2615626868508593e-9,-8.94817117583697e-9,7.799541074898506e-9,-6.793255172820173e-9,-2.515454689660197e-9,-9.000311498104055e-9,7.566305545200546e-9,-6.352559083659151e-9,-1.5040329549006091e-9,-8.780351208365998e-9,3.064582328241808e-8,0.12085059450284294,1.6088370261348021e-6,1.0115496304603194e-6,1.490915437446638e-9,7.359479468101166e-9,9.458435350059289e-8,4.574584269688503e-8,6.97380178049567e-8,0.12102558568381304,1.9637232096645877e-7,1.9255137582169075e-7,1.1145341946329858e-9,7.876341777059456e-9,7.61068547247492e-8,7.526209592581894e-8,1.1221370366290532e-9,8.008970518495062e-9,7.65943998730368e-8,7.614317427019662e-8,1.0903953028664518e-9,7.471777386633925e-9,7.463336974532161e-8,7.253849799820754e-8,0.7936507899757256,1.3828585942263367e-15,0.14430044935420744,1.8382499421176037e-13,5.644657982654871e-13,2.62494245021618e-13
full_TAC,11,11,,77.96252277906967,21.833969841420302,3,2,ALMOST_LOCALLY_SOLVED,Solved_To_Acceptable_Level,0.0711265,0.85437211086146,1.0562020091090042e7,59.21555934225009,13.173234943832012,503.5847518316564,1.5922526291542861e-16,1.9786765128379286e-16,8.239500716974416e-9,0.0,0.9997470522723154,0.23460868038914626,0.5424301332472541,0.14129423872380795,0.0006235993832995034,0.004430057183083449,0.05296115664911318,0.008897149267084636,1.5230335203390864e-8,3.4978794004245733e-9,3.01174982536171e-8,1.907279332709634e-9,0.0007198617801071752,0.08856093341206214,0.07897102911502542,1.3073687159075745e-5,1.5197694161149692e-8,3.4879202468143473e-9,3.007508633067788e-8,1.9056412541948385e-9,1.531246723969015e-8,3.5316076944792846e-9,3.021468291941759e-8,1.9172593998950666e-9,1.5190823098616526e-8,3.4853837372870154e-9,3.006698459869272e-8,1.9049672610841402e-9,0.11919508215764954,1.046371911422659e-5,2.479968951950584e-5,2.215915395422964e-6,1.0352174032482979e-8,-4.8662567419894575e-9,5.687116617261522e-9,-8.239500716974416e-9,0.8790591263716564,7.292614646554009e-6,1.6940336596984836e-5,1.2563648634921489e-6,1.0329710724425981e-8,-4.834000435940354e-9,5.811358195338816e-9,-8.220927207973217e-9,1.040866951302047e-8,-4.849043031477688e-9,5.737229278729671e-9,-8.232745901854913e-9,1.032498133023851e-8,-4.812836405439586e-9,5.8942716514945204e-9,-8.209333788522505e-9,6.928882036661145e-5,0.006745768892422524,0.16476804290835212,0.1321862176824003,1.6922594670434288e-9,5.326316359737418e-9,9.369888345569763e-8,2.8336721514543132e-8,7.998464223413054e-5,0.134854148604731,0.24568764613563465,0.00019423763779198247,1.6886326845721876e-9,5.311151284921846e-9,9.356693525099784e-8,2.8312384348037598e-8,1.7013852488544605e-9,5.377675352957092e-9,9.400123574929916e-8,2.8484996798440985e-8,1.6878692331796134e-9,5.307288872687046e-9,9.354172986259956e-8,2.8302370736107226e-8,0.7936583122315793,1.281924851651363e-12,0.14433155244105406,1.3193676466624945e-10,4.2437110026892665e-10,2.0408909096372871e-10
full_TAC,11,12,,77.96252277906967,20.61902302048416,3,2,LOCALLY_SOLVED,Solve_Succeeded,0.337299458,0.8481428631836512,1.055139020730532e7,59.15592113994456,10.374021589180185,503.5801247573751,1.1278456123176193e-16,3.616719781454438e-21,8.25693901224387e-9,0.0,0.9999924448292531,0.4007042685430446,6.435866191296337e-5,3.112738167565788e-5,8.162017565375201e-6,0.07935087552329727,1.3879987843029226e-5,1.7947834503372068e-6,1.5207029310375442e-8,3.5453868515141253e-9,3.016538939650683e-8,1.9370144687063408e-9,2.3939272664033197e-5,0.07948665056847458,1.4299962975601722e-6,1.5817490001136295e-7,1.5067093669965158e-8,3.572278367622836e-9,2.989246918431729e-8,1.9803191850674897e-9,1.5139118118681133e-8,3.6007307838038144e-9,2.998149122014979e-8,1.9882790249741127e-9,1.4989412931012216e-8,3.5415688205214893e-9,2.9796648111683163e-8,1.9717660362022705e-9,7.1143744799110105e-6,2.925493360657898e-7,6.216058316320343e-7,4.83572459518665e-8,1.0377657535215092e-8,-4.900143562284307e-9,5.484374830498101e-9,-8.256622386599791e-9,0.999949554024047,2.0059953952963907e-7,2.817680658601845e-7,1.8746072271098352e-8,1.0280899715085616e-8,-4.895751167498102e-9,5.361558948732604e-9,-8.23983067849476e-9,1.033071464801166e-8,-4.923363742555539e-9,5.2489160296730846e-9,-8.25693901224387e-9,1.0227139326816311e-8,-4.864817356549313e-9,5.488151820477211e-9,-8.220525637847661e-9,9.068908405972443e-7,0.12082974227411175,4.318218440053537e-5,2.666535411929564e-5,1.6896699233750486e-9,5.3986572511692355e-9,9.384787812246568e-8,2.8778500677922778e-8,2.6599191848925765e-6,0.121036490638359,4.448877370187202e-6,2.3500270858831062e-6,1.6741215188850167e-9,5.4396056961529545e-9,9.2998793017876e-8,2.942188503528842e-8,1.6821242354090145e-9,5.482930966246717e-9,9.327575046268821e-8,2.95401455139011e-8,1.6654903256680233e-9,5.392843431248631e-9,9.27006830141254e-8,2.9294809680719445e-8,0.7936510014236494,3.729956181733872e-14,0.1443009023686413,3.874020139368189e-12,1.2368592956342825e-11,5.915419873620047e-12
full_TAC,11,13,,77.96252277906967,19.404076199548015,3,3,LOCALLY_SOLVED,Solve_Succeeded,0.325993458,0.8497779728263294,1.0554233956479287e7,59.12851345347157,10.372930381267556,503.5799914393724,1.5922526291542861e-16,1.5922526291542861e-16,8.99423475874526e-9,0.0,0.9999997623016302,0.40066684076010917,2.84159313200224e-6,1.534753688915963e-6,5.298229425241289e-7,1.967358220028686e-7,5.250789447579593e-7,6.922722064453983e-8,1.3653946471227413e-8,4.792301893573493e-9,3.028570902794665e-8,3.0604286304286523e-9,5.298236565601572e-7,0.15882268751109924,6.20646791188257e-8,1.2801127339420448e-8,1.0184184794762252e-8,5.142957606356494e-9,2.439863722017537e-8,5.045036523402785e-9,1.0253478939946257e-8,5.2297341205105736e-9,2.455479558569594e-8,5.10427910326403e-9,9.964530421062766e-9,4.8786777975966715e-9,2.3927414654890226e-8,4.862219427533502e-9,0.280109643406509,-1.830528373975699e-9,9.135861813987358e-9,-8.23470440852963e-9,1.0636465988358973e-8,-5.978765366517378e-9,5.182570289885021e-10,-8.74271556196745e-9,0.7198888585300534,-3.821396895033904e-9,2.031845736157216e-10,-8.863554313310598e-9,7.8381785956065e-9,-6.671495807664259e-9,-2.2356449526913883e-9,-8.941977855768415e-9,7.894488103728139e-9,-6.782009268201217e-9,-2.4887904546617755e-9,-8.99423475874526e-9,7.659557744193526e-9,-6.343326600336248e-9,-1.4815886206921547e-9,-8.774066359058991e-9,5.88692158360143e-8,2.995750016861862e-7,1.6335789392469843e-6,1.0285187067188774e-6,1.517105163469712e-9,7.297368792486909e-9,9.42222058647229e-8,4.5469225366368534e-8,5.886929517335078e-8,0.24184363780099202,1.930901128141244e-7,1.9018817761424663e-7,1.1315760883069165e-9,7.831321809679207e-9,7.59068713516567e-8,7.49548283476985e-8,1.1392754377718058e-9,7.963458774413827e-9,7.63926973777207e-8,7.583500381992272e-8,1.1071700467847515e-9,7.428895737249476e-9,7.444084559299181e-8,7.22386886376406e-8,0.793650789965497,1.3807642580100798e-15,0.14429202380880754,1.8320999381256286e-13,5.62652127974381e-13,2.617566082505109e-13
full_TAC,11,14,,77.96252277906967,18.189129378611874,3,1,ALMOST_LOCALLY_SOLVED,Solved_To_Acceptable_Level,0.07324375,0.8540641791782864,1.0561551883914962e7,59.20336704574302,12.237239213996236,503.5847596509877,1.5922526291542861e-16,1.5922526291542861e-16,8.239500501030703e-9,0.0,0.9997447613310905,0.2678651326853272,0.4921134073369189,0.08696465104825978,0.0006499922670406647,0.0019103256762512445,0.056267825763895454,0.005471041968742446,1.52303302120809e-8,3.4978660533751914e-9,3.011755620609007e-8,1.9072784832762026e-9,0.0006915016798014037,0.10426341760752429,0.0634251526523532,1.299077207691468e-5,1.5197685322130892e-8,3.4879054585038547e-9,3.007513939614805e-8,1.9056400120112747e-9,1.5312457696172563e-8,3.531592551261477e-9,3.021473563905662e-8,1.9172580834953553e-9,1.5190816216215514e-8,3.4853696971869476e-9,3.006704000809449e-8,1.9049662165038707e-9,0.15724536939330386,1.0405092763008268e-5,2.4904616332005872e-5,2.2162657186089784e-6,1.0352167279357115e-8,-4.866258757893806e-9,5.68712312689472e-9,-8.239500501030703e-9,0.8410087339910278,7.313800102134415e-6,1.6850817608921338e-5,1.256009074198255e-6,1.0329701329357827e-8,-4.834001028256526e-9,5.811370930918165e-9,-8.220926084652849e-9,1.040865961358884e-8,-4.849043359607502e-9,5.7372429865309635e-9,-8.232744634368009e-9,1.0324973283150645e-8,-4.812837755400177e-9,5.894281324076228e-9,-8.209333121786526e-9,7.222136300451828e-5,0.0029089050070189404,0.17505545793211919,0.0812840521070306,1.6922589124534328e-9,5.326296035821314e-9,9.369906375228019e-8,2.8336708894389293e-8,7.683351997793372e-5,0.15876474953873015,0.1973226971406544,0.00019300575657130382,1.6886317024589876e-9,5.311128766358142e-9,9.356710034357169e-8,2.8312365892738934e-8,1.7013841884636175e-9,5.377652293966339e-9,9.400139976595394e-8,2.848497724050242e-8,1.6878684684683898e-9,5.307267493443761e-9,9.354190224740507e-8,2.8302355216628933e-8,0.79365830964028,1.2819247715241826e-12,0.14432773818334405,1.3193670942129233e-10,4.243709196842679e-10,2.0408903829440768e-10
full_TAC,11,15,,77.96252277906967,16.974182557675732,3,3,LOCALLY_SOLVED,Solve_Succeeded,0.164671416,0.8481428631549504,1.0551390207255922e7,59.155921138412104,10.374021582517347,503.58012475712235,2.563285482540044e-17,0.0,8.256939043876668e-9,0.0,0.9999924448551181,0.4007042687160683,6.435846113322126e-5,3.11270053531749e-5,8.161998631836826e-6,0.07935087561114075,1.3879942544111174e-5,1.794760215882379e-6,1.5207029291256863e-8,3.5453869660147996e-9,3.01653895084803e-8,1.9370144729105206e-9,2.3939203973452992e-5,0.07948665054954716,1.429993156594854e-6,1.5817441260853037e-7,1.50670935345831e-8,3.5722785739210595e-9,2.989246898737158e-8,1.980319276866047e-9,1.5139117999084002e-8,3.6007309984080472e-9,2.99814910455387e-8,1.9882791194798422e-9,1.4989412726517515e-8,3.541568997270087e-9,2.9796647826727124e-8,1.97176611939894e-9,7.114360823087707e-6,2.925488534915424e-7,6.216047430377163e-7,4.8357135239517744e-8,1.0377657643460371e-8,-4.9001435967670865e-9,5.484374547469776e-9,-8.256622409607841e-9,0.9999495541609293,2.005991878736096e-7,2.8176752096555003e-7,1.8746017134806177e-8,1.028089974172854e-8,-4.895751245716788e-9,5.361558260347442e-9,-8.239830704403594e-9,1.033071468621634e-8,-4.923363830636242e-9,5.248915309269113e-9,-8.256939043876668e-9,1.0227139304915745e-8,-4.864817406430531e-9,5.488151240526054e-9,-8.220525646053064e-9,9.06888736870758e-7,0.12082974240787342,4.3182043470568095e-5,2.6665008921681054e-5,1.6896699212507619e-9,5.398657425522536e-9,9.38478784708276e-8,2.877850074038487e-8,2.6599115526058874e-6,0.12103649060953772,4.448867598295101e-6,2.350019844469594e-6,1.6741215038425663e-9,5.439606010288886e-9,9.299879240515603e-8,2.9421886399152696e-8,1.682124222120444e-9,5.482931293030435e-9,9.327574991945372e-8,2.9540146917986226e-8,1.66549030294639e-9,5.392843700388541e-9,9.27006821275955e-8,2.9294810916784252e-8,0.7936510014232593,3.7299498481193974e-14,0.14430090236760704,3.874013593777545e-12,1.2368572061672533e-11,5.9154098537885474e-12
full_TAC,11,16,,77.96252277906967,15.759235736739589,3,2,LOCALLY_SOLVED,Solve_Succeeded,0.174088792,0.8481348201157908,1.055137627686887e7,59.15547502889662,10.37338065798678,503.57999139953057,3.1845052583085723e-16,3.1845052583085723e-16,9.00031240405349e-9,0.0,0.9999997941875196,0.4007202587985034,2.8141776336742668e-6,1.520386958274212e-6,2.7581201676453023e-7,0.07936456952484129,5.171257142916918e-7,6.808498892256743e-8,1.3418235331508916e-8,4.833092775439334e-9,3.040211243714169e-8,3.0790488638030765e-9,6.276410081012677e-7,0.07947948910541117,6.31196281965694e-8,1.2960185817724174e-8,1.0030800742791792e-8,5.172524440798064e-9,2.44629101207162e-8,5.065721876691851e-9,1.0099226235767999e-8,5.259623937820312e-9,2.4619621008148033e-8,5.125025238137169e-9,9.813550926372383e-9,4.906840224859005e-9,2.398929000978412e-8,4.8824026954264155e-9,3.64470474417528e-7,-1.2128718257502941e-9,8.935303785066135e-9,-8.252921482962478e-9,1.048792812070524e-8,-5.98291314597997e-9,5.007223080148163e-10,-8.746286764090698e-9,0.9999983441030902,-3.883400181226123e-9,1.7676387258906383e-10,-8.871918158183474e-9,7.743701277364124e-9,-6.682380739185165e-9,-2.261568956078059e-9,-8.94817209220623e-9,7.799537165645042e-9,-6.793257323637253e-9,-2.515460940768265e-9,-9.00031240405349e-9,7.56630181967334e-9,-6.35256101418898e-9,-1.5040391023234232e-9,-8.780352108985593e-9,3.0645779640503347e-8,0.12085059450373559,1.608835555574152e-6,1.0115484068495732e-6,1.4909150368343232e-9,7.359482180782622e-9,9.458434980444081e-8,4.574586883364571e-8,6.973788978902971e-8,0.12102558568323972,1.9637217661154925e-7,1.9255133214904485e-7,1.1145334158657542e-9,7.876344034851597e-9,7.610683148667263e-8,7.526215359656464e-8,1.1221362484186663e-9,8.008972814408203e-9,7.659437646979387e-8,7.61432321094665e-8,1.0903945473747089e-9,7.47177943330803e-9,7.463334669710616e-8,7.253855433204959e-8,0.7936507899757155,1.3828569035620552e-15,0.14430044935418,1.838248231125847e-13,5.644652492229828e-13,2.6249398207501744e-13
full_TAC,11,17,,77.96252277906967,14.544288915803445,3,2,LOCALLY_SOLVED,Solve_Succeeded,0.142522167,0.8481428631454779,1.0551390207239999e7,59.15592113793491,10.374021575009694,503.58012475729663,3.1845052583085723e-16,3.1845052583085723e-16,8.25693900518332e-9,0.0,0.9999924448652175,0.4007042689061405,6.435845024082926e-5,3.112655194761623e-5,8.162006502155775e-6,0.07935087568365318,1.3879937213453826e-5,1.794731552511608e-6,1.5207029377805875e-8,3.545386949853951e-9,3.0165389455307196e-8,1.9370143463132157e-9,2.3939193179999465e-5,0.07948665055204922,1.4299954818817192e-6,1.5817447618171173e-7,1.5067093751900852e-8,3.5722784892290305e-9,2.9892469240518044e-8,1.9803190740066816e-9,1.5139118209544306e-8,3.6007309094719068e-9,2.9981491287485235e-8,1.9882789142571264e-9,1.4989412988084244e-8,3.541568931722318e-9,2.979664813710853e-8,1.971765923095519e-9,7.114374566328491e-6,2.9254935876253115e-7,6.216057300438937e-7,4.8357208938322215e-8,1.0377657718771948e-8,-4.900143502100816e-9,5.4843749694910115e-9,-8.256622371698112e-9,0.999949554160532,2.005995139012217e-7,2.817679913158535e-7,1.8746060409739672e-8,1.0280899907434252e-8,-4.895751122513688e-9,5.361558994009486e-9,-8.239830669310693e-9,1.0330714847166507e-8,-4.923363701205958e-9,5.248916061440761e-9,-8.25693900518332e-9,1.0227139501270324e-8,-4.8648173020938304e-9,5.488151903403855e-9,-8.220525622793991e-9,9.068896113506415e-7,0.12082974251829005,4.318202688630079e-5,2.666458306588674e-5,1.6896699308673186e-9,5.39865740091397e-9,9.384787830540017e-8,2.877849885951063e-8,2.6599103533332726e-6,0.12103649061334766,4.448874832520903e-6,2.350020788985431e-6,1.6741215279889827e-9,5.4396058813260225e-9,9.29987931927228e-8,2.9421883385242118e-8,1.6821242455049224e-9,5.482931157604948e-9,9.327575067217628e-8,2.954014386896302e-8,1.6654903320093597e-9,5.392843600577166e-9,9.270068309322653e-8,2.929480800027628e-8,0.7936510014235529,3.7299553284939697e-14,0.1443009023679384,3.874019191669503e-12,1.2368589998498676e-11,5.915418432585336e-12
full_TAC,11,18,,77.96252277906967,13.329342094867304,3,2,LOCALLY_SOLVED,Solve_Succeeded,0.110192084,0.8481346836209298,1.0551376040149834e7,59.15547021434418,10.373373376880853,503.57998885764147,3.1845052583085723e-16,3.1845052583085723e-16,9.551729481571837e-9,0.0,0.9999999330843502,0.4007204187412869,1.7759679045009002e-6,1.2464053041963702e-6,1.048805223762956e-7,0.07936479889043337,3.11332764141902e-7,4.280451146991905e-8,9.215770566915308e-9,5.909093099581225e-9,2.777361288664793e-8,5.012425599627408e-9,1.9413931097392343e-7,0.07947932444138385,4.221343405845332e-8,1.1988769044899815e-8,5.181313234109818e-9,6.3709556332447755e-9,1.9347080268452998e-8,7.488284846320445e-9,5.20698671531053e-9,6.46009665986909e-9,1.9463695939852863e-8,7.52918483626247e-9,5.086214309497312e-9,6.059672495738233e-9,1.8957481000549585e-8,7.344635471281266e-9,2.405012508458979e-7,-6.812203770807007e-9,-2.85938779761326e-9,-9.346141754476941e-9,9.129390096803043e-9,-7.2708563699395004e-9,-3.5571073708792198e-9,-9.243536508141207e-9,0.9999993087549282,-7.78101843114059e-9,-5.679946582951633e-9,-9.551729481571837e-9,5.030210110282179e-9,-8.082334931069109e-9,-5.847346911549784e-9,-9.495138646235169e-9,5.0560168366029906e-9,-8.18393280745442e-9,-6.04508083958099e-9,-9.527344985148201e-9,4.934644999235414e-9,-7.733173463194519e-9,-5.183062323943664e-9,-9.377525968407642e-9,1.165339137514395e-8,0.12085094376497807,9.68590821774806e-7,6.359527418387972e-7,1.0239745074350339e-9,8.997937219816866e-9,8.640679564734911e-8,7.447032319446434e-8,2.157103455265815e-8,0.1210253349448345,1.3133068373741033e-7,1.7811885438136863e-7,5.757014704566462e-10,9.70122789607727e-9,6.019091639074265e-8,1.1125451771676089e-7,5.785540794789475e-10,9.836965368437022e-9,6.055372070176445e-8,1.1186217471018524e-7,5.651349232774789e-10,9.227228573055947e-9,5.897882977948759e-8,1.0912029843046451e-7,0.7936507859453502,7.17558015222403e-16,0.14430043701119408,1.1694389658371078e-13,3.4894475428080113e-13,1.5965282963631656e-13
full_TAC,11,19,,77.96252277906967,12.11439527393116,3,1,ALMOST_LOCALLY_SOLVED,Solved_To_Acceptable_Level,0.120216709,0.8499760935407479,1.0554562741269106e7,59.19019832455274,10.57513054028577,503.5847642659117,1.5922526291542861e-16,1.5922526291542861e-16,8.239500318681987e-9,0.0,0.9997252903594644,0.3668122758525057,0.16993922895262464,0.0029285787144565714,0.0005976663311187273,0.048512198590195114,0.041212668466818314,0.00017106659481923276,1.5230480354844458e-8,3.497859013872542e-9,3.011719887296165e-8,1.90730272660124e-9,0.0007817346085029208,0.09688378194496741,0.00011456838084460945,1.3398237808720303e-5,1.519783291389773e-8,3.4878976230427484e-9,3.007478038595771e-8,1.9056640047669056e-9,1.5312606003634188e-8,3.531584435153099e-9,3.021437312251427e-8,1.91728222699499e-9,1.5190964998705193e-8,3.48536234707874e-9,3.006668269919197e-8,1.9049903251583478e-9,0.060509347619040546,1.0558239193864507e-5,2.4522552130384774e-5,2.147385015778033e-6,1.03522570943425e-8,-4.866261229328696e-9,5.687086065617027e-9,-8.239500318681987e-9,0.9376831659117828,7.296209480507255e-6,1.3325396635692752e-5,1.2579557625408804e-6,1.032978944658047e-8,-4.834002680443866e-9,5.81133689265897e-9,-8.22092537478482e-9,1.0408748020618236e-8,-4.84904485794937e-9,5.737209902396269e-9,-8.232743838476119e-9,1.032506223209194e-8,-4.812839859190924e-9,5.894245048799101e-9,-8.209332681339427e-9,6.640737012430301e-5,0.07387084785325164,0.12821719078565696,0.002541560837314315,1.6922755949827169e-9,5.3262853165786425e-9,9.369795204921402e-8,2.8337069080932707e-8,8.685940094476894e-5,0.14752757705256397,0.0003564349626276738,0.00019905953315813019,1.6886481015441915e-9,5.3111168350878216e-9,9.356598342297953e-8,2.8312722356536884e-8,1.7014006670704646e-9,5.377639935346764e-9,9.400027193671105e-8,2.8485335943925563e-8,1.6878849998561321e-9,5.307256301233536e-9,9.354079061970833e-8,2.8302713402352594e-8,0.7936583166405734,1.2819250181941275e-12,0.14432322275780812,1.319367074761742e-10,4.243709022831891e-10,2.0408906386121284e-10
full_TAC,11,20,,77.96252277906967,10.899448452995019,3,3,LOCALLY_SOLVED,Solve_Succeeded,0.135145458,0.848134662200653,1.0551376002984772e7,59.15546994973379,10.37337232725691,503.57998849690847,1.1278456123176193e-16,5.126570965080088e-17,9.65844456948557e-9,0.0,0.9999999525405954,0.4007204516954157,1.5766352458725853e-6,1.2090345052165208e-6,7.655606682181219e-8,0.07936483983752808,2.733982034200141e-7,3.835500307055595e-8,7.491309130807018e-9,6.216135959766275e-9,2.6400051981648642e-8,5.733101742375697e-9,1.3549161543876843e-7,0.07947929593574095,3.844382871909453e-8,1.1850722086255117e-8,3.879495526195618e-9,6.847777264791688e-9,1.8037345285328884e-8,8.001338336554013e-9,3.897859755911276e-9,6.930126035751388e-9,1.8142012812721305e-8,8.03412431627363e-9,3.808252401344725e-9,6.550057932675536e-9,1.768028440344407e-8,7.88455714026846e-9,2.1547829945865277e-7,-7.606834548379547e-9,-4.593090128613937e-9,-9.505947897617176e-9,8.414035464326496e-9,-7.68137575753712e-9,-4.647264905776276e-9,-9.384989541756239e-9,0.9999994587842953,-8.33415010778929e-9,-6.641966264208611e-9,-9.65844456948557e-9,4.3722540215951556e-9,-8.434409963189061e-9,-6.626720129772348e-9,-9.606555997652856e-9,4.392377797366974e-9,-8.524548758389762e-9,-6.800061779280705e-9,-9.632462902595354e-9,4.294223269459814e-9,-8.11480257490606e-9,-6.0294159223522854e-9,-9.510234280571644e-9,8.506229646868018e-9,0.12085100611623593,8.505721884178215e-7,5.698457599054025e-7,8.323676812007794e-10,9.465479756916825e-9,8.2133495054018e-8,8.517751160101033e-8,1.5054623937640932e-8,0.12102529153851461,1.1960302268162741e-7,1.760678709957903e-7,4.310550584661796e-10,1.0427297198660068e-8,5.611618533213429e-8,1.1887702671451675e-7,4.3309552843458605e-10,1.0552691918075976e-8,5.6441817639577394e-8,1.193641326989225e-7,4.2313915570496924e-10,9.973951852028655e-9,5.500532925515932e-8,1.1714199179827425e-7,0.7936507853733796,6.257219252949314e-16,0.14430043489084296,1.072998982000097e-13,3.179403325077235e-13,1.448045385210227e-13
full_TAC,11,21,,77.96252277906967,9.684501632058875,3,2,LOCALLY_SOLVED,Solve_Succeeded,0.01662375,0.9930437960642866,1.0803711525373945e7,43.26007517111376,9.684501869236462,503.57998766066964,6.369010516617145e-16,6.369010516617145e-16,9.801287101609526e-9,9.760821705461182e-9,1.000000008602517,0.35556732966936805,2.609695080392415e-9,-9.631319412967844e-9,-8.015434763858825e-9,-4.8855815413516154e-9,-9.067879390623432e-10,-4.068657803881206e-10,-8.20119629397988e-9,-5.391494564255579e-9,-1.192731506392349e-9,-4.3141535897299753e-10,-6.459651426080127e-9,0.09171839771210849,2.2800342011897737e-9,2.385058240119459e-9,-7.481406327437797e-9,-3.4952569824065674e-9,3.0058011314489476e-10,-1.1399191726666632e-12,-7.424975220257929e-9,-1.7309047583841924e-9,9.005253544127308e-10,4.269446840751743e-10,-7.854469801553748e-9,-5.066439188453721e-9,-7.907826570850387e-10,-3.5665198459107634e-10,-2.588173699486495e-9,0.07936511212352211,-1.1059675548697766e-9,-8.85156030829254e-9,-4.651935661046085e-9,1.9181010294830422e-8,3.0017321007617787e-9,-3.5113791134684803e-9,0.999999998471065,0.04482171256687212,-3.705232447618824e-9,-8.988447774489574e-9,2.5715751879684023e-8,1.220807793947873e-8,2.3703936746319e-10,-5.166093594881469e-9,4.1842022446055635e-8,9.94776839571994e-9,-1.3462700356860456e-9,-6.983686921677998e-9,2.994916046014906e-10,1.2214619712474193e-8,3.0993947670439e-9,-1.7541826714070325e-9,-8.906038626509802e-10,-7.4394082561490505e-9,-2.821118032638401e-9,-6.044863022909219e-9,-9.112440326644309e-10,-8.209775813752814e-9,-3.7107202421095298e-9,-6.409599619027391e-9,-7.17739047342236e-10,0.1396621056070743,7.093439737034851e-9,3.5435150996060534e-8,-8.312673697153104e-10,-5.322323132300908e-9,9.351381297841171e-10,-1.6935941993904705e-11,-8.249972466953251e-10,-2.6356958820850197e-9,2.801634435950718e-9,6.343178163402589e-9,-8.727188668393048e-10,-7.71480512787271e-9,-2.4602127109312317e-9,-5.298829485353134e-9,0.7936507842211087,-1.7969509109817117e-15,0.16699511139764003,-8.149184180108812e-13,-2.0570740377601872e-12,-1.098637045012588e-12
full_TAC,12,1,,73.62879584436722,33.98343805078173,3,3,LOCALLY_SOLVED,Solve_Succeeded,0.28969175,0.8488044777179448,1.0551996322278481e7,59.15624276153119,17.98025879114892,503.57999138686245,3.1845052583085723e-16,3.1845052583085723e-16,8.995386164965918e-9,0.0,0.9999998053704339,0.20021532281314633,2.8181592516336133e-6,0.463519053641842,2.672132084339546e-7,0.07936460399493384,5.169829485530903e-7,5.822446699247033e-8,1.344826023631992e-8,4.91968005732408e-9,3.063101596074091e-8,3.0017720346926223e-9,6.227883265635862e-7,2.0920716493481903e-8,6.344851054857155e-8,0.02923085853991208,1.0083342959251677e-8,5.261340691186436e-9,2.4649240959158876e-8,4.9907632107313255e-9,1.0152679404149898e-8,5.349928101050065e-9,2.4808727641830864e-8,5.0501023273446894e-9,9.862915473927244e-9,4.990849206316662e-9,2.416667292001023e-8,4.8071477856346575e-9,3.462528012993692e-7,-1.241417245505534e-9,8.879562434697562e-9,-8.241601014324395e-9,1.0527992039204438e-8,-5.970113481961986e-9,5.262335713836485e-10,-8.74249527146678e-9,0.9999983880412112,-5.703329865316027e-9,1.6803833458783883e-10,-8.688176904267976e-9,7.798536378051382e-9,-6.67598749781851e-9,-2.2488033551612594e-9,-8.942605537685567e-9,7.855177569337444e-9,-6.787597543812342e-9,-2.5041986598822433e-9,-8.995386164965918e-9,7.618345372125517e-9,-6.343789155527128e-9,-1.4863933126688725e-9,-8.772500450586986e-9,2.9690356492661607e-8,0.12085064699228559,1.6083913954985034e-6,8.650492238881306e-7,1.4942511373688793e-9,7.491330996379848e-9,9.529649410008283e-8,4.4597755944004665e-8,6.919870295150955e-8,3.185654556962017e-8,1.9739536615111148e-7,0.43428704116440797,1.1203714399168526e-9,8.011586961579346e-9,7.668652742849428e-8,7.414848198800827e-8,1.128075489349988e-9,8.146481426598962e-9,7.718270821902936e-8,7.503009172054966e-8,1.0958794971030267e-9,7.599702200527643e-9,7.518520464003183e-8,7.142048138657204e-8,0.7936507899780723,1.3808028890218217e-15,0.1443006890830492,1.8351707750672817e-13,5.636791191226403e-13,2.619049706166653e-13
full_TAC,12,2,,73.62879584436722,32.76849122984559,3,2,ALMOST_LOCALLY_SOLVED,Solved_To_Acceptable_Level,0.205199917,0.8524713650921972,1.055852774371268e7,59.191480902742214,15.797972207286435,503.5847205023395,1.1278456123176193e-16,6.595588376126429e-17,8.239503566792052e-9,0.0,0.9997648046570956,0.16770674515822484,0.5285387642601583,0.302023049106837,0.0003832205822407292,0.06643458008054257,0.036248043981190844,0.0004376478696081849,1.523018661989502e-8,3.497882614684317e-9,3.011751006706628e-8,1.907308521670641e-9,0.0007867244902745321,3.7543656193002465e-5,0.09230525917260322,0.0186086126122955,1.5197562000435283e-8,3.4879295477340113e-9,3.0075117744244616e-8,1.9056720364641173e-9,1.531233632098409e-8,3.5316179783957357e-9,3.021471748690866e-8,1.9172906926459106e-9,1.5190683205387366e-8,3.485390070963146e-9,3.006700653499604e-8,1.9049972406361052e-9,0.0004593744416794253,1.0460049170113988e-5,2.429876252525352e-5,2.1441370397484757e-6,1.0352092517416038e-8,-4.8662623264946864e-9,5.68709200811274e-9,-8.239503566792052e-9,0.9980053821298623,5.229719168478132e-6,1.703411877924609e-5,1.5434428818824444e-6,1.032964043927673e-8,-4.8340119974395445e-9,5.811308149622786e-9,-8.220933812762297e-9,1.0408600330166141e-8,-4.849055589651846e-9,5.7371752700109755e-9,-8.232753062910137e-9,1.0324905707720088e-8,-4.812844975394207e-9,5.894234158282119e-9,-8.209338554261168e-9,4.258006469341434e-5,0.10116174694082616,0.11277169238592707,0.0065021969198930316,1.6922429577661126e-9,5.326321254178392e-9,9.369892020865063e-8,2.8337155179106666e-8,8.741383225272574e-5,5.716874920298102e-5,0.2871719174258767,0.27647081595410455,1.688618000048364e-9,5.3111654476858805e-9,9.356703298209434e-8,2.831284168460974e-8,1.7013707023315652e-9,5.377691012557142e-9,9.40013432926047e-8,2.8485461719310667e-8,1.6878536894874843e-9,5.307298517148427e-9,9.354179810887656e-8,2.830281614659356e-8,0.7936583266388572,1.281926278459308e-12,0.14432375826535468,1.3193713016368485e-10,4.2437223529213065e-10,2.0408954932611826e-10
full_TAC,12,3,,73.62879584436722,31.553544408909442,3,3,LOCALLY_SOLVED,Solve_Succeeded,0.310528,0.8488044777180503,1.0551996322278664e7,59.15624276153589,17.98025879116343,503.57999138686455,3.1845052583085723e-16,3.1845052583085723e-16,8.99538584446742e-9,0.0,0.9999998053703338,0.20021532281279603,2.8181600082430647e-6,0.4635190536425956,2.672133268856671e-7,0.07936460399478934,5.169831019515614e-7,5.822447895107339e-8,1.3448261487711841e-8,4.919679508804677e-9,3.063101648061662e-8,3.001771362598281e-9,6.227886951636438e-7,2.092072018804601e-8,6.34485268311106e-8,0.029230858539952387,1.0083345439690233e-8,5.261340271165826e-9,2.4649243704772526e-8,4.990761783699838e-9,1.0152681916168523e-8,5.349927674922963e-9,2.480873041046549e-8,5.050100896270106e-9,9.862917874815845e-9,4.990848826503789e-9,2.4166675630185038e-8,4.8071463899393405e-9,3.462528708462855e-7,-1.2414124415212605e-9,8.879572340153979e-9,-8.241600076700931e-9,1.0527992237789972e-8,-5.970112934613724e-9,5.262355913772118e-10,-8.742495045832991e-9,0.9999983880404861,-5.703328044098666e-9,1.68042947329875e-10,-8.688176180757345e-9,7.798537795894295e-9,-6.675986750585604e-9,-2.2488011594757786e-9,-8.942605212670631e-9,7.855179008435504e-9,-6.787596786474352e-9,-2.504196473478447e-9,-8.99538584446742e-9,7.618346739285359e-9,-6.3437884685331925e-9,-1.4863911497685596e-9,-8.772500128014106e-9,2.9690369653963002e-8,0.12085064699206557,1.608391872738191e-6,8.650494015588046e-7,1.4942512764124263e-9,7.491330161134393e-9,9.529649571747392e-8,4.459774595860303e-8,6.919874390707152e-8,3.185655119543369e-8,1.973954168078996e-7,0.4342870411650068,1.1203717155211366e-9,8.011586322002508e-9,7.668653597040341e-8,7.414846078639758e-8,1.1280757684631686e-9,8.146480777723601e-9,7.71827168325593e-8,7.503007045887014e-8,1.095879763868427e-9,7.599701622176222e-9,7.518521307168677e-8,7.142046065052731e-8,0.7936507899780758,1.3808034876010052e-15,0.1443006890830582,1.8351713521372706e-13,5.636793051974949e-13,2.619050592570754e-13
full_TAC,12,4,,73.62879584436722,30.3385975879733,3,1,ALMOST_LOCALLY_SOLVED,Solved_To_Acceptable_Level,0.074724541,0.8523674634581258,1.0558362127367288e7,59.187239109963414,15.5888810357836,503.58469463543065,1.5922526291542861e-16,1.5922526291542861e-16,8.23950418790107e-9,0.0,0.9997829237633918,0.17405949322544922,0.5234428600971146,0.28956911438800814,0.0003437945652606666,0.06895126391856078,0.03135766215145106,9.542380608069202e-5,1.523006292383836e-8,3.497946042871061e-9,3.011757660758168e-8,1.9072925950162347e-9,0.0007834878344138866,3.9091772908939937e-5,0.095956152118915,0.018165456446281997,1.519745153269273e-8,3.487997744031864e-9,3.007519990803589e-8,1.9056574457522206e-9,1.531222718687333e-8,3.531687587084233e-9,3.021480308417122e-8,1.9172762074023585e-9,1.5190566092443185e-8,3.485455689653868e-9,3.006708052922612e-8,1.9049819808126e-9,0.00036740193994491975,1.0363808473689504e-5,2.4032399401957585e-5,2.096920689848315e-6,1.0352029541772972e-8,-4.866251171877851e-9,5.687099051764322e-9,-8.23950418790107e-9,0.9981628767084559,5.2615951228645145e-6,1.7072838377462843e-5,1.542438376252117e-6,1.0329586496463986e-8,-4.8340055962819685e-9,5.811294633239608e-9,-8.220937488279707e-9,1.0408547549312804e-8,-4.849050098829887e-9,5.737158197777195e-9,-8.232757228813019e-9,1.0324847176139008e-8,-4.812835985799573e-9,5.894231287253703e-9,-8.209340685977894e-9,3.819939614007405e-5,0.10499397005780844,0.09755717113784776,0.0014177251189131386,1.692229213759817e-9,5.3264178380082055e-9,9.369912722358743e-8,2.8336918554526912e-8,8.705420382376514e-5,5.952610874770399e-5,0.2985302510366244,0.26988678148761824,1.688605725854747e-9,5.31126929204852e-9,9.356728860277834e-8,2.8312624908318702e-8,1.701358576319258e-9,5.377797007605536e-9,9.400160959519934e-8,2.8485246509977893e-8,1.6878406769381307e-9,5.307398436518389e-9,9.354202831314791e-8,2.8302589429215768e-8,0.7936583351121275,1.281926240750326e-12,0.14432234606133948,1.3193727360261745e-10,4.2437272221624663e-10,2.0408965456671574e-10
full_TAC,12,5,,73.62879584436722,29.12365076703716,3,2,LOCALLY_SOLVED,Solve_Succeeded,0.164073208,0.8488121848752294,1.0552009636800108e7,59.1566771978016,17.9813478765033,503.58012432841144,6.636709732727147e-17,0.0,8.256899112839094e-9,0.0,0.9999928408250863,0.20018712854543477,6.438014832789865e-5,0.46357611732234966,7.864025220188898e-6,0.07935286537457018,1.3875103571087743e-5,1.1362998631510614e-6,1.5208398935811513e-8,3.547786915091625e-9,3.0173000153545866e-8,1.9343608444032126e-9,2.377783760188886e-5,4.3034233088132524e-7,1.4404325267580592e-6,0.029233382611909116,1.506881878249694e-8,3.574812475464873e-9,2.990037022663755e-8,1.977635983466164e-9,1.514091358122764e-8,3.603301794373784e-9,2.998950677765785e-8,1.9855871037880065e-9,1.499098345137391e-8,3.544031989374977e-9,2.980432851594449e-8,1.9690834869634824e-9,6.726385028609181e-6,2.915823245008838e-7,6.198145541430435e-7,4.763961184106189e-8,1.0379055304833962e-8,-4.899399806772737e-9,5.486338071539563e-9,-8.256528364852447e-9,0.9999508484707891,9.725945426365557e-8,2.820858787982604e-7,3.51697006235717e-8,1.0282540254494076e-8,-4.895088637998865e-9,5.363149279499716e-9,-8.239779263726213e-9,1.0332405318605709e-8,-4.92272457318342e-9,5.250414751164431e-9,-8.256899112839094e-9,1.0228671243143575e-8,-4.864099133753532e-9,5.489967274614263e-9,-8.220442425809439e-9,8.737805800209883e-7,0.12083277227491368,4.3166988887828537e-5,1.6882169395387195e-5,1.6898221039790563e-9,5.402311893434974e-9,9.387155603325381e-8,2.8739075402562018e-8,2.6419819557654274e-6,6.552940038420179e-7,4.4813456388028495e-6,0.4343245416626496,1.6743131980552148e-9,5.443464451276056e-9,9.302337403842792e-8,2.9382020325783e-8,1.6823237312475148e-9,5.486845914160079e-9,9.330068775271331e-8,2.9500151256278948e-8,1.665664827930434e-9,5.39659416563917e-9,9.272457760516062e-8,2.925495466345745e-8,0.7936510015168207,3.7297524112007154e-14,0.14430113098957814,3.873830940213455e-12,1.2368126945533152e-11,5.915027352100773e-12
full_TAC,12,6,,73.62879584436722,27.908703946101014,3,2,LOCALLY_SOLVED,Solve_Succeeded,0.179541208,0.8488044777179197,1.0551996322278438e7,59.15624276152869,17.980258791139228,503.57999138686193,6.636709732727147e-17,5.032034588719504e-22,8.995386209921674e-9,0.0,0.9999998053704992,0.20021532281334503,2.8181591208765634e-6,0.46351905364129514,2.672131533994972e-7,0.07936460399501238,5.169829188292914e-7,5.822445631789422e-8,1.3448259746616507e-8,4.919680278085079e-9,3.063101619471796e-8,3.0017720751935908e-9,6.227882386628203e-7,2.0920716479228035e-8,6.344850953224519e-8,0.029230858539887813,1.008334244239705e-8,5.261340879603971e-9,2.4649240804003774e-8,4.990763359999195e-9,1.015267888285395e-8,5.349928292624092e-9,2.4808727487287364e-8,5.050102477550693e-9,9.862914967524537e-9,4.990849381266931e-9,2.4166672756664923e-8,4.807147928745445e-9,3.462527203455703e-7,-1.2414180078129505e-9,8.879560875943693e-9,-8.241601147951867e-9,1.052799185935727e-8,-5.970113540002375e-9,5.26233318369401e-10,-8.742495299826071e-9,0.9999983880415194,-5.703330133757133e-9,1.6803766656138184e-10,-8.688177005001594e-9,7.798536117208077e-9,-6.67598760223518e-9,-2.2488036660823208e-9,-8.942605582529908e-9,7.855177306032837e-9,-6.787597651242225e-9,-2.5041989728104436e-9,-8.995386209921674e-9,7.618345116137376e-9,-6.343789245838644e-9,-1.4863936071726092e-9,-8.77250049206372e-9,2.9690350377721898e-8,0.1208506469924052,1.6083913030244621e-6,8.650490652944283e-7,1.4942510829573892e-9,7.491331332538642e-9,9.529649482801145e-8,4.4597756545733344e-8,6.91986931847578e-8,3.1856545547915414e-8,1.9739536298920723e-7,0.4342870411640474,1.1203713824885607e-9,8.011587248487865e-9,7.668652694578952e-8,7.414848420570231e-8,1.1280754314282163e-9,8.146481718313958e-9,7.718270773822735e-8,7.503009395218171e-8,1.0958794408360593e-9,7.59970246692919e-9,7.518520413184642e-8,7.142048351278946e-8,0.7936507899780718,1.3808028191979047e-15,0.14430068908304733,1.8351706897599715e-13,5.636790921686005e-13,2.6190495726557565e-13
full_TAC,12,7,,73.62879584436722,26.693757125164872,3,1,ALMOST_LOCALLY_SOLVED,Solved_To_Acceptable_Level,0.068904375,0.8528038161739832,1.0559250203269465e7,59.23057301147897,13.769151737890647,503.5847153349727,3.1845052583085723e-16,3.1845052583085723e-16,8.23950384611285e-9,0.0,0.9997690023580763,0.2248499527645051,0.507646388998049,0.17947892821089725,0.00037964643815004313,0.03198052638832444,0.05175291481140551,0.011304436357397337,1.5230160442813703e-8,3.497902163624195e-9,3.011757185736296e-8,1.907296432868134e-9,0.0007846087036447766,0.05714217557107218,0.07171846433384475,1.383177003465589e-5,1.5197538444367566e-8,3.4879500247713947e-9,3.007518249693237e-8,1.905660224061166e-9,1.5312313052116126e-8,3.531638804694715e-9,3.021478334467959e-8,1.9172788272395897e-9,1.5190658307719728e-8,3.485410024249726e-9,3.0067069615582325e-8,1.9049852975490674e-9,0.0004515384812488408,1.041959714046345e-5,2.4369999373308192e-5,2.185824234054383e-6,1.0352079226304189e-8,-4.866258754525417e-9,5.687098716461293e-9,-8.23950384611285e-9,0.9980237379366758,7.24635191314383e-6,1.6941876102063207e-5,1.2596242723861635e-6,1.032962893684318e-8,-4.83400935424397e-9,5.811310852439783e-9,-8.220934701505583e-9,1.0408589077446668e-8,-4.849053133804078e-9,5.737177216650147e-9,-8.232754047365994e-9,1.0324893278695588e-8,-4.812841806624982e-9,5.8942390361238465e-9,-8.209339137579209e-9,4.218293757222699e-5,0.04869761972767585,0.1610090683021505,0.16795162588133183,1.692240049201522e-9,5.326351021882296e-9,9.36991124451292e-8,2.8336975574040845e-8,8.717874484941958e-5,0.08701194916504172,0.2231241112608503,0.00020550058337203035,1.6886153827075067e-9,5.311196628629169e-9,9.35672344349007e-8,2.8312666186051607e-8,1.7013681169017913e-9,5.3777227253305885e-9,9.40015481834476e-8,2.84852854332739e-8,1.6878509230799693e-9,5.307328900562081e-9,9.354199435958942e-8,2.8302638706443288e-8,0.7936583269181038,1.2819262185684666e-12,0.14433616842431204,1.3193715162924221e-10,4.24372311958788e-10,2.0408955820914262e-10
full_TAC,12,8,,73.62879584436722,25.47881030422873,3,2,LOCALLY_SOLVED,Solve_Succeeded,0.146492875,0.8481428631991633,1.055139020733203e7,59.155921139592564,10.374021592942796,503.5801247575049,1.1278456123176193e-16,1.0253141930160176e-16,8.256938982363189e-9,0.0,0.9999924448242653,0.4007042684195224,6.435881444540682e-5,3.112760336555387e-5,8.162022155027432e-6,0.07935087546974469,1.3880022574430012e-5,1.7947971232658326e-6,1.5207028946146053e-8,3.5453866831795197e-9,3.016538903502598e-8,1.9370144374646774e-9,2.3939255616791882e-5,0.07948665057274028,1.4299982962387657e-6,1.5817519847394437e-7,1.506709356724152e-8,3.5722782131514647e-9,2.989246924560334e-8,1.980319118217929e-9,1.5139118039845828e-8,3.600730637751178e-9,2.998149131014546e-8,1.9882789602215194e-9,1.4989412774218344e-8,3.541568645769109e-9,2.979664810678048e-8,1.971765963943338e-9,7.114384376739433e-6,2.925499392762791e-7,6.216070311927782e-7,4.835736038693244e-8,1.037765730795873e-8,-4.900143429921578e-9,5.484375446072523e-9,-8.256622310080448e-9,0.9999495540230053,2.0059975285211335e-7,2.8176839581789646e-7,1.874610492493814e-8,1.0280899668227929e-8,-4.895751079938274e-9,5.361559516180894e-9,-8.239830643779694e-9,1.0330714617832586e-8,-4.923363662275313e-9,5.248916562018443e-9,-8.256938982363189e-9,1.022713924235222e-8,-4.864817248700438e-9,5.4881524769650696e-9,-8.220525590092728e-9,9.068913505586033e-7,0.12082974219256576,4.3182292453782255e-5,2.666555725994951e-5,1.6896698829051165e-9,5.398656994841541e-9,9.384787699785859e-8,2.877850021376092e-8,2.6599172907546525e-6,0.1210364906448545,4.448883588298382e-6,2.3500315201843164e-6,1.6741215074712794e-9,5.439605460935184e-9,9.299879320854372e-8,2.9421884042094943e-8,1.682124226649536e-9,5.482930743848384e-9,9.327575074267474e-8,2.954014455186257e-8,1.6654903082464819e-9,5.392843165148415e-9,9.27006829988726e-8,2.9294808607158157e-8,0.7936510014238671,3.7299600561584915e-14,0.14430090236903567,3.874024191154557e-12,1.2368605942582078e-11,5.915426011921472e-12
full_TAC,12,9,,73.62879584436722,24.26386348329259,3,3,LOCALLY_SOLVED,Solve_Succeeded,0.151520167,0.8481348201163508,1.055137627686984e7,59.15547502892372,10.373380658026083,503.57999139954154,2.2556912246352386e-16,1.5922526291542861e-16,9.000310831698477e-9,0.0,0.9999997941869038,0.400720258797728,2.8141815228569824e-6,1.5203886476829545e-6,2.758126756412087e-7,0.07936456952388617,5.171265116999884e-7,6.80851133753329e-8,1.3418241487203737e-8,4.8330897698667994e-9,3.040211450030127e-8,3.0790456825073993e-9,6.276429096143113e-7,0.07947948910604742,6.311970769710335e-8,1.2960190547200371e-8,1.0030812862674713e-8,5.17252200676309e-9,2.4462923130097204e-8,5.065715071954586e-9,1.0099238508644805e-8,5.25962146987292e-9,2.4619634124596307e-8,5.125018418662593e-9,9.813562660771438e-9,4.9068379977021164e-9,2.3989302859022987e-8,4.8823960272432365e-9,3.644709214302623e-7,-1.21284753676234e-9,8.935353760194624e-9,-8.252916876899853e-9,1.0487928959580468e-8,-5.9829104231291e-9,5.007324109202454e-10,-8.746285624561126e-9,0.9999983440991143,-3.883383427683436e-9,1.7678681532952443e-10,-8.871915487330067e-9,7.7437080829931e-9,-6.682377060433774e-9,-2.2615581001647607e-9,-8.948170496687606e-9,7.799544073422977e-9,-6.793253597192105e-9,-2.515450137570115e-9,-9.000310831698477e-9,7.566308382113118e-9,-6.352557623551384e-9,-1.5040283818428294e-9,-8.780350520157082e-9,3.064585284902317e-8,0.1208505945022812,1.6088380363999635e-6,1.0115502558620888e-6,1.4909157208004145e-9,7.3594776041153526e-9,9.458435622315949e-8,4.574582156868135e-8,6.973810106825678e-8,0.12102558568420857,1.9637242394654373e-7,1.9255140241554837e-7,1.1145347625194124e-9,7.876340328480159e-9,7.61068719603024e-8,7.526205249761099e-8,1.1221376120716444e-9,8.0089690563974e-9,7.659441727652184e-8,7.614313079155853e-8,1.0903958511968257e-9,7.471776041955496e-9,7.463338667251596e-8,7.253845526189951e-8,0.7936507899757328,1.38285980892732e-15,0.1443004493542269,1.838251138538956e-13,5.644661851469697e-13,2.624944268948771e-13
full_TAC,12,10,,73.62879584436722,23.048916662356444,3,2,ALMOST_LOCALLY_SOLVED,Solved_To_Acceptable_Level,0.059986333,0.8540456528276908,1.056141950463942e7,59.24068556071556,13.62655123579787,503.5885052534778,2.2556912246352386e-16,7.689856447620133e-17,8.239271112266249e-9,0.0,0.9995427584325094,0.22554965115903788,0.5277637122251685,0.16948971154219108,0.0010379264247540826,0.016520747976034224,0.0506895595882773,0.010659826157441024,1.5230762045450583e-8,3.4972850937535983e-9,3.011725030834351e-8,1.906942531014718e-9,0.0014098182345844723,0.07287369433897753,0.0776671514139649,2.831193304914582e-5,1.5231556546624872e-8,3.4990596683629257e-9,3.011700918678352e-8,1.9079773919364915e-9,1.539669550202813e-8,3.5619249606031977e-9,3.031793706924832e-8,1.924691760221557e-9,1.525748855686096e-8,3.5090483944641243e-9,3.014893795606735e-8,1.9106319528102823e-9,0.0616650926184737,1.8815389326537076e-5,4.413005465790295e-5,3.959441443017171e-6,1.0351920852448363e-8,-4.865801727790165e-9,5.6898607847696365e-9,-8.239271112266249e-9,0.9351578400779463,1.3021955850745334e-5,3.036193840731787e-5,2.3311051595962665e-6,1.0352467513984986e-8,-4.82834433645044e-9,5.831684091569611e-9,-8.21915893321672e-9,1.046601365009824e-8,-4.835931919265629e-9,5.779284234223756e-9,-8.228657271589584e-9,1.0370308200586546e-8,-4.8023935438250135e-9,5.928503226601971e-9,-8.20610310157075e-9,0.00011532515830600913,0.025156593508961204,0.15770085205241827,0.15837456005340952,1.692306893938953e-9,5.32541139276116e-9,9.369811207040204e-8,2.833171760364724e-8,0.00015664647050938574,0.11096676183435214,0.24163113773233524,0.0004206344338730236,1.6923951718472073e-9,5.328113585916273e-9,9.369736191443761e-8,2.8347092680199298e-8,1.7107439446697917e-9,5.423840280918505e-9,9.432247088210588e-8,2.8595420437577416e-8,1.6952765063178836e-9,5.343323691570371e-9,9.379669586332062e-8,2.838653187032419e-8,0.793664279905514,2.296146551697022e-12,0.14434918163685506,2.38119795614139e-10,7.976866621232935e-10,3.791056193271966e-10
full_TAC,12,11,,73.62879584436722,21.833969841420302,3,3,LOCALLY_SOLVED,Solve_Succeeded,0.144284667,0.8481428631836749,1.0551390207305327e7,59.15592113880275,10.374021589971914,503.5801247573512,1.5922526291542861e-16,1.5922526291542861e-16,8.2569390029304e-9,0.0,0.9999924448372349,0.4007042685049823,6.435866128571738e-5,3.112744045249518e-5,8.16201109018232e-6,0.07935087551432916,1.387998755615813e-5,1.7947871266448238e-6,1.5207028933329283e-8,3.545386749026998e-9,3.016538907777239e-8,1.9370144520699056e-9,2.3939219372334116e-5,0.07948665056224216,1.4299963136390823e-6,1.5817492746224017e-7,1.5067093478743907e-8,3.572278335209105e-9,2.989246909218495e-8,1.9803191875459706e-9,1.5139117960597293e-8,3.600730764729853e-9,2.998149116979933e-8,1.988279031244487e-9,1.4989412644022346e-8,3.5415687499787826e-9,2.979664790033944e-8,1.971766027984071e-9,7.11437559291288e-6,2.925496292275919e-7,6.216063313210954e-7,4.835729324322769e-8,1.0377657363510885e-8,-4.900143456763069e-9,5.4843752523342724e-9,-8.256622325905293e-9,0.9999495540973251,2.0059953127054553e-7,2.817680540512893e-7,1.8746070915916145e-8,1.0280899670800199e-8,-4.895751133202205e-9,5.361559073211722e-9,-8.239830660898451e-9,1.0330714627150261e-8,-4.923363721482553e-9,5.24891609994733e-9,-8.2569390029304e-9,1.0227139215679774e-8,-4.8648172848101695e-9,5.488152099461854e-9,-8.220525596490128e-9,9.068901211313686e-7,0.12082974226045574,4.318218350804751e-5,2.6665408738723094e-5,1.6896698814810306e-9,5.3986570951092904e-9,9.384787713084742e-8,2.8778500430752883e-8,2.6599132635926784e-6,0.12103649062886872,4.448877420210478e-6,2.350027493724711e-6,1.6741214976382112e-9,5.439605646795683e-9,9.299879273124206e-8,2.942188507211156e-8,1.6821242178441431e-9,5.4829309372022765e-9,9.327575030604235e-8,2.9540145607060948e-8,1.66549029378026e-9,5.392843323831328e-9,9.270068235661158e-8,2.9294809558620486e-8,0.7936510014236277,3.7299561062039233e-14,0.14430090236844023,3.874020110602406e-12,1.2368592910618033e-11,5.915419764591578e-12
full_TAC,12,12,,73.62879584436722,20.61902302048416,3,3,LOCALLY_SOLVED,Solve_Succeeded,0.167341833,0.8481348201161347,1.0551376276869467e7,59.155475028912946,10.373380658012056,503.5799913995371,1.5922526291542861e-16,1.5922526291542861e-16,9.000311442129888e-9,0.0,0.999999794187142,0.40072025879799195,2.814180030570444e-6,1.5203880674789498e-6,2.7581241829960796e-7,0.07936456952424287,5.171262064174481e-7,6.808506964854708e-8,1.3418238986282635e-8,4.833090879831213e-9,3.0402113593233967e-8,3.0790469388984622e-9,6.276421625085458e-7,0.07947948910579995,6.311967698023943e-8,1.2960188802375552e-8,1.0030808099536288e-8,5.172522911901603e-9,2.446291803547887e-8,5.065717737960204e-9,1.0099233687480656e-8,5.259622389871435e-9,2.461962899170893e-8,5.125021091935682e-9,9.813558042002796e-9,4.9068388163383255e-9,2.3989297814515888e-8,4.8823986344646e-9,3.644707495736607e-7,-1.2128568549937827e-9,8.935334562785087e-9,-8.25291865300127e-9,1.0487928562352232e-8,-5.982911454455659e-9,5.007285692351394e-10,-8.746286054826311e-9,0.9999983441006673,-3.883389920289987e-9,1.7677792194577264e-10,-8.871916527050823e-9,7.743705407023296e-9,-6.68237848278295e-9,-2.261562299276408e-9,-8.948171114952329e-9,7.799541359014248e-9,-6.793255040647025e-9,-2.5154543223204553e-9,-9.000311442129888e-9,7.566305795921817e-9,-6.3525589250743605e-9,-1.504032507161884e-9,-8.780351131111428e-9,3.064582425551198e-8,0.12085059450282436,1.6088370866320604e-6,1.0115496062069851e-6,1.490915442920292e-9,7.359479294288437e-9,9.458435340117232e-8,4.574584023506286e-8,6.973801805650506e-8,0.12102558568383173,1.963723283829671e-7,1.9255137649243674e-7,1.1145342332818092e-9,7.876341706759259e-9,7.61068561103787e-8,7.526209210683729e-8,1.1221370763867388e-9,8.008970457304229e-9,7.659440130753887e-8,7.61431705087587e-8,1.0903953380003103e-9,7.471777288515177e-9,7.463337097849386e-8,7.253849399775976e-8,0.793650789975726,1.3828586760855984e-15,0.1443004493542087,1.8382500138396303e-13,5.644658233794344e-13,2.6249425399407496e-13
full_TAC,12,13,,73.62879584436722,19.404076199548015,3,1,ALMOST_LOCALLY_SOLVED,Solved_To_Acceptable_Level,0.0562525,0.8543534978950478,1.0562007655013183e7,59.210782440817155,12.896087795818158,503.5847544303268,1.1278456123176193e-16,1.5379712895240266e-16,8.239500434097415e-9,0.0,0.9997465262184649,0.2442863496007561,0.5285036837949606,0.12515665469333612,0.0006330546014051994,0.003448531093171971,0.05218775640088167,0.007879500349512094,1.523033417143775e-8,3.497876539126155e-9,3.011750819709598e-8,1.907278865506052e-9,0.000708707144446048,0.0933786548682115,0.076356910963261,1.3037077464304435e-5,1.519769200341873e-8,3.487916961930782e-9,3.0075094863959465e-8,1.90564067248421e-9,1.5312464898360488e-8,3.5316043211471464e-9,3.021469131967925e-8,1.9172587964715756e-9,1.519082148475392e-8,3.485380660030329e-9,3.0066993786402244e-8,1.9049667344262604e-9,0.13328023508695144,1.0451310846962942e-5,2.482975647979714e-5,2.2168394208543873e-6,1.0352172479223848e-8,-4.866256724174367e-9,5.6871195488542655e-9,-8.239500434097415e-9,0.8649753356302486,7.299560636089297e-6,1.6925350495149324e-5,1.2561999235080563e-6,1.0329708397975474e-8,-4.8340000044514655e-9,5.811362925425578e-9,-8.220926660509998e-9,1.040866705520041e-8,-4.8490425280904866e-9,5.73723427403983e-9,-8.232745316720927e-9,1.032497937845249e-8,-4.812836186736945e-9,5.894275515215314e-9,-8.209333368714816e-9,7.033940015613324e-5,0.005251172346420955,0.16236190880274298,0.11706686233560823,1.6922593523819715e-9,5.326312002760281e-9,9.369891439096525e-8,2.833671457323277e-8,7.87452382717831e-5,0.14219022445841295,0.23755483410792305,0.00019369372232680874,1.6886324448243027e-9,5.311146282940055e-9,9.356696179898499e-8,2.8312375705479686e-8,1.7013849887067201e-9,5.3776702162922455e-9,9.400126188344654e-8,2.8484987833291978e-8,1.6878690538615459e-9,5.307284186864364e-9,9.354175844658475e-8,2.8302362911475866e-8,0.7936583112212595,1.2819247354019811e-12,0.1443300616503893,1.3193673638881748e-10,4.2437101324542923e-10,2.0408905453139122e-10
full_TAC,12,14,,73.62879584436722,18.189129378611874,3,3,LOCALLY_SOLVED,Solve_Succeeded,0.147360417,0.8481428630693391,1.0551390207107356e7,59.15592113819352,10.374021578469542,503.58012475735757,2.2556912246352386e-16,3.616719781454438e-21,8.256938959985306e-9,0.0,0.9999924448187686,0.4007042698337523,6.435273855507518e-5,3.112705408499179e-5,8.161999937803644e-6,0.079350876041409,1.3878557244401882e-5,1.7947629171267346e-6,1.520702993719158e-8,3.545387142535225e-9,3.0165385121510416e-8,1.937014502225463e-9,2.393921377803619e-5,0.07948665056192847,1.4299864464102022e-6,1.5817477329492927e-7,1.5067094436092678e-8,3.5722787207194367e-9,2.9892465190333875e-8,1.98031923977981e-9,1.5139118925281247e-8,3.600731153059002e-9,2.998148725131068e-8,1.9882790840287953e-9,1.49894135945884e-8,3.541569132892359e-9,2.9796644017730263e-8,1.9717660797508127e-9,7.114359848815569e-6,2.9254951746937405e-7,6.216047134031754e-7,4.8357264452760014e-8,1.0377658065426366e-8,-4.90014331340292e-9,5.484375200470687e-9,-8.256622284460199e-9,0.9999495541132033,2.0059952119691292e-7,2.817677417196339e-7,1.874606718918345e-8,1.0280900341260647e-8,-4.895750991228751e-9,5.3615590286497714e-9,-8.239830617214722e-9,1.0330715302327734e-8,-4.923363580720978e-9,5.248916057038833e-9,-8.256938959985306e-9,1.0227139881828802e-8,-4.8648171420604455e-9,5.4881520506621115e-9,-8.220525552322445e-9,9.068888819781824e-7,0.12082974306305462,4.31777336492503e-5,2.666504905445434e-5,1.689669993021286e-9,5.398657694315001e-9,9.384786482247684e-8,2.8778501175921165e-8,2.65991264200402e-6,0.12103649062839107,4.448846722165073e-6,2.350025203238949e-6,1.6741216040102968e-9,5.439606233822779e-9,9.299878059214983e-8,2.9421885848157172e-8,1.6821243250312491e-9,5.482931528521661e-9,9.327573811518877e-8,2.9540146391284956e-8,1.6654903993987106e-9,5.392843906904273e-9,9.270067027738303e-8,2.9294810327726356e-8,0.7936510014236067,3.729955821471596e-14,0.1443009023680175,3.874019782895823e-12,1.2368591909327972e-11,5.915419263193259e-12
full_TAC,12,15,,73.62879584436722,16.974182557675732,3,3,LOCALLY_SOLVED,Solve_Succeeded,0.139060416,0.8481348201161142,1.0551376276869431e7,59.15547502891151,10.373380658007441,503.5799913995371,1.5922526291542861e-16,1.5922526291542861e-16,9.000311477382584e-9,0.0,0.9999997941871696,0.4007202587981001,2.814179881307745e-6,1.520387814609569e-6,2.7581239516415216e-7,0.07936456952430677,5.171261738377199e-7,6.808505380973963e-8,1.3418238922775778e-8,4.8330910462004975e-9,3.0402113661411675e-8,3.0790469310886973e-9,6.276420863085481e-7,0.07947948910577879,6.311967458687102e-8,1.2960188434744303e-8,1.0030807870307747e-8,5.172523070444083e-9,2.446291781109971e-8,5.065717834771576e-9,1.0099233455761163e-8,5.2596225515443e-9,2.461962876794503e-8,5.125021189591564e-9,9.813557817466758e-9,4.9068389620599795e-9,2.3989297582858812e-8,4.882398725791271e-9,3.6447074013943477e-7,-1.2128574952740505e-9,8.935333244295921e-9,-8.252918757279913e-9,1.0487928674462646e-8,-5.9829115035849235e-9,5.007283474507686e-10,-8.746286077309856e-9,0.9999983441008157,-3.883390379267576e-9,1.7677729297332928e-10,-8.871916589223474e-9,7.743705342356965e-9,-6.682378569868239e-9,-2.2615625701905666e-9,-8.948171149738271e-9,7.799541293148234e-9,-6.7932551305376655e-9,-2.5154545948404202e-9,-9.000311477382584e-9,7.56630573245787e-9,-6.352558999416768e-9,-1.5040327644478452e-9,-8.78035116173965e-9,3.0645821684905787e-8,0.12085059450292168,1.6088369852729064e-6,1.01154937088756e-6,1.4909154358639747e-9,7.359479547623485e-9,9.458435361328076e-8,4.5745840119032064e-8,6.973800958983864e-8,0.1210255856837995,1.9637232093693208e-7,1.9255137103048674e-7,1.1145342078119714e-9,7.876341948176215e-9,7.610685541231021e-8,7.526209354517768e-8,1.1221370506401287e-9,8.008970703487911e-9,7.659440061138452e-8,7.614317195964608e-8,1.0903953130518616e-9,7.471777510409513e-9,7.463337025778296e-8,7.253849535461314e-8,0.7936507899757256,1.38285857623918e-15,0.1443004493542074,1.838249916842107e-13,5.644657932174475e-13,2.6249423918053207e-13
full_TAC,12,16,,73.62879584436722,15.759235736739589,3,2,ALMOST_LOCALLY_SOLVED,Solved_To_Acceptable_Level,0.061418833,0.8508726476985481,1.0556092098550139e7,59.20733758203754,10.983512524768956,503.5847665380782,1.5922526291542861e-16,1.5922526291542861e-16,8.239497226701034e-9,0.0,0.9997328868794928,0.3291783410593461,0.32710310205495957,0.01939033480738903,0.0006297603927396374,0.020463973172709267,0.0794438106250231,0.0012093850538546884,1.5230472972142837e-8,3.497871051101925e-9,3.0117123068287214e-8,1.9072999415491926e-9,0.0007277719139211436,0.11001404280230319,0.00011242937304833933,1.3205930858745751e-5,1.5197824283521408e-8,3.4879091503599976e-9,3.007470322288634e-8,1.905661093993853e-9,1.5312597360684447e-8,3.5315960779093965e-9,3.021429543338386e-8,1.9172792972968966e-9,1.5190956629488115e-8,3.48537396619044e-9,3.0066605880967354e-8,1.90498744163088e-9,0.10677703859086686,1.0561554322131232e-5,2.4739376895589436e-5,2.1896544987699376e-6,1.0352256095448301e-8,-4.866252999650679e-9,5.687102731811317e-9,-8.239497226701034e-9,0.8914473699410953,7.314150509858653e-6,1.3302057051960696e-5,1.2570820258720784e-6,1.0329787578535327e-8,-4.833994010564302e-9,5.811355314805507e-9,-8.220921993791392e-9,1.040874618132141e-8,-4.849036176816002e-9,5.737228381176318e-9,-8.232740471530903e-9,1.0325060541573402e-8,-4.812831313510316e-9,5.89426287063185e-9,-8.209329369987302e-9,6.997337697107079e-5,0.031161050058443652,0.24715852194451632,0.01796800651441251,1.692274774682537e-9,5.326303645996112e-9,9.36977162124491e-8,2.8337027703016574e-8,8.086354599123813e-5,0.16752138335805258,0.00034978027170594464,0.00019620240132993684,1.6886471426134892e-9,5.311134388048178e-9,9.356574336009083e-8,2.8312679110765807e-8,1.7013997067427157e-9,5.377657664089308e-9,9.400003023719422e-8,2.8485292416982462e-8,1.6878840699431232e-9,5.307273993971806e-9,9.354055162967621e-8,2.830267056137307e-8,0.7936583126570761,1.2819237553442722e-12,0.144328646630536,1.319365406475086e-10,4.2437042165298207e-10,2.0408878180163795e-10
full_TAC,12,17,,73.62879584436722,14.544288915803445,3,2,LOCALLY_SOLVED,Solve_Succeeded,0.126881417,0.8481428631374869,1.0551390207226187e7,59.155921136352575,10.374021574288644,503.58012475718135,2.2556912246352386e-16,5.126570965080088e-17,8.256939008535676e-9,0.0,0.9999924448805351,0.4007042689056407,6.435840001465116e-5,3.112652682926779e-5,8.161993591557897e-6,0.07935087569576332,1.3879926137157306e-5,1.7947300973657346e-6,1.5207028986857696e-8,3.5453868834027076e-9,3.016538918207411e-8,1.937014339950243e-9,2.3939119354190054e-5,0.07948665053975419,1.4299943707528272e-6,1.581743480366063e-7,1.506709350140658e-8,3.572278526267685e-9,2.989246907596585e-8,1.980319119406027e-9,1.5139117997565467e-8,3.6007309627277397e-9,2.9981491172479125e-8,1.988278964456923e-9,1.4989412617211182e-8,3.5415689200929234e-9,2.9796647821893144e-8,1.971765954659462e-9,7.11437046232946e-6,2.925494660450988e-7,6.216058254923241e-7,4.835721661674226e-8,1.0377657574042729e-8,-4.900143414309702e-9,5.484375273340474e-9,-8.256622320933418e-9,0.999949554276329,2.0059937316520333e-7,2.8176777711118684e-7,1.874603884712474e-8,1.0280899858376406e-8,-4.895751121565234e-9,5.361558852345669e-9,-8.2398306623469e-9,1.0330714825453906e-8,-4.923363716985551e-9,5.248915854304679e-9,-8.256939008535676e-9,1.0227139368105655e-8,-4.8648172535561335e-9,5.488151954981044e-9,-8.220525585727059e-9,9.068881768397659e-7,0.1208297425367305,4.31819924267116e-5,2.6664561446576626e-5,1.6896698874286323e-9,5.39865729972685e-9,9.384787745534167e-8,2.8778498764975037e-8,2.6599021504655603e-6,0.12103649059462568,4.448871375675461e-6,2.3500188851152936e-6,1.6741215001562861e-9,5.439605937725792e-9,9.299879268078265e-8,2.9421884059746683e-8,1.6821242219517177e-9,5.482931238699058e-9,9.32757503143795e-8,2.9540144614788568e-8,1.665490290801242e-9,5.392843582868769e-9,9.270068211255644e-8,2.929480846922629e-8,0.7936510014233891,3.729952894938383e-14,0.1443009023673933,3.874016730798571e-12,1.2368582184176144e-11,5.915414599871139e-12
full_TAC,12,18,,73.62879584436722,13.329342094867304,3,2,LOCALLY_SOLVED,Solve_Succeeded,0.094818084,0.8481348201159353,1.0551376276869122e7,59.15547502890131,10.373380657985402,503.57999139953364,3.1845052583085723e-16,3.1845052583085723e-16,9.000311901883138e-9,0.0,0.9999997941873797,0.400720258798581,2.8141786401715616e-6,1.5203867038823864e-6,2.7581218952408986e-7,0.07936456952469448,5.171259133421631e-7,6.808498047732236e-8,1.3418237444435394e-8,4.833092147817348e-9,3.04021134193564e-8,3.079047545689608e-9,6.276414601468826e-7,0.0794794891055838,6.311965122884947e-8,1.2960186360965269e-8,1.0030804705729603e-8,5.172524042521351e-9,2.4462914493422415e-8,5.0657195044816625e-9,1.0099230253603978e-8,5.259623541281311e-9,2.4619625432764205e-8,5.125022865725184e-9,9.813554741534063e-9,4.906839848752821e-9,2.3989294267233804e-8,4.882400347884121e-9,3.64470622195988e-7,-1.2128643046049602e-9,8.935319217704044e-9,-8.252919997905938e-9,1.0487928833591813e-8,-5.982912187150551e-9,5.007256761456128e-10,-8.74628636889727e-9,0.9999983441020843,-3.883395165204004e-9,1.7677073643843055e-10,-8.87191731911764e-9,7.743703771183007e-9,-6.682379574924692e-9,-2.2615655819050352e-9,-8.948171576722823e-9,7.799539698532442e-9,-6.793256155386311e-9,-2.51545760441923e-9,-9.000311901883138e-9,7.566304210877674e-9,-6.3525599018619275e-9,-1.5040356946469366e-9,-8.780351571596707e-9,3.0645798836009975e-8,0.12085059450351203,1.608836174842285e-6,1.0115482813773607e-6,1.4909152716039322e-9,7.359481225085507e-9,9.458435286021991e-8,4.5745849250245594e-8,6.973794001632025e-8,0.12102558568350259,1.9637224826753163e-7,1.9255134022005538e-7,1.1145338561921778e-9,7.876343428384785e-9,7.610684509064751e-8,7.526211835229898e-8,1.122136694844886e-9,8.00897221058745e-9,7.659439023526641e-8,7.614319686220272e-8,1.0903949712815623e-9,7.471778860600886e-9,7.463335994250516e-8,7.253851945427836e-8,0.7936507899757206,1.3828577396676917e-15,0.14430044935419353,1.8382490318129018e-13,5.644655117923896e-13,2.6249410335359757e-13
full_TAC,12,19,,73.62879584436722,12.11439527393116,3,2,LOCALLY_SOLVED,Solve_Succeeded,0.083266958,0.8481428630625967,1.0551390207098342e7,59.15592113233607,10.374021542237102,503.58012475720125,1.5922526291542861e-16,1.5922526291542861e-16,8.256938960766538e-9,0.0,0.9999924449542614,0.40070426970608536,6.435811997959249e-5,3.112463201653348e-5,8.16198125591293e-6,0.07935087603974714,1.3879856922820299e-5,1.794611300468414e-6,1.5207029173559613e-8,3.5453870386234767e-9,3.0165389292212994e-8,1.9370140038011957e-9,2.3938967634262915e-5,0.07948665051275985,1.4299952049262524e-6,1.5817365237894304e-7,1.506709383545443e-8,3.5722786597839464e-9,2.989246946376312e-8,1.9803187329763373e-9,1.5139118341105408e-8,3.600731099531276e-9,2.9981491570022287e-8,1.98827857644866e-9,1.4989412947879186e-8,3.5415690527699507e-9,2.979664820740654e-8,1.971765570644662e-9,7.114383502090319e-6,2.9254997480290414e-7,6.216065947848816e-7,4.835721902133833e-8,1.037765796167233e-8,-4.900143221389614e-9,5.484375912081006e-9,-8.256622259880315e-9,0.9999495545192966,2.0059962884701244e-7,2.81768083032165e-7,1.874605771828548e-8,1.0280900345645923e-8,-4.895750929372081e-9,5.361559611754874e-9,-8.239830614126202e-9,1.0330715320408768e-8,-4.9233635255067856e-9,5.248916606692306e-9,-8.256938960766538e-9,1.0227139851828126e-8,-4.864817061909584e-9,5.488152716211656e-9,-8.220525537976058e-9,9.068868062125475e-7,0.12082974306052403,4.3181777093218704e-5,2.6662796464102146e-5,1.6896699081732897e-9,5.398657536085748e-9,9.384787779799596e-8,2.877849377076062e-8,2.659885292695879e-6,0.12103649055352068,4.448873970881674e-6,2.3500085496300103e-6,1.6741215372727138e-9,5.439606141034645e-9,9.299879388726303e-8,2.9421878318505582e-8,1.6821242601228222e-9,5.482931447013534e-9,9.327575155118044e-8,2.9540138850094372e-8,1.6654903275421313e-9,5.392843784899698e-9,9.270068331193144e-8,2.9294802763863545e-8,0.7936510014234885,3.729956439847064e-14,0.14430090236645288,3.874020216957199e-12,1.2368593494460952e-11,5.915419962620299e-12
full_TAC,12,20,,73.62879584436722,10.899448452995019,3,1,ALMOST_LOCALLY_SOLVED,Solved_To_Acceptable_Level,0.054131042,0.8487403741613543,1.0552421071474448e7,59.180721757153506,10.480056349082336,503.58474229994647,1.5922526291542861e-16,1.5922526291542861e-16,8.2395028686051e-9,0.0,0.9997460145363105,0.3865150052091818,0.06909961396087087,0.002568230993460637,0.0004017391796235905,0.07340097379529545,0.016678966780475132,0.00014796084741957425,1.5230311721629486e-8,3.4978675141144153e-9,3.011740053400848e-8,1.9073073801991053e-9,0.0007932762734953515,0.07980513492794782,0.00011978654946857084,1.3780445016726305e-5,1.519767591056917e-8,3.4879103529958136e-9,3.007499520326462e-8,1.905669790502018e-9,1.5312449373373257e-8,3.531597928252255e-9,3.021459173797216e-8,1.9172882396550013e-9,1.5190802579074984e-8,3.4853729829326754e-9,3.006689074982541e-8,1.904995553175176e-9,0.0005051553145677602,1.0477224480747506e-5,2.4173738901428637e-5,2.1284955155710027e-6,1.0352160701462032e-8,-4.86626420703224e-9,5.687086031658244e-9,-8.2395028686051e-9,0.9979129551569639,7.283197210995747e-6,1.3380343092515384e-5,1.2595469793001432e-6,1.0329700983300027e-8,-4.8340098269025236e-9,5.8113193306213825e-9,-8.220930560060561e-9,1.0408660070132703e-8,-4.8490527036015125e-9,5.737189408644968e-9,-8.232749405780998e-9,1.03249700252912e-8,-4.812844907286488e-9,5.894236449001357e-9,-8.209336587239527e-9,4.4637686624843374e-5,0.11176966464283625,0.051890118872589285,0.0021982754473765316,1.6922568579588313e-9,5.326298260128768e-9,9.369857943913749e-8,2.833713822010099e-8,8.814180816615011e-5,0.12152145545846597,0.0003726692650133315,0.00020473804024850507,1.6886306567299071e-9,5.311136219334533e-9,9.35666517434899e-8,2.8312808316029983e-8,1.701383263708139e-9,5.377660481656842e-9,9.400095207369117e-8,2.84854252748743e-8,1.6878669532305534e-9,5.3072724967383904e-9,9.354143788834572e-8,2.8302791075745473e-8,0.793658323614852,1.28192596317771e-12,0.14432021214049376,1.3193692658967318e-10,4.2437159621387605e-10,2.0408933702118618e-10
full_TAC,12,21,,73.62879584436722,9.684501632058875,3,2,LOCALLY_SOLVED,Solve_Succeeded,0.012642459,0.9930452271000152,1.0803714012650175e7,43.26012554832701,9.684501751856734,503.5799939523205,1.5922526291542861e-16,1.5922526291542861e-16,7.9318013196212e-9,4.930168822198206e-9,0.9999999809043768,0.355567183010608,1.0385091971719465e-6,2.526639257699143e-9,3.551926446787e-8,2.9186098684374678e-8,4.0767232784318785e-8,4.42296317763603e-10,9.463563837010525e-9,4.1246155742273025e-9,1.9608717198398128e-8,1.6576652195812484e-10,9.626768460669568e-8,0.09171796742759458,6.784922900923876e-8,6.656193312279823e-10,1.1295845078133122e-8,5.492963884207869e-9,2.1394495102568346e-8,2.0568370169810191e-10,1.1723618234618475e-8,5.811889378586349e-9,2.1813635111034087e-8,2.130273592968325e-10,1.0198305497135232e-8,4.689182020825282e-9,2.0306934932821943e-8,1.8611622270181198e-10,7.117081462647008e-8,0.07936494364555186,1.4123638484217976e-7,6.6875203782769155e-9,1.2822682403267094e-8,-1.2829056744563086e-9,1.3058352406424199e-8,-7.337656685746629e-9,0.9999996575288873,0.04482270474933565,6.584909885298018e-8,-3.335905869765498e-9,1.5501315216936783e-8,-2.2110250477622457e-9,9.655116383884752e-9,-7.821592461236323e-9,1.614551350407465e-8,-2.4508056477002493e-9,8.91037230326385e-9,-7.9318013196212e-9,1.3881517378472123e-8,-1.6506839358205931e-9,1.1534424258762357e-8,-7.521717565030505e-9,3.946584940874442e-9,4.44424684512069e-8,1.268313908845473e-7,6.5712595782021015e-9,1.0515070930011691e-9,6.280664624391574e-9,6.100489795057196e-8,2.462816897663569e-9,1.069640940074396e-8,0.13966145040110992,2.1108649025096503e-7,9.889201492530023e-9,1.2550938975703464e-9,8.364285914589252e-9,6.656065143021263e-8,3.055872139514656e-9,1.3026242482909412e-9,8.849922462847394e-9,6.786464256766161e-8,3.1649779095529394e-9,1.1331450552372473e-9,7.140345349893043e-9,6.317713090211271e-8,2.7651553087126352e-9,0.7936508008129631,1.8607628460869495e-14,0.1669953293073041,-1.956703467875981e-12,-2.5692415036279085e-12,-2.2601617505235182e-12
full_TAC,13,1,,69.29506890966476,33.98343805078173,3,2,ALMOST_LOCALLY_SOLVED,Solved_To_Acceptable_Level,0.069303666,0.8525377356481497,1.055863814642823e7,59.192574196491876,15.867568052815578,503.58471973457546,3.1845052583085723e-16,3.1845052583085723e-16,8.239503427435392e-9,0.0,0.9997653961486666,0.1650967598416838,0.5330810752061192,0.3060199595218729,0.00038225698712713376,0.06539995382841152,0.036268114653032216,0.0008161620778997587,1.523018266902652e-8,3.4978841733594936e-9,3.011750691722192e-8,1.9073084846364106e-9,0.0007863196654077104,3.7581463258710335e-5,0.0933900746496375,0.018482155235086957,1.5197558758680075e-8,3.4879313686476197e-9,3.0075115458444595e-8,1.9056720706758657e-9,1.5312333181924438e-8,3.5316198634544796e-9,3.021471534227562e-8,1.9172907404078895e-9,1.519067958828535e-8,3.4853917478013596e-9,3.006700379274739e-8,1.9049972367741305e-9,0.0004569833497117061,1.0458418332761234e-5,2.4295274307279934e-5,2.153560159483886e-6,1.0352090611924652e-8,-4.866261763143967e-9,5.68709281805733e-9,-8.239503427435392e-9,0.998009885180068,5.230519860513159e-6,1.703882984496337e-5,1.543256194847135e-6,1.0329639019323548e-8,-4.834011697212647e-9,5.811307832603266e-9,-8.220933838118867e-9,1.0408598989285331e-8,-4.849055339692647e-9,5.7371747508671796e-9,-8.232753117996056e-9,1.032490402889855e-8,-4.812844533442032e-9,5.894234431612401e-9,-8.209338492227394e-9,4.2472998569681515e-5,0.09958629332962661,0.11283413447610022,0.012125836585939272,1.692242518780724e-9,5.326323627615592e-9,9.369891040913488e-8,2.8337154628883814e-8,8.73688517119678e-5,5.7226319053036185e-5,0.2905468989099833,0.27459202063557764,1.6886176398533408e-9,5.311168220440694e-9,9.356702587071651e-8,2.831284219289857e-8,1.7013703535471593e-9,5.377693882987502e-9,9.400133662041304e-8,2.848546242891721e-8,1.6878532875872602e-9,5.307301070515706e-9,9.354178957743632e-8,2.830281608921565e-8,0.7936583267313386,1.2819262170233893e-12,0.14432410907134152,1.3193713045468376e-10,4.2437224053170064e-10,2.0408954191027318e-10
full_TAC,13,2,,69.29506890966476,32.76849122984559,3,3,LOCALLY_SOLVED,Solve_Succeeded,0.147075875,0.8488068824497149,1.0552000476694245e7,59.15638643536717,17.98059472189672,503.580037081432,1.5922526291542861e-16,1.5922526291542861e-16,8.294697448412776e-9,0.0,0.999997398493318,0.2002073713440411,1.9566255507414063e-5,0.4635365886976111,2.5948586430123675e-6,0.07936130103551967,4.133620072821165e-6,3.473304066216901e-7,1.5160166280398714e-8,3.6350733420018155e-9,3.0285352805595774e-8,1.9835812996868434e-9,8.660549890716785e-6,1.2312192298834628e-7,4.287553477739829e-7,0.029231682476563218,1.4880535583794956e-8,3.747093316624469e-9,2.9680777948156632e-8,2.1199046030041698e-9,1.4965950360415524e-8,3.78333522071454e-9,2.9790072670314495e-8,2.130941185074508e-9,1.474493886217331e-8,3.6895598692785395e-9,2.9508054297442385e-8,2.1025246040435816e-9,2.1217425073755122e-6,9.940816675486759e-8,2.1279838730900302e-7,1.0548195988297228e-8,1.0421744920548495e-8,-4.95992952903898e-9,5.134009310331801e-9,-8.287067003023183e-9,0.9999826632837581,2.5269647852526552e-8,8.758659016764047e-8,6.386673255829938e-9,1.0226757643520114e-8,-4.99826476867172e-9,4.637517389918656e-9,-8.27248318997294e-9,1.028636419034043e-8,-5.0346846635248626e-9,4.498533706604364e-9,-8.294697448412776e-9,1.0132047015111734e-8,-4.940621592481204e-9,4.8595697843144225e-9,-8.23662334457211e-9,2.8831762700137404e-7,0.12084561748590494,1.2860151337665844e-5,5.160337469807967e-6,1.6844629200443009e-9,5.535225316230037e-9,9.422109761740907e-8,2.947035073820453e-8,9.622833211907536e-7,1.874811100049818e-7,1.3339055264079467e-6,0.43429928250893923,1.6533928426438833e-9,5.705801186678167e-9,9.234019806093175e-8,3.1495725530347665e-8,1.662883373379502e-9,5.7609877224516866e-9,9.268022608542287e-8,3.165969760682126e-8,1.6383265402414782e-9,5.618193437310503e-9,9.180283559204297e-8,3.123750840293321e-8,0.7936508626882041,1.3715937275266364e-14,0.14430084016662667,1.4461025251078137e-12,4.6058616438129e-12,2.197054244942715e-12
full_TAC,13,3,,69.29506890966476,31.553544408909442,3,2,LOCALLY_SOLVED,Solve_Succeeded,0.166168958,0.8488042778340384,1.0551995977095183e7,59.15623820339898,17.98022689426164,503.57998780339665,1.5922526291542861e-16,1.5922526291542861e-16,9.870381387936233e-9,0.0,0.9999999904103977,0.20021618034410285,1.0782312192349853e-6,0.463517358486941,1.8697669829768053e-8,0.07936494627210382,1.7990916652419464e-7,2.6842763948843305e-8,1.1045353445492296e-9,7.711393651035909e-9,2.115668930856473e-8,7.899117713457772e-9,3.207617862210262e-8,1.4867819084026886e-8,2.9963587588297635e-8,0.029230765909113793,-2.7519155136393505e-10,8.53135728572219e-9,1.4483779258606064e-8,9.169379178775001e-9,-2.7074344296643967e-10,8.575493425897697e-9,1.4548128811484837e-8,9.18251654683652e-9,-2.973083559064888e-10,8.355054737338298e-9,1.4253264686745981e-8,9.123329665243587e-9,1.2445965558747189e-7,-9.134581991532805e-9,-7.999420840407245e-9,-9.818145679452384e-9,5.5228864957305696e-9,-8.890690179170325e-9,-7.531494048357492e-9,-9.742821347857445e-9,0.9999997949771122,-9.42753491786944e-9,-8.671302531017801e-9,-9.870381387936233e-9,2.925526158532817e-9,-9.32821565694366e-9,-8.517164005861128e-9,-9.847353662388542e-9,2.933477717782521e-9,-9.373826311132922e-9,-8.609144215600597e-9,-9.858001605703311e-9,2.886027876502297e-9,-9.154858109084838e-9,-8.178121632889761e-9,-9.806428674428245e-9,2.0775188699742277e-9,0.12085116818706716,5.59717406964161e-7,3.9880677866852903e-7,1.227261493943588e-10,1.1742349423168314e-8,6.582081118220137e-8,1.1735832031422974e-7,3.56401984690029e-9,2.2639633605222757e-8,9.322005027470375e-8,0.4342856649354049,-3.057683904043721e-11,1.2990930412349697e-8,4.506064658232997e-8,1.3623077637037146e-7,-3.008260477404884e-11,1.3058137716707855e-8,4.526084519128616e-8,1.364259601244283e-7,-3.303426176738764e-11,1.2722469713674226e-8,4.4343490136543054e-8,1.3554661216933328e-7,0.7936507842759792,4.505904266340448e-16,0.14430067039049932,8.837566861448488e-14,2.5735321020022524e-13,1.1554597377741506e-13
full_TAC,13,4,,69.29506890966476,30.3385975879733,3,3,LOCALLY_SOLVED,Solve_Succeeded,0.163053625,0.8488042778340384,1.0551995977095183e7,59.15623820339897,17.98022689426154,503.57998780339665,1.5922526291542861e-16,1.5922526291542861e-16,9.870381387936943e-9,0.0,0.9999999904103978,0.20021618034410532,1.078231218953033e-6,0.4635173584869351,1.8697669736739073e-8,0.07936494627210476,1.7990916638990456e-7,2.6842763774088857e-8,1.1045353355452096e-9,7.71139366499762e-9,2.115668932821279e-8,7.899117707705718e-9,3.207617861302911e-8,1.4867819093829499e-8,2.996358761211194e-8,0.029230765909113606,-2.7519155669204086e-10,8.531357290453967e-9,1.4483779266111524e-8,9.16937917703247e-9,-2.707434482989546e-10,8.575493430627352e-9,1.45481288190099e-8,9.182516545096843e-9,-2.9730836121535317e-10,8.355054742069046e-9,1.4253264694166534e-8,9.123329663485056e-9,1.2445965415769732e-7,-9.134581991702533e-9,-7.999420840765545e-9,-9.818145679444255e-9,5.522886487935206e-9,-8.89069017917168e-9,-7.531494048247973e-9,-9.742821347790137e-9,0.9999997949771139,-9.427534917978488e-9,-8.671302531202223e-9,-9.870381387936943e-9,2.925526155985214e-9,-9.32821565705574e-9,-8.517164006011913e-9,-9.84735366238089e-9,2.933477715232548e-9,-9.37382631124242e-9,-8.609144215758064e-9,-9.858001605699486e-9,2.8860278739618267e-9,-9.154858109199556e-9,-8.178121632996626e-9,-9.806428674401226e-9,2.077518859637674e-9,0.12085116818706859,5.597174065463698e-7,3.988067760721772e-7,1.2272614839391212e-10,1.1742349444428192e-8,6.582081124332867e-8,1.1735832022877066e-7,3.564019845892122e-9,2.263963362014946e-8,9.32200503487927e-8,0.4342856649354021,-3.0576839632448974e-11,1.2990930419554905e-8,4.5060646605680294e-8,1.362307763444824e-7,-3.00826053665505e-11,1.3058137723909829e-8,4.526084521469746e-8,1.3642596009858166e-7,-3.303426235726145e-11,1.2722469720877864e-8,4.4343490159629215e-8,1.3554661214320652e-7,0.7936507842759792,4.505904001103845e-16,0.14430067039049932,8.837566863166015e-14,2.573532101840688e-13,1.155459737575431e-13
full_TAC,13,5,,69.29506890966476,29.12365076703716,3,3,LOCALLY_SOLVED,Solve_Succeeded,0.158690333,0.8488042778340373,1.0551995977095181e7,59.156238203398956,17.980226894261428,503.5799878033964,1.1278456123176193e-16,5.925633689934952e-17,9.870381387937775e-9,0.0,0.9999999904103979,0.20021618034410715,1.0782312226594087e-6,0.46351735848692843,1.869766963263222e-8,0.07936494627210544,1.7990916717139743e-7,2.6842763587509498e-8,1.1045353251711246e-9,7.711393677689865e-9,2.1156689366221033e-8,7.899117700808673e-9,3.2076178667777045e-8,1.4867819104078376e-8,2.9963587649393645e-8,0.029230765909113384,-2.751915623696201e-10,8.531357294756079e-9,1.448377928121191e-8,9.16937917476948e-9,-2.7074345396325263e-10,8.575493434925512e-9,1.4548128834147081e-8,9.182516542836347e-9,-2.9730836692948443e-10,8.355054746375435e-9,1.4253264709119824e-8,9.1233296612066e-9,1.2445965278407728e-7,-9.134581991861636e-9,-7.999420841502875e-9,-9.81814567943256e-9,5.522886476602617e-9,-8.890690179170713e-9,-7.531494048246173e-9,-9.742821347726185e-9,0.9999997949771154,-9.427534918090919e-9,-8.671302531495498e-9,-9.870381387937775e-9,2.9255261518930553e-9,-9.328215657170527e-9,-8.517164006253387e-9,-9.847353662370365e-9,2.9334777111120583e-9,-9.373826311355525e-9,-8.60914421599845e-9,-9.858001605693466e-9,2.88602786996322e-9,-9.154858109312108e-9,-8.178121633224255e-9,-9.806428674368056e-9,2.077518848070246e-9,0.12085116818706965,5.597174089776809e-7,3.9880677330014105e-7,1.2272614724123604e-10,1.1742349463755023e-8,6.582081136157655e-8,1.1735832012630027e-7,3.564019851975226e-9,2.2639633635755704e-8,9.322005046478022e-8,0.4342856649353988,-3.057684026329111e-11,1.2990930426105846e-8,4.506064665265927e-8,1.362307763108608e-7,-3.0082605995916946e-11,1.3058137730454756e-8,4.5260845261790916e-8,1.3642596006499712e-7,-3.3034262992164926e-11,1.2722469727435322e-8,4.4343490206150554e-8,1.3554661210935517e-7,0.7936507842759792,4.505904112073627e-16,0.14430067039049926,8.837566863071619e-14,2.573532101853624e-13,1.1554597373360657e-13
full_TAC,13,6,,69.29506890966476,27.908703946101014,3,3,LOCALLY_SOLVED,Solve_Succeeded,0.172638708,0.8488042778340373,1.0551995977095181e7,59.15623820339896,17.9802268942613,503.57998780339653,1.5922526291542861e-16,1.5922526291542861e-16,9.87038138793885e-9,0.0,0.999999990410398,0.20021618034411093,1.0782312222346509e-6,0.4635173584869203,1.869766949082559e-8,0.07936494627210688,1.7990916696824574e-7,2.6842763322557348e-8,1.1045353113997616e-9,7.711393698878014e-9,2.1156689396112925e-8,7.899117692103188e-9,3.2076178651160164e-8,1.4867819118940594e-8,2.996358768550574e-8,0.029230765909113148,-2.751915705109088e-10,8.531357301944715e-9,1.4483779292625327e-8,9.169379172133333e-9,-2.707434621112433e-10,8.575493442110909e-9,1.4548128845590358e-8,9.182516540204535e-9,-2.9730837504148024e-10,8.355054753562436e-9,1.4253264720404129e-8,9.123329658546207e-9,1.2445965060177823e-7,-9.13458199211896e-9,-7.999420842046287e-9,-9.818145679420232e-9,5.5228864645706585e-9,-8.890690179172893e-9,-7.53149404808051e-9,-9.742821347624174e-9,0.9999997949771179,-9.427534918256254e-9,-8.671302531775156e-9,-9.87038138793885e-9,2.9255261479480647e-9,-9.328215657340412e-9,-8.517164006481715e-9,-9.847353662358763e-9,2.933477707163478e-9,-9.373826311521499e-9,-8.609144216236946e-9,-9.858001605687666e-9,2.886027866029273e-9,-9.154858109485956e-9,-8.178121633385841e-9,-9.806428674327088e-9,2.077518832313954e-9,0.12085116818707183,5.597174083456535e-7,3.9880676936370905e-7,1.227261457110846e-10,1.1742349496018792e-8,6.582081145457354e-8,1.1735831999696163e-7,3.5640198501289056e-9,2.2639633658386817e-8,9.322005057712898e-8,0.43428566493539533,-3.0576841167878746e-11,1.2990930437052179e-8,4.506064668816768e-8,1.3623077627169522e-7,-3.0082606901249247e-11,1.3058137741396157e-8,4.526084529739222e-8,1.364259600258959e-7,-3.3034263893497795e-11,1.2722469738379166e-8,4.4343490241257284e-8,1.3554661206982933e-7,0.7936507842759792,4.505903979947982e-16,0.1443006703904993,8.837566859772969e-14,2.573532101377364e-13,1.1554597372043075e-13
full_TAC,13,7,,69.29506890966476,26.693757125164872,3,3,LOCALLY_SOLVED,Solve_Succeeded,0.176136917,0.8488042778340373,1.0551995977095181e7,59.156238203398956,17.980226894261108,503.57998780339653,1.3273419465454294e-16,2.3702534759739807e-16,9.870381387940227e-9,0.0,0.9999999904103981,0.2002161803441157,1.0782312216899483e-6,0.4635173584869089,1.869766931107149e-8,0.07936494627210872,1.79909166708448e-7,2.6842762983720286e-8,1.1045352940419472e-9,7.71139372592038e-9,2.1156689434163746e-8,7.899117680936911e-9,3.207617863591601e-8,1.486781913794716e-8,2.996358773168832e-8,0.029230765909112787,-2.7519158079073453e-10,8.531357311106544e-9,1.448377930715735e-8,9.169379168749569e-9,-2.707434723995634e-10,8.575493451268592e-9,1.4548128860160353e-8,9.182516536826309e-9,-2.973083852840955e-10,8.355054762722292e-9,1.4253264734771896e-8,9.12332965513143e-9,1.2445964784158232e-7,-9.134581992448037e-9,-7.999420842741242e-9,-9.818145679404467e-9,5.522886449638294e-9,-8.890690179175934e-9,-7.531494047869137e-9,-9.742821347493674e-9,0.9999997949771212,-9.427534918467691e-9,-8.671302532132803e-9,-9.870381387940227e-9,2.925526143075016e-9,-9.328215657557772e-9,-8.517164006774406e-9,-9.84735366234393e-9,2.9334777022858915e-9,-9.373826311733843e-9,-8.609144216542556e-9,-9.85800160568025e-9,2.8860278611698735e-9,-9.15485810970845e-9,-8.178121633593545e-9,-9.806428674274702e-9,2.077518812341276e-9,0.12085116818707461,5.597174075373938e-7,3.988067643295585e-7,1.2272614378243852e-10,1.1742349537196941e-8,6.582081157295386e-8,1.1735831983106265e-7,3.5640198484351106e-9,2.263963368732863e-8,9.322005072080812e-8,0.43428566493538995,-3.05768423100816e-11,1.2990930451003146e-8,4.506064673337841e-8,1.3623077622142217e-7,-3.0082608044395915e-11,1.3058137755340811e-8,4.5260845342721095e-8,1.3642595997570513e-7,-3.303426503156615e-11,1.2722469752327125e-8,4.4343490285957006e-8,1.355466120190955e-7,0.7936507842759792,4.505904243603289e-16,0.1443006703904993,8.83756685900907e-14,2.5735321010862226e-13,1.155459736858996e-13
full_TAC,13,8,,69.29506890966476,25.47881030422873,3,3,LOCALLY_SOLVED,Solve_Succeeded,0.193299584,0.8488042778340372,1.0551995977095181e7,59.15623820339894,17.980226894260856,503.5799878033964,1.3273419465454294e-16,1.1851267379869903e-16,9.87038138794205e-9,0.0,0.9999999904103983,0.20021618034412214,1.078231220969129e-6,0.4635173584868936,1.869766907272946e-8,0.07936494627211116,1.7990916636448163e-7,2.6842762535093322e-8,1.1045352710099739e-9,7.711393761738849e-9,2.1156689484583286e-8,7.899117666159083e-9,3.2076178614435535e-8,1.4867819163112246e-8,2.996358779283468e-8,0.029230765909112305,-2.751915944298337e-10,8.531357323243808e-9,1.4483779326411887e-8,9.169379164272054e-9,-2.707434860499017e-10,8.575493463400384e-9,1.4548128879465215e-8,9.182516532356124e-9,-2.973083988738634e-10,8.355054774856956e-9,1.4253264753808746e-8,9.12332965061284e-9,1.2445964418042738e-7,-9.13458199288374e-9,-7.999420843661372e-9,-9.818145679383594e-9,5.522886429757931e-9,-8.890690179179138e-9,-7.531494047588488e-9,-9.742821347320896e-9,0.9999997949771255,-9.42753491874764e-9,-8.67130253260633e-9,-9.87038138794205e-9,2.9255261365860694e-9,-9.328215657845538e-9,-8.517164007161781e-9,-9.847353662324288e-9,2.9334776957908916e-9,-9.373826312014971e-9,-8.609144216947054e-9,-9.85800160567043e-9,2.8860278546991125e-9,-9.154858110002995e-9,-8.17812163386831e-9,-9.80642867420534e-9,2.077518785858828e-9,0.12085116818707833,5.597174064672762e-7,3.988067576642436e-7,1.227261412233304e-10,1.17423495917387e-8,6.582081172981466e-8,1.1735831961150636e-7,3.564019846048391e-9,2.2639633725648188e-8,9.32200509110412e-8,0.43428566493538273,-3.057684382553706e-11,1.2990930469484888e-8,4.506064679328142e-8,1.362307761548991e-7,-3.008260956110017e-11,1.3058137773814219e-8,4.526084540278067e-8,1.3642595990929094e-7,-3.303426654154037e-11,1.2722469770804907e-8,4.434349034518276e-8,1.3554661195196215e-7,0.7936507842759792,4.505904242221902e-16,0.1443006703904993,8.837566857354305e-14,2.5735321009572023e-13,1.155459736431214e-13
full_TAC,13,9,,69.29506890966476,24.26386348329259,3,2,LOCALLY_SOLVED,Solve_Succeeded,0.257093958,0.8488042778340362,1.055199597709518e7,59.15623820339893,17.98022689426051,503.5799878033964,1.5922526291542861e-16,1.5922526291542861e-16,9.870381387944578e-9,0.0,0.9999999904103986,0.20021618034413105,1.0782312199712132e-6,0.463517358486873,1.8697668740238835e-8,0.07936494627211454,1.7990916588747865e-7,2.68427619129729e-8,1.1045352387323433e-9,7.711393811496436e-9,2.1156689554684312e-8,7.899117645705851e-9,3.207617857721508e-8,1.4867819198009228e-8,2.996358787762721e-8,0.029230765909111663,-2.751916135064696e-10,8.531357340113608e-9,1.448377935319195e-8,9.169379158078504e-9,-2.7074350514219906e-10,8.575493480262605e-9,1.4548128906315268e-8,9.182516526172739e-9,-2.9730841788174624e-10,8.355054791722993e-9,1.4253264780285851e-8,9.123329644362336e-9,1.2445963906547398e-7,-9.13458199348794e-9,-7.999420844937324e-9,-9.818145679354648e-9,5.522886401633925e-9,-8.890690179183756e-9,-7.531494047197354e-9,-9.742821347081247e-9,0.9999997949771313,-9.427534919135851e-9,-8.671302533262978e-9,-9.870381387944578e-9,2.925526127374753e-9,-9.328215658244462e-9,-8.517164007698109e-9,-9.847353662297045e-9,2.9334776865711105e-9,-9.373826312404707e-9,-8.609144217507232e-9,-9.85800160565681e-9,2.886027845513599e-9,-9.154858110411245e-9,-8.178121634248031e-9,-9.806428674109146e-9,2.077518748915425e-9,0.12085116818708351,5.597174049832669e-7,3.988067484213116e-7,1.2272613763692696e-10,1.1742349667505934e-8,6.582081194790674e-8,1.1735831930762977e-7,3.564019841912785e-9,2.2639633778786776e-8,9.322005117484018e-8,0.4342856649353732,-3.057684594516327e-11,1.2990930495172992e-8,4.506064687659718e-8,1.3623077606288063e-7,-3.008261168246655e-11,1.3058137799490784e-8,4.526084548631416e-8,1.3642595981742355e-7,-3.3034268653527345e-11,1.2722469796487282e-8,4.434349042755598e-8,1.3554661185909756e-7,0.7936507842759792,4.505903975601811e-16,0.14430067039049926,8.837566854105023e-14,2.573532100313587e-13,1.1554597359287003e-13
full_TAC,13,10,,69.29506890966476,23.048916662356444,3,2,LOCALLY_SOLVED,Solve_Succeeded,0.152628875,0.8481498552481223,1.0551402309105944e7,59.15629984364297,10.374697570762976,503.58023342680565,1.5922526291542861e-16,1.5922526291542861e-16,8.248830501267268e-9,0.0,0.9999865069931637,0.4006845574228527,0.0001303819913805416,6.368352356383367e-5,1.560470632197179e-5,0.079336576329258,2.825564141754304e-5,3.671000932192304e-6,1.521843981540757e-8,3.5241061159266573e-9,3.014219411294891e-8,1.923326733806863e-9,4.264885929257808e-5,0.07949297552000345,2.9251148518496256e-6,3.3058366978343073e-7,1.5111296359916112e-8,3.5282119190833123e-9,2.9953478846399324e-8,1.944222129569582e-9,1.5180349891462184e-8,3.5550084141523564e-9,3.003811624571911e-8,1.9515457718715904e-9,1.505059955405114e-8,3.5046419887902202e-9,2.987917049573841e-8,1.937799630698708e-9,1.4251301888296894e-5,5.319284200986798e-7,1.1379340107305166e-6,9.573960372319732e-8,1.0366630689234692e-8,-4.884633026439464e-9,5.57611031651205e-9,-8.248830501267268e-9,0.9999074209671303,3.6722413265907537e-7,5.408777260227993e-7,4.402831552114738e-8,1.0292701003040162e-8,-4.869971847771839e-9,5.5558957566008294e-9,-8.231916947294717e-9,1.034035594018026e-8,-4.895186501491642e-9,5.450954307042083e-9,-8.247652287870206e-9,1.0250790516157204e-8,-4.8457386507061974e-9,5.6565193571880395e-9,-8.216824649481976e-9,1.7338562579968647e-6,0.12080796850137013,8.790643996568946e-5,5.454058527828566e-5,1.6909377572675072e-9,5.366252494706501e-9,9.377571501806327e-8,2.8575140045130535e-8,4.738762143619784e-6,0.12104612181455071,9.1003573168655e-6,4.91152880821097e-6,1.6790329288795675e-9,5.372504513149588e-9,9.318860085546456e-8,2.8885585925033784e-8,1.6867055434957975e-9,5.413308267004724e-9,9.345191720890388e-8,2.8994394324949332e-8,1.672288839339015e-9,5.336613937476017e-9,9.295741932007505e-8,2.8790165941809378e-8,0.793651173724424,6.658060379084682e-14,0.1443012793994144,6.888319442583514e-12,2.199966591032404e-11,1.0531213599593433e-11
full_TAC,13,11,,69.29506890966476,21.833969841420302,3,3,LOCALLY_SOLVED,Solve_Succeeded,0.140755334,0.8481347473212527,1.0551376150644794e7,59.15547191579489,10.373376629327261,503.57998999581355,3.1845052583085723e-16,3.1845052583085723e-16,9.248397537906814e-9,0.0,0.9999998711856981,0.40072033774250704,2.2915554479453558e-6,1.366102910102246e-6,1.8664658911404212e-7,0.07936468767063659,4.1193845669340566e-7,5.5014864506048654e-8,1.2060391233412142e-8,5.291415534447798e-9,2.973200015956442e-8,3.738752551986747e-9,3.856195146045242e-7,0.07947940357690965,5.238936187170153e-8,1.2423363966891998e-8,7.968120139932522e-9,5.580269260674493e-9,2.2259342225499716e-8,6.180794256597841e-9,8.014751112063682e-9,5.671898342148131e-9,2.2399221178121574e-8,6.237031930990456e-9,7.809625331835748e-9,5.283616401983658e-9,2.1815418537390155e-8,5.9943160591874095e-9,3.0270372515487557e-7,-4.305011216594435e-9,2.496224449470523e-9,-8.850733280812873e-9,1.015066154203273e-8,-6.4713555001343686e-9,-1.185874139835575e-9,-8.943809543141331e-9,0.9999988630396361,-6.035796168090983e-9,-2.9036902789871053e-9,-9.233225436736846e-9,6.567412112386845e-9,-7.286644504094668e-9,-3.927705119809011e-9,-9.202792015794565e-9,6.608387615340164e-9,-7.4006367672829186e-9,-4.166312855992607e-9,-9.248397537906814e-9,6.4281071831516776e-9,-6.9238847617989805e-9,-3.1739301795205653e-9,-9.045658248939132e-9,2.0738509901560227e-8,0.12085077440756026,1.2815863097128173e-6,8.173637012327228e-7,1.3400434703791262e-9,8.05738274563642e-9,9.249955605197818e-8,5.5547180772374516e-8,4.2846612733836e-8,0.12102545544665788,1.6298912582307143e-7,1.845756932223954e-7,8.853466822147242e-10,8.497228192390704e-9,6.925128692377688e-8,9.18289432408822e-8,8.905279013404088e-10,8.636754293725565e-9,6.968646588748933e-8,9.266447440328676e-8,8.677361479817496e-10,8.04550679392966e-9,6.787019100521382e-8,8.905841002221292e-8,0.7936507877500121,1.0122931972721473e-15,0.14430044297579467,1.4694382435322997e-13,4.456008238671441e-13,2.0579100083818935e-13
full_TAC,13,12,,69.29506890966476,20.61902302048416,3,2,ALMOST_LOCALLY_SOLVED,Solved_To_Acceptable_Level,0.149575792,0.8481346622006652,1.055137600298479e7,59.15546994973592,10.373372327289012,503.57998849690824,1.5922526291542861e-16,1.5922526291542861e-16,9.658444617270928e-9,0.0,0.999999952540571,0.40072045169454795,1.5766355612787067e-6,1.2090364290715945e-6,7.655608446656273e-8,0.07936483983719685,2.7339829153203457e-7,3.8355114301955974e-8,7.49130554060205e-9,6.216131823726946e-9,2.6400045881071975e-8,5.733105139157811e-9,1.354916611915364e-7,0.07947929593573795,3.844383059848119e-8,1.1850724507860278e-8,3.879494081934822e-9,6.847775431528465e-9,1.8037342967790316e-8,8.00133976431753e-9,3.897858311263748e-9,6.930124194945211e-9,1.814201048022604e-8,8.03412573842034e-9,3.808250959649631e-9,6.550056128588294e-9,1.7680282139298146e-8,7.884558592757768e-9,2.1547828578522926e-7,-7.606834565503293e-9,-4.593090205941007e-9,-9.505947969537138e-9,8.41403025181088e-9,-7.681375978946687e-9,-4.647265341665102e-9,-9.384989657450605e-9,0.9999994587842349,-8.334150125238265e-9,-6.641966312761797e-9,-9.658444617270928e-9,4.372251765688654e-9,-8.434410014276217e-9,-6.626720282320097e-9,-9.606556059153509e-9,4.392375538829502e-9,-8.52454880504679e-9,-6.800061919339962e-9,-9.6324629567296e-9,4.2942210248928636e-9,-8.1148026432588e-9,-6.029416121418745e-9,-9.510234373425793e-9,8.506231607395856e-9,0.12085100611573156,8.505724625441074e-7,5.69847412486203e-7,8.323672822891162e-10,9.465473458856939e-9,8.213347607444614e-8,8.517756206748747e-8,1.5054629021281818e-8,0.12102529153851006,1.1960302852860813e-7,1.760679069739241e-7,4.310548979927578e-10,1.0427294407100162e-8,5.611617812201431e-8,1.1887704792700331e-7,4.33095367918194e-10,1.0552689115030206e-8,5.6441810382925446e-8,1.193641538279593e-7,4.231389955166255e-10,9.97394910489581e-9,5.500532221114979e-8,1.1714201337811539e-7,0.7936507853733796,6.257219977150655e-16,0.14430043489084288,1.0729991265343797e-13,3.1794037074091016e-13,1.4480455866110946e-13
full_TAC,13,13,,69.29506890966476,19.404076199548015,3,2,LOCALLY_SOLVED,Solve_Succeeded,0.13104575,0.8481428631390223,1.0551390207228111e7,59.15592113602861,10.374021584801577,503.58012475728674,1.5922526291542861e-16,1.5922526291542861e-16,8.256938977349212e-9,0.0,0.9999924448562526,0.4007042689401329,6.435667918998249e-5,3.112725565251874e-5,8.161993807481818e-6,0.07935087570239897,1.3879507344528213e-5,1.7947755588088064e-6,1.520702842188966e-8,3.5453866507913956e-9,3.016538785584259e-8,1.9370143982151153e-9,2.3939100982918177e-5,0.07948665054647099,1.4299943537221932e-6,1.5817483731870437e-7,1.5067093305087326e-8,3.5722783724385706e-9,2.989246829290237e-8,1.980319173511218e-9,1.5139117851909357e-8,3.6007308282298265e-9,2.998149044816275e-8,1.9882790244334112e-9,1.498941228489732e-8,3.5415687132344264e-9,2.9796646874776878e-8,1.97176599345879e-9,7.114373978514322e-6,2.925501457675762e-7,6.216066118734645e-7,4.835736391765673e-8,1.0377657209963786e-8,-4.900143223601816e-9,5.484376054421112e-9,-8.25662220348402e-9,0.9999495542687052,2.0059950233308303e-7,2.817679523937238e-7,1.8746063967242088e-8,1.0280899748643907e-8,-4.895751036412614e-9,5.361559297181844e-9,-8.239830619264044e-9,1.0330714750960856e-8,-4.9233636503973864e-9,5.24891622010556e-9,-8.256938977349212e-9,1.022713916399946e-8,-4.864817115868453e-9,5.488152619455477e-9,-8.22052550910872e-9,9.068882008313129e-7,0.12082974254683478,4.318068951630999e-5,2.6665236873730835e-5,1.6896698246544064e-9,5.398656945523261e-9,9.384787332928805e-8,2.8778499630624567e-8,2.65990010921313e-6,0.12103649060485352,4.448871322691268e-6,2.350026154449322e-6,1.6741214783430358e-9,5.439605703486005e-9,9.299879024458515e-8,2.9421884863595244e-8,1.682124205767706e-9,5.482931033895418e-9,9.327574806095078e-8,2.9540145505867814e-8,1.6654902538774797e-9,5.392843267879694e-9,9.27006791659725e-8,2.9294809045673446e-8,0.7936510014235543,3.7299556105541215e-14,0.1443009023677629,3.874019668221813e-12,1.2368591607864786e-11,5.915418969681853e-12
full_TAC,13,14,,69.29506890966476,18.189129378611874,3,2,ALMOST_LOCALLY_SOLVED,Solved_To_Acceptable_Level,0.053869041,0.8542559413737443,1.0561844689709963e7,59.21001591203284,12.803154635895275,503.5847531006886,5.126570965080088e-17,5.126570965080088e-17,8.239501049563965e-9,0.0,0.9997443796706202,0.24940337526715026,0.5129234887130841,0.12032718028927016,0.0006212283952476577,0.007721822502194037,0.050313478358485056,0.00757487004681756,1.5230343255294114e-8,3.4978690532964216e-9,3.0117521731039304e-8,1.907280513672226e-9,0.0007254626176443809,0.09113371798586173,0.07444142850282033,1.3106210913969035e-5,1.519770212718428e-8,3.4879098976814034e-9,3.00751096688433e-8,1.9056424270775323e-9,1.5312475220909734e-8,3.531597242729432e-9,3.021470637379829e-8,1.9172605774730114e-9,1.5190831149154408e-8,3.485373426638948e-9,3.00670080340498e-8,1.904968442339654e-9,0.12322802413973394,1.049573585909671e-5,2.476704394603965e-5,2.212089710854375e-6,1.0352177671109545e-8,-4.866259216727921e-9,5.687115885658239e-9,-8.239501049563965e-9,0.8750199230661764,7.295518905942191e-6,1.6919492598878878e-5,1.256514915731184e-6,1.0329714309662e-8,-4.834002896275914e-9,5.8113576293495615e-9,-8.220927521949184e-9,1.0408673088666065e-8,-4.849045470093774e-9,5.737228754085498e-9,-8.232746205960305e-9,1.0324984974839075e-8,-4.812838906338693e-9,5.894270987947029e-9,-8.209334120567738e-9,6.90253772497397e-5,0.011758229719250012,0.15653082155973125,0.11254092640986088,1.6922603616993452e-9,5.326300603883188e-9,9.369895649656671e-8,2.8336739060273075e-8,8.06069575160423e-5,0.1387717978421076,0.23159555534210766,0.00019472084786468277,1.6886335696871414e-9,5.311135526014864e-9,9.35670078586236e-8,2.8312401773723332e-8,1.7013861356566365e-9,5.377659437792543e-9,9.400130871848356e-8,2.8485014293884733e-8,1.6878701276838226e-9,5.307273172382034e-9,9.354180277259937e-8,2.830238828618914e-8,0.793658313097236,1.2819249993115692e-12,0.1443298192089634,1.3193678131444062e-10,4.2437114708591214e-10,2.0408912158961601e-10
full_TAC,13,15,,69.29506890966476,16.974182557675732,3,2,LOCALLY_SOLVED,Solve_Succeeded,0.14758,0.8481428631649485,1.0551390207273299e7,59.15592113562366,10.374021583413306,503.580124757294,2.2556912246352386e-16,1.5922526291542861e-16,8.256938976831913e-9,0.0,0.9999924448716,0.4007042686245039,6.435864103138631e-5,3.11270730425082e-5,8.161994866023796e-6,0.07935087558079483,1.3879982281866917e-5,1.7947641004935654e-6,1.5207028269108866e-8,3.545386600934086e-9,3.016538855294101e-8,1.9370143408035257e-9,2.3939079504422457e-5,0.07948665054289565,1.4299964010129605e-6,1.581747789969378e-7,1.5067093186540016e-8,3.5722783184557584e-9,2.9892469031691706e-8,1.980319105898148e-9,1.513911773317919e-8,3.6007307740682175e-9,2.99814911908435e-8,1.9882789564395297e-9,1.4989412168552143e-8,3.5415686602367528e-9,2.97966476118137e-8,1.971765926468998e-9,7.114379900899648e-6,2.9255026112004527e-7,6.216073871987116e-7,4.8357373909683075e-8,1.0377657139570149e-8,-4.900143218566829e-9,5.484376167720266e-9,-8.256622200712066e-9,0.9999495543008198,2.005995522525108e-7,2.817680691445754e-7,1.8746069042505884e-8,1.028089970147918e-8,-4.8957510303665e-9,5.361559437179126e-9,-8.239830618930773e-9,1.0330714703889996e-8,-4.9233636440302075e-9,5.248916359423403e-9,-8.256938976831913e-9,1.0227139118121839e-8,-4.86481711065966e-9,5.488152758135597e-9,-8.220525509315606e-9,9.06888318447088e-7,0.12082974236166484,4.3182167099141504e-5,2.66650666359044e-5,1.6896698076787622e-9,5.3986568696041754e-9,9.384787549803869e-8,2.8778498777652377e-8,2.6598977227136055e-6,0.12103649059940927,4.448877692040321e-6,2.3500252879545044e-6,1.6741214651711123e-9,5.439605621284904e-9,9.299879254304084e-8,2.9421883859058194e-8,1.6821241925754651e-9,5.482930951422058e-9,9.327575037151312e-8,2.9540144495673008e-8,1.6654902409502374e-9,5.392843187178692e-9,9.270068145897596e-8,2.9294808050396538e-8,0.7936510014235836,3.729956366978099e-14,0.14430090236777432,3.874020429907398e-12,1.2368594058518982e-11,5.915420139148196e-12
full_TAC,13,16,,69.29506890966476,15.759235736739589,3,3,LOCALLY_SOLVED,Solve_Succeeded,0.11586125,0.8481346836209558,1.0551376040149879e7,59.15547021434424,10.373373376885493,503.5799888576418,2.2556912246352386e-16,5.126570965080088e-17,9.551729371685277e-9,0.0,0.9999999330843277,0.40072041874115294,1.7759681476899634e-6,1.246405558003348e-6,1.0488055036303551e-7,0.07936479889035303,3.1133281365269956e-7,4.2804528625609793e-8,9.215771580714006e-9,5.909092375884151e-9,2.7773613424001645e-8,5.012425184060661e-9,1.9413936863392187e-7,0.0794793244414125,4.22134382880706e-8,1.1988769470311326e-8,5.181314263423995e-9,6.3709549894698975e-9,1.9347081341620604e-8,7.488284451322329e-9,5.206987754237155e-9,6.460096026770234e-9,1.9463697031548865e-8,7.529184451906738e-9,5.086215306261014e-9,6.059671821016032e-9,1.895748201426791e-8,7.344635038652041e-9,2.4050127912946443e-7,-6.812202797078111e-9,-2.8593857095582902e-9,-9.34614157166195e-9,9.129390258469967e-9,-7.270855885713534e-9,-3.557106072168611e-9,-9.243536340822345e-9,0.9999993087547762,-7.781017816662403e-9,-5.679945546441486e-9,-9.551729371685277e-9,5.0302106011646665e-9,-8.08233456091542e-9,-5.847346085484522e-9,-9.495138530201715e-9,5.056017335406114e-9,-8.183932454438323e-9,-6.045080049856273e-9,-9.527344877129913e-9,4.934645463841746e-9,-7.733173039688269e-9,-5.183061383387436e-9,-9.377525823262025e-9,1.1653394484781718e-8,0.12085094376485574,9.685909758083986e-7,6.359529967233454e-7,1.0239746200793337e-9,8.997936117823593e-9,8.640679731911621e-8,7.44703170203298e-8,2.1571040959324642e-8,0.12102533494487809,1.3133069689621963e-7,1.7811886070176826e-7,5.757015848248881e-10,9.701226915783708e-9,6.019091972948632e-8,1.1125451184821746e-7,5.785541949152392e-10,9.836964404400129e-9,6.055372409815201e-8,1.1186216899975724e-7,5.651350340290014e-10,9.227227545638048e-9,5.8978832933277936e-8,1.0912029200283032e-7,0.7936507859453508,7.175580859365391e-16,0.14430043701119633,1.169439078181225e-13,3.489447911551217e-13,1.5965284464883378e-13
full_TAC,13,17,,69.29506890966476,14.544288915803445,3,2,LOCALLY_SOLVED,Solve_Succeeded,0.115405459,0.8481346836208774,1.0551376040149743e7,59.15547021434284,10.373373376880336,503.57998885764044,1.5922526291542861e-16,1.5922526291542861e-16,9.551729762990384e-9,0.0,0.9999999330844022,0.4007204187413009,1.7759674345174669e-6,1.246405342542981e-6,1.0488044567643573e-7,0.07936479889051233,3.113326759096779e-7,4.2804508274101775e-8,9.215766334238802e-9,5.9090934805041266e-9,2.7773609503393416e-8,5.0124273764524016e-9,1.941391434241757e-7,0.07947932444131,4.221342477870165e-8,1.1988768858621185e-8,5.181309980505974e-9,6.370956541641033e-9,1.9347076995181202e-8,7.48828621601912e-9,5.2069834446245846e-9,6.4600975635032116e-9,1.946369264753377e-8,7.52918618962053e-9,5.086211108443844e-9,6.059673390355602e-9,1.8957477764667313e-8,7.344636889165582e-9,2.405011934047642e-7,-6.812205766492889e-9,-2.8593921484031016e-9,-9.346142162589204e-9,9.129388275495858e-9,-7.270857216954634e-9,-3.557109735790996e-9,-9.24353681325966e-9,0.9999993087553314,-7.781019885386296e-9,-5.679949052991851e-9,-9.551729762990384e-9,5.030208402335445e-9,-8.082335761245495e-9,-5.847348801213746e-9,-9.495138926409974e-9,5.056015116454434e-9,-8.183933622321845e-9,-6.045082689719475e-9,-9.527345252201854e-9,4.9346433257519395e-9,-7.733174312950462e-9,-5.183064295385033e-9,-9.377526288402624e-9,1.1653382852937297e-8,0.12085094376509832,9.685905472745533e-7,6.359526943580833e-7,1.0239740371376442e-9,8.997937799858556e-9,8.640678512166841e-8,7.44703495930071e-8,2.1571015936019512e-8,0.12102533494472205,1.313306548670718e-7,1.7811885161380044e-7,5.75701108945108e-10,9.701229279317024e-9,6.01909062072304e-8,1.1125453806656975e-7,5.785537160693981e-10,9.836966744425344e-9,6.055371045899394e-8,1.1186219481721928e-7,5.651345676048713e-10,9.227229935314212e-9,5.897881971229831e-8,1.0912031949617436e-7,0.7936507859453487,7.175577539722439e-16,0.1443004370111887,1.1694387130290476e-13,3.489446740792635e-13,1.5965278849356726e-13
full_TAC,13,18,,69.29506890966476,13.329342094867304,3,1,ALMOST_LOCALLY_SOLVED,Solved_To_Acceptable_Level,0.052554917,0.8501301039822231,1.0554826289682552e7,59.19805540189122,10.632239391140187,503.5847641434351,1.5922526291542861e-16,1.5922526291542861e-16,8.239499807236388e-9,0.0,0.9997257349117462,0.35436068949532806,0.2339969925906683,0.0029729460547527086,0.0005979879390811174,0.04393092889234011,0.05679475314360878,0.00017386241118735196,1.5230483349147603e-8,3.497862289422426e-9,3.011716767319668e-8,1.9073034357804188e-9,0.0007806391716848303,0.09652928827046979,0.00011408897383934774,1.3400298950517873e-5,1.5197836422704648e-8,3.4879010902956294e-9,3.0074749908577e-8,1.905664766271209e-9,1.531260966796734e-8,3.531587977242866e-9,3.021434255837803e-8,1.917283007760217e-9,1.5190968182412724e-8,3.4853656898960287e-9,3.0066651843251705e-8,1.904991053638957e-9,0.05923604085305259,1.0557116837520144e-5,2.4580848463154497e-5,2.1483761979275117e-6,1.0352259519149177e-8,-4.8662597308839524e-9,5.6870868598365335e-9,-8.239499807236388e-9,0.9389577770398665,7.29584578165646e-6,1.3320185290485373e-5,1.2579614560157275e-6,1.032979222527157e-8,-4.8340013808785986e-9,5.8113367904015415e-9,-8.220924986177768e-9,1.0408750906764957e-8,-4.849043605120126e-9,5.7372096328905095e-9,-8.232743479912001e-9,1.0325064786979337e-8,-4.8128384389693195e-9,5.894245417994648e-9,-8.209332217505796e-9,6.644310434234636e-5,0.0668948235406088,0.17669478755789397,0.0025830986804978003,1.6922759276830664e-9,5.3262903043477845e-9,9.369785498327856e-8,2.8337079617309072e-8,8.673768574275889e-5,0.14698777986639716,0.00035494347416685956,0.00019909015583626554,1.6886484914116268e-9,5.311122114768344e-9,9.356588860446177e-8,2.8312733670315098e-8,1.701401074218593e-9,5.377645328983454e-9,9.400017684828719e-8,2.8485347543866083e-8,1.6878853536014133e-9,5.307261391432588e-9,9.354069462344975e-8,2.830272422549307e-8,0.793658316434716,1.2819248278150009e-12,0.14432568372116358,1.319366940284817e-10,4.243708669948713e-10,2.040890318402158e-10
full_TAC,13,19,,69.29506890966476,12.11439527393116,3,3,LOCALLY_SOLVED,Solve_Succeeded,0.076727875,0.8481346836209501,1.055137604014987e7,59.155470214343566,10.373373376876836,503.5799888576417,1.1278456123176193e-16,1.0253141930160176e-16,9.551729346394345e-9,0.0,0.9999999330843363,0.40072041874138425,1.7759680616113112e-6,1.2464050406784966e-6,1.0488054510521907e-7,0.07936479889044365,3.113327922359571e-7,4.2804497433957895e-8,9.21577086539115e-9,5.90909194014412e-9,2.777361191982435e-8,5.012425658695423e-9,1.9413935185676034e-7,0.07947932444141258,4.221343805391623e-8,1.1988768797355857e-8,5.181314736978756e-9,6.370955426639476e-9,1.934708203196757e-8,7.488284035484725e-9,5.2069882319914115e-9,6.460096471160235e-9,1.946369773443567e-8,7.529184036251544e-9,5.086215758230163e-9,6.059672226922297e-9,1.8957482649810895e-8,7.344634628727401e-9,2.4050128687773066e-7,-6.812202706927373e-9,-2.859385507199299e-9,-9.346141529801013e-9,9.129389761490796e-9,-7.270855840662628e-9,-3.5571059635134283e-9,-9.243536382919616e-9,0.9999993087547995,-7.781017766587804e-9,-5.679945457448662e-9,-9.551729346394345e-9,5.030211222573946e-9,-8.082334511049986e-9,-5.8473459682137e-9,-9.495138501640393e-9,5.0560179620003424e-9,-8.183932408749209e-9,-6.0450799414708054e-9,-9.527344851274674e-9,4.9346460594805954e-9,-7.733172974691216e-9,-5.183061235146972e-9,-9.377525786971008e-9,1.1653393900579892e-8,0.12085094376499372,9.685909091785332e-7,6.359525333045171e-7,1.0239745405990162e-9,8.997935454310364e-9,8.640679263945352e-8,7.447032407204628e-8,2.1571039095195585e-8,0.12102533494487822,1.3133069616773937e-7,1.7811885070357274e-7,5.757016374420838e-10,9.701227581473747e-9,6.019092187723243e-8,1.1125450567005877e-7,5.785542479990456e-10,9.836965081084903e-9,6.055372628491097e-8,1.1186216282430865e-7,5.651350842477957e-10,9.227228163722587e-9,5.897883491052278e-8,1.0912028591252137e-7,0.7936507859453509,7.175580791542005e-16,0.1443004370111964,1.1694390415424097e-13,3.489447821043081e-13,1.5965283922884515e-13
full_TAC,13,20,,69.29506890966476,10.899448452995019,3,2,LOCALLY_SOLVED,Solve_Succeeded,0.069750375,0.8481428627289908,1.0551390206527995e7,59.15592111250915,10.374021411890066,503.58012475679374,1.5922526291542861e-16,1.5922526291542861e-16,8.256938818248745e-9,0.0,0.9999924452894711,0.4007042729735634,6.435652391128734e-5,3.111698889845187e-5,8.161890033975704e-6,0.07935087747959108,1.387947073799539e-5,1.7941327149798011e-6,1.5207029164610736e-8,3.545387637388041e-9,3.016538920956996e-8,1.9370127227512265e-9,2.393818177334333e-5,0.07948665036735698,1.4299926592846162e-6,1.581702522531457e-7,1.5067094520854273e-8,3.572279465763281e-9,2.98924703085101e-8,1.9803174505849723e-9,1.513911915098914e-8,3.600731956995004e-9,2.998149256697412e-8,1.9882772998742905e-9,1.498941332331929e-8,3.541569733725988e-9,2.979664867077896e-8,1.9717642625704776e-9,7.114410383734691e-6,2.9255158675451185e-7,6.21608449435363e-7,4.835712371282797e-8,1.0377659298922601e-8,-4.900142359321961e-9,5.484378595815789e-9,-8.256621957428337e-9,0.9999495558021522,2.0059996282158615e-7,2.817682564475851e-7,1.8746030465092802e-8,1.0280902150543572e-8,-4.895750277800026e-9,5.36156149514236e-9,-8.239830444638681e-9,1.0330717217641283e-8,-4.923362918218362e-9,5.248918307920511e-9,-8.256938818248745e-9,1.0227141435403506e-8,-4.86481629391592e-9,5.488155080392635e-9,-8.22052529555135e-9,9.068766704417444e-7,0.12082974525301368,4.318057562931899e-5,2.665568605112847e-5,1.68966990717897e-9,5.398658447840881e-9,9.384787754088432e-8,2.8778474738018216e-8,2.659797974815925e-6,0.12103649033211175,4.448866051107695e-6,2.349958033475307e-6,1.6741216134282516e-9,5.439607368321359e-9,9.299879651536473e-8,2.9421859265833867e-8,1.6821243501099039e-9,5.482932752696937e-9,9.327575465280836e-8,2.9540119883846597e-8,1.6654903692576982e-9,5.392844821810026e-9,9.270068475353453e-8,2.929478332961852e-8,0.7936510014231456,3.729958621014309e-14,0.14430090236075577,3.874021894252353e-12,1.2368599616405897e-11,5.915422507906531e-12
full_TAC,13,21,,69.29506890966476,9.684501632058875,3,3,LOCALLY_SOLVED,Solve_Succeeded,0.012553125,0.993043868163969,1.0803711650653727e7,43.26007951594265,9.68450186444473,503.57998786709015,1.5922526291542861e-16,1.5922526291542861e-16,9.637324665349061e-9,9.563622479392412e-9,1.000000007512802,0.35556732916054584,3.594219209719885e-8,-9.318333630946172e-9,-6.454100726860044e-9,-3.1010456261274852e-9,2.3897013057012293e-10,-2.435352934353227e-10,-6.915899272042281e-9,-4.326609252091724e-9,-2.31360241623032e-10,-2.9745133968618274e-10,-3.778444874482411e-9,0.09171837111975928,2.99086854767294e-9,1.5657880376825559e-9,-5.611892824864722e-9,-6.815981782636277e-10,1.3604654976963996e-9,2.2134062528234453e-10,-5.457059425285644e-9,1.9338874554774133e-9,1.8345252074002923e-9,5.209473781479785e-10,-6.3308500722734575e-9,-3.599730440978713e-9,2.7860092092772215e-10,-1.7580960506397134e-10,1.907230211629079e-9,0.07936510454691016,1.9888332432845498e-9,-7.992387548219851e-9,-2.080891096241801e-9,1.589286978837088e-8,3.962570043878566e-9,-3.4533915208400647e-9,0.9999999834559627,0.044821771200408256,-1.1739525523220317e-9,-8.212225846087385e-9,2.3629368462904995e-8,9.222185560610218e-9,1.263411033396106e-9,-5.545599664372495e-9,3.556376599553822e-8,6.3531600700233125e-9,1.98149784047084e-11,-6.922215626384668e-9,3.4243070667173674e-9,1.0370975205366196e-8,3.2741162041297975e-9,-2.425664585747658e-9,-7.17122302984449e-10,-4.7220467488759435e-9,7.434626284403825e-10,-3.618238645324794e-9,-7.684332524491421e-10,-6.588245906594214e-9,-7.197874183827662e-10,-4.419277046766143e-9,-4.198272082758233e-10,0.1396620651141789,9.304924370538032e-9,2.3263136559855117e-8,-6.235436472071912e-10,-1.037888135083251e-9,4.2325593261665764e-9,3.2884892899091185e-9,-6.06339936142849e-10,2.9447831708406063e-9,5.7074117563564644e-9,7.739789618198537e-9,-7.034277858081617e-10,-5.481407716944858e-9,8.667584206640244e-10,-2.6120284180932884e-9,0.7936507846918924,-1.6039933933955769e-15,0.16699512311317502,-8.013591003525042e-13,-2.00581328106326e-12,-1.077650249713768e-12
full_TAC,14,1,,64.96134197496231,33.98343805078173,3,3,LOCALLY_SOLVED,Solve_Succeeded,0.145225208,0.8488121848715744,1.0552009636793911e7,59.1566771912138,17.981347876141065,503.58012432828355,1.1278456123176193e-16,1.1851267379869903e-16,8.256899041211703e-9,0.0,0.9999928408433897,0.20018712846585948,6.438021024628005e-5,0.4635761173518058,7.864012293885097e-6,0.07935286534255996,1.3875118745383313e-5,1.1363052477532193e-6,1.5208396808184046e-8,3.54778620451885e-9,3.017299796208586e-8,1.934360698415393e-9,2.3777493050606293e-5,4.3034201790060237e-7,1.4404316072811254e-6,0.02923338260836465,1.506881783764416e-8,3.5748122149371533e-9,2.990036948646973e-8,1.9776359594613255e-9,1.5140912851017233e-8,3.6033016194001095e-9,2.998950630555545e-8,1.9855871038917395e-9,1.4990981890672266e-8,3.5440314845112985e-9,2.9804327011750804e-8,1.969083394738793e-9,6.7264283669143385e-6,2.9158432807716375e-7,6.19817994065248e-7,4.763991987893913e-8,1.03790544025641e-8,-4.89939911438545e-9,5.486340850749717e-9,-8.256527964903199e-9,0.9999508488429588,9.725942060393794e-8,2.820857682480481e-7,3.516967288140672e-8,1.028254016348102e-8,-4.895088400835729e-9,5.363150153475045e-9,-8.239779138837396e-9,1.0332405379167927e-8,-4.922724420818849e-9,5.250415277043371e-9,-8.256899041211703e-9,1.0228670722362892e-8,-4.864098656777591e-9,5.489969138715327e-9,-8.22044214857856e-9,8.737791437650103e-7,0.12083277222617084,4.316703609674808e-5,1.6882249395190685e-5,1.6898218675760044e-9,5.402310811426431e-9,9.387154921537822e-8,2.8739073233600123e-8,2.641943672289587e-6,6.552935272577354e-7,4.481342778207945e-6,0.43432454160998896,1.6743130930715728e-9,5.443464054563392e-9,9.302337173568359e-8,2.9382019969139686e-8,1.682323650113025e-9,5.486845647722894e-9,9.330068628395028e-8,2.950015125782012e-8,1.66566465451914e-9,5.396593396869477e-9,9.272457292544694e-8,2.925495329326206e-8,0.7936510015166524,3.729751840182873e-14,0.14430113098855976,3.873830641574078e-12,1.2368126311634114e-11,5.9150264829867015e-12
full_TAC,14,2,,64.96134197496231,32.76849122984559,3,2,LOCALLY_SOLVED,Solve_Succeeded,0.15051375,0.8488044777178894,1.0551996322278386e7,59.15624276152049,17.98025879113617,503.57999138686137,1.5922526291542861e-16,1.5922526291542861e-16,8.995386273112376e-9,0.0,0.9999998053705402,0.20021532281334709,2.8181589118255154e-6,0.463519053641194,2.6721308896364784e-7,0.07936460399501515,5.169828782985742e-7,5.822445931126124e-8,1.3448258357470244e-8,4.919679924059944e-9,3.063101478100774e-8,3.001772133420487e-9,6.227878562996992e-7,2.0920715092864263e-8,6.3448504140548e-8,0.029230858539877305,1.0083341384300593e-8,5.261340825079185e-9,2.4649239760117465e-8,4.990763748258379e-9,1.0152677846733957e-8,5.349928279790084e-9,2.4808726508634837e-8,5.050102894619795e-9,9.862913814587257e-9,4.990849173040098e-9,2.4166671464251573e-8,4.807148203440583e-9,3.4625278944389267e-7,-1.2414176414684107e-9,8.879561205815816e-9,-8.24160113706446e-9,1.0527991535538687e-8,-5.970113168457281e-9,5.262342459430244e-10,-8.742495129383486e-9,0.999998388041994,-5.703330645013556e-9,1.6803631799429923e-10,-8.688177228476157e-9,7.79853585077291e-9,-6.675987681764988e-9,-2.2488040073369952e-9,-8.942605622155036e-9,7.855177061640581e-9,-6.787597784327418e-9,-2.5041994262913744e-9,-8.995386273112376e-9,7.618344759181894e-9,-6.3437891331855666e-9,-1.4863935401589052e-9,-8.772500431573656e-9,2.9690343218183078e-8,0.12085064699240942,1.6083911769288973e-6,8.650491097673097e-7,1.4942509286078045e-9,7.491330793454914e-9,9.529649042980185e-8,4.459775741081866e-8,6.919865069996654e-8,3.185654343686149e-8,1.973953462150382e-7,0.43428704116389133,1.1203712649222875e-9,8.011587165461485e-9,7.668652369814321e-8,7.414848997412448e-8,1.1280753163037725e-9,8.146481698771263e-9,7.71827046935306e-8,7.503010014863694e-8,1.095879312731917e-9,7.599702149856513e-9,7.518520011100488e-8,7.142048759397436e-8,0.7936507899780707,1.380802494650788e-15,0.14430068908304455,1.835170457572976e-13,5.636790278490619e-13,2.619049083965744e-13
full_TAC,14,3,,64.96134197496231,31.553544408909442,3,1,ALMOST_LOCALLY_SOLVED,Solved_To_Acceptable_Level,0.061913625,0.8524324330439056,1.0558468947621321e7,59.18936223826367,15.67420948002555,503.5847193145479,1.5922526291542861e-16,1.5922526291542861e-16,8.239503161779422e-9,0.0,0.9997655563737546,0.1712968725648155,0.5265878771601477,0.294588668229947,0.00038149306278878383,0.06785764378660647,0.03272410165752563,0.0003253085327830735,1.523017998377572e-8,3.497883940055566e-9,3.0117506359968224e-8,1.9073083608426318e-9,0.0007864206999768364,3.759331179593316e-5,0.0953546641350017,0.018252117474403425,1.519755709255146e-8,3.487931520589045e-9,3.0075116142644484e-8,1.9056720502087414e-9,1.531233169291382e-8,3.5316200893514714e-9,3.02147162644596e-8,1.9172907391467865e-9,1.5190677372159986e-8,3.485391690392532e-9,3.006700380822101e-8,1.9049971607143285e-9,0.0004552059523611102,1.0459542314286388e-5,2.4274367807394494e-5,2.1390434047614476e-6,1.0352089385609591e-8,-4.866261253702869e-9,5.68709478487793e-9,-8.239503161779422e-9,0.9980125593467065,5.230742935117402e-6,1.7047232061687057e-5,1.5429015730302069e-6,1.0329638492583182e-8,-4.834011573913605e-9,5.8113081735139255e-9,-8.220933810490907e-9,1.0408598590262716e-8,-4.84905528778679e-9,5.737174789732223e-9,-8.23275313455402e-9,1.0324903123224913e-8,-4.812844206941262e-9,5.894235638559178e-9,-8.209338336759544e-9,4.238811808764263e-5,0.10332868485687803,0.1018083162678575,0.004833155344205662,1.6922422204195234e-9,5.326323272357338e-9,9.369890867545669e-8,2.833715278966195e-8,8.738007777520401e-5,5.7244361143807306e-5,0.29665895508667195,0.27117431676256515,1.6886174547279397e-9,5.311168451806045e-9,9.356702799933838e-8,2.8312841888815583e-8,1.7013701881015352e-9,5.377694226967012e-9,9.400133948942987e-8,2.848546241018082e-8,1.6878530413511088e-9,5.307300983097718e-9,9.354178962557648e-8,2.8302814959184307e-8,0.7936583267696513,1.2819261006482666e-12,0.14432308947890807,1.3193712714898067e-10,4.2437223761118274e-10,2.0408952479233545e-10
full_TAC,14,4,,64.96134197496231,30.3385975879733,3,2,LOCALLY_SOLVED,Solve_Succeeded,0.154539708,0.8488121848630555,1.0552009636779377e7,59.15667719018218,17.981347872540482,503.58012432823625,3.1845052583085723e-16,3.1845052583085723e-16,8.256899047613937e-9,0.0,0.9999928408730634,0.20018712853711473,6.438015648716995e-5,0.4635761171493803,7.863991239012684e-6,0.07935286537068097,1.3875105273330142e-5,1.1363013419230196e-6,1.5208396609064447e-8,3.5477862661456514e-9,3.017299809959632e-8,1.934360685038095e-9,2.377747056823166e-5,4.3034217288855134e-7,1.4404320487196597e-6,0.029233382599506433,1.5068817655835193e-8,3.5748122887837617e-9,2.990036962870351e-8,1.9776359525340858e-9,1.5140912672404077e-8,3.6033016953153138e-9,2.99895064538258e-8,1.9855870974048737e-9,1.499098169631168e-8,3.5440315525258633e-9,2.980432713625101e-8,1.969083386338929e-9,6.726403378938277e-6,2.915842473404197e-7,6.198178126326857e-7,4.763990036754229e-8,1.0379054315522842e-8,-4.899399102964436e-9,5.4863408586490805e-9,-8.256527965507532e-9,0.9999508489459963,9.725942323825485e-8,2.82085758715599e-7,3.516966856140027e-8,1.0282540087779808e-8,-4.895088399414153e-9,5.3631501086504154e-9,-8.239779144181044e-9,1.0332405305998058e-8,-4.922724421344329e-9,5.250415225126529e-9,-8.256899047613937e-9,1.0228670637625066e-8,-4.864098649861078e-9,5.48996911560907e-9,-8.22044215060708e-9,8.737768043347424e-7,0.12083277226899147,4.316699418369377e-5,1.6882191365713432e-5,1.6898218454516045e-9,5.402310905267241e-9,9.387154964318855e-8,2.8739073034851697e-8,2.6419411742479614e-6,6.552937632621123e-7,4.481344151572275e-6,0.43432454147838123,1.6743130728705765e-9,5.443464167011636e-9,9.30233721781887e-8,2.93820198662207e-8,1.682323630267119e-9,5.486845763321045e-9,9.330068674523582e-8,2.9500151161443836e-8,1.6656646329235193e-9,5.396593500437109e-9,9.27245733127809e-8,2.925495316846408e-8,0.7936510015166325,3.729751499825929e-14,0.14430113098817024,3.873830288354457e-12,1.2368125191047423e-11,5.915025939238432e-12
full_TAC,14,5,,64.96134197496231,29.12365076703716,3,1,ALMOST_LOCALLY_SOLVED,Solved_To_Acceptable_Level,0.057712834,0.8523770990132614,1.0558380461057482e7,59.18743454331846,15.566754369346114,503.5846992231646,1.5922526291542861e-16,1.5922526291542861e-16,8.239503686857684e-9,0.0,0.9997795246910226,0.17399633269087336,0.5272454700033729,0.2880151667598009,0.00035034190633662175,0.06892651853698618,0.03136623344991296,0.00010140902443730407,1.5230088412602407e-8,3.497934225133999e-9,3.011755972729844e-8,1.9072946268947897e-9,0.0007862557752395183,3.879544985998634e-5,0.0968725293468433,0.018061474230437243,1.5197475771708934e-8,3.4879855024961224e-9,3.0075181625967954e-8,1.9056593545679867e-9,1.531225144628554e-8,3.531675175979331e-9,3.021478442662156e-8,1.917278113469997e-9,1.5190590894186648e-8,3.4854436722972538e-9,3.006706295343999e-8,1.904983946723384e-9,0.00038100971376572146,1.0382572826760999e-5,2.4077216615176785e-5,2.1018135449242044e-6,1.0352043248799783e-8,-4.866252428825149e-9,5.687100401542336e-9,-8.239503686857684e-9,0.9981355195488795,5.2556875296071756e-6,1.7071763656866922e-5,1.5423059277820285e-6,1.0329599356539231e-8,-4.8340064338092515e-9,5.811297845591152e-9,-8.220936705497476e-9,1.0408560377641055e-8,-4.849050854648652e-9,5.737161702624203e-9,-8.23275640931373e-9,1.0324860426303237e-8,-4.812837057642422e-9,5.894233569561349e-9,-8.209340034856506e-9,3.892687848184684e-5,0.10495628959041077,0.09758383739972921,0.0015066483630685175,1.6922320458447114e-9,5.326399842817679e-9,9.369907470715071e-8,2.8336948742436876e-8,8.736175280439089e-5,5.907488955952465e-5,0.30138120241240135,0.26834190285221043,1.6886084190787698e-9,5.311250651528186e-9,9.356723172523362e-8,2.8312653267867223e-8,1.7013612718095036e-9,5.377778108877618e-9,9.400155154948927e-8,2.8485274828697094e-8,1.6878434326874046e-9,5.307380137361727e-9,9.354197363292443e-8,2.830261863703313e-8,0.7936583334413706,1.281926071510328e-12,0.14432241910369237,1.3193723835674625e-10,4.2437261515080115e-10,2.0408960636739843e-10
full_TAC,14,6,,64.96134197496231,27.908703946101014,3,2,LOCALLY_SOLVED,Solve_Succeeded,0.156282875,0.8488121849068728,1.0552009636855546e7,59.15667718953624,17.981347873001525,503.5801243281992,1.5922526291542861e-16,1.5922526291542861e-16,8.256899054979363e-9,0.0,0.9999928409021872,0.20018712797788824,6.438317440033759e-5,0.46357611702868423,7.863980707708972e-6,0.0793528651488902,1.3875839669744171e-5,1.1362994244510038e-6,1.520839635093499e-8,3.54778625775979e-9,3.017299864910491e-8,1.9343606623898583e-9,2.377744534785926e-5,4.303422824894576e-7,1.4404315123547899e-6,0.029233382593812897,1.506881742240694e-8,3.574812289997751e-9,2.9900370187375985e-8,1.9776359327825753e-9,1.5140912441093815e-8,3.6033016978856307e-9,2.998950701950479e-8,1.985587077917931e-9,1.4990981453566356e-8,3.5440315494955864e-9,2.9804327678695686e-8,1.9690833655297827e-9,6.726393319406973e-6,2.915842560999101e-7,6.198187043272718e-7,4.76398957793658e-8,1.037905418533571e-8,-4.899399104436923e-9,5.48634089943107e-9,-8.256527967516574e-9,0.9999508490249055,9.725942915665702e-8,2.820857908129816e-7,3.516966728723432e-8,1.0282539974020389e-8,-4.895088408646353e-9,5.363150111880484e-9,-8.239779150763345e-9,1.0332405194034598e-8,-4.9227244319827e-9,5.250415222242164e-9,-8.256899054979363e-9,1.0228670517057584e-8,-4.86409865489034e-9,5.4899691365900705e-9,-8.22044215463142e-9,8.737756341898853e-7,0.12083277193126461,4.316927897253741e-5,1.688216287755777e-5,1.689821816770554e-9,5.402310892497861e-9,9.387155135277083e-8,2.8739072698363607e-8,2.641938371984361e-6,6.552939301544013e-7,4.481342482881568e-6,0.43432454139379156,1.6743130469341036e-9,5.443464168860211e-9,9.302337391628082e-8,2.9382019572769685e-8,1.6823236045659786e-9,5.486845767234937e-9,9.330068850512601e-8,2.950015087192354e-8,1.6656646059518168e-9,5.3965934958228245e-9,9.272457500038658e-8,2.925495285929963e-8,0.793651001516622,3.729751414327913e-14,0.14430113098804426,3.873830196468787e-12,1.2368124904440995e-11,5.915025796461745e-12
full_TAC,14,7,,64.96134197496231,26.693757125164872,3,2,LOCALLY_SOLVED,Solve_Succeeded,0.157575958,0.8488044777178535,1.0551996322278325e7,59.15624276151723,17.98025879112368,503.5799913868609,1.1278456123176193e-16,2.563285482540044e-17,8.99538634005255e-9,0.0,0.9999998053706245,0.20021532281360427,2.8181587237089114e-6,0.46351905364049234,2.67213016764776e-7,0.07936460399511705,5.169828362031807e-7,5.822444576608509e-8,1.344825770771674e-8,4.9196802162021655e-9,3.063101505151767e-8,3.0017722073677332e-9,6.227877344536199e-7,2.0920714943550307e-8,6.344850230520504e-8,0.029230858539845864,1.0083340657355858e-8,5.261341072731602e-9,2.464923947073245e-8,4.9907639834552155e-9,1.0152677113180559e-8,5.349928531562652e-9,2.4808726219192856e-8,5.050103131122022e-9,9.86291310337786e-9,4.9908494026124165e-9,2.4166671165985805e-8,4.807148429906427e-9,3.4625268708363675e-7,-1.241418753712048e-9,8.879558928124448e-9,-8.241601335608677e-9,1.0527991306427831e-8,-5.970113259580791e-9,5.262338616353211e-10,-8.74249517242698e-9,0.9999983880424007,-5.703331041454607e-9,1.68035328568928e-10,-8.688177378672619e-9,7.798535478197339e-9,-6.675987837329445e-9,-2.248804469548955e-9,-8.942605689116154e-9,7.855176685271179e-9,-6.787597943978817e-9,-2.504199890662706e-9,-8.99538634005255e-9,7.618344394396417e-9,-6.343789269164489e-9,-1.4863939808876093e-9,-8.772500494279043e-9,2.969033519608621e-8,0.12085064699256459,1.608391045965451e-6,8.650489085246926e-7,1.4942508564129703e-9,7.491331238307841e-9,9.52964912713883e-8,4.459775850946345e-8,6.919863716151329e-8,3.185654320949706e-8,1.9739534050508232e-7,0.4342870411634242,1.1203711841506505e-9,8.011587542568574e-9,7.668652279783429e-8,7.414849346847747e-8,1.1280752347978396e-9,8.146482082152219e-9,7.718270379304444e-8,7.503010366238431e-8,1.0958792337086509e-9,7.599702499432542e-9,7.518519918306694e-8,7.142049095860977e-8,0.7936507899780699,1.380802384560944e-15,0.1443006890830419,1.835170331325812e-13,5.636789879208315e-13,2.6190488872309944e-13
full_TAC,14,8,,64.96134197496231,25.47881030422873,3,1,ALMOST_LOCALLY_SOLVED,Solved_To_Acceptable_Level,0.058059166,0.852342088192256,1.0558332272788024e7,59.18455359696648,15.390247142984936,503.5846938762396,2.2556912246352386e-16,1.5922526291542861e-16,8.239503720195284e-9,0.0,0.9997833433885621,0.17833763315969098,0.5289961816386527,0.27717136442304624,0.000343259871336182,0.07064708754624006,0.02599239082032897,9.673978848101385e-5,1.5230057841677757e-8,3.4979455304683915e-9,3.0117564137704163e-8,1.9072940145959046e-9,0.00078287521528031,3.910621567683402e-5,0.10267223355864459,0.017382300414103942,1.5197447963525763e-8,3.48799780275726e-9,3.007518930801885e-8,1.905659016236467e-9,1.5312223868721368e-8,3.5316877533898064e-9,3.0214792743769635e-8,1.917277820105705e-9,1.519056170681122e-8,3.485455437451739e-9,3.006706894105115e-8,1.9049834679024653e-9,0.0003665513536644881,1.0366522952344808e-5,2.3997687171277618e-5,2.0974734989573882e-6,1.0352027181835666e-8,-4.8662503844282075e-9,5.687101106446453e-9,-8.239503720195284e-9,0.998165421712218,5.2618644394361955e-6,1.7098645832022946e-5,1.5412812689217398e-6,1.0329585174443779e-8,-4.834005382342722e-9,5.811294259367457e-9,-8.220937372755694e-9,1.0408546411086818e-8,-4.849049991434613e-9,5.737157382615993e-9,-8.232757179997263e-9,1.0324845291450344e-8,-4.81283546991865e-9,5.8942321899697e-9,-8.20934037966382e-9,3.8139985704020206e-5,0.107576246945411,0.0808652158854679,0.0014372768574322054,1.6922286490753056e-9,5.326417057758687e-9,9.369908842841295e-8,2.8336939645424863e-8,8.698613503114552e-5,5.9548101144269975e-5,0.3194247266268942,0.25825132043811566,1.6886053292806398e-9,5.311269381471281e-9,9.356725562494753e-8,2.831264824122751e-8,1.701358207635707e-9,5.377797260843568e-9,9.400157742506106e-8,2.84852704701419e-8,1.6878401896456905e-9,5.307398052483329e-9,9.354199226104801e-8,2.8302611523122337e-8,0.7936583349884415,1.2819260581526086e-12,0.144321505991792,1.3193726710279143e-10,4.2437271343361553e-10,2.0408962656515998e-10
full_TAC,14,9,,64.96134197496231,24.26386348329259,3,2,LOCALLY_SOLVED,Solve_Succeeded,0.175324792,0.8488121848297433,1.0552009636722598e7,59.15667718597854,17.981347857729542,503.5801243280845,3.1845052583085723e-16,3.1845052583085723e-16,8.256899067381947e-9,0.0,0.9999928409960748,0.20018712882951933,6.437994057941213e-5,0.4635761163158732,7.863905264866838e-6,0.07935286548581666,1.3875050326600169e-5,1.136285285688654e-6,1.520839577404057e-8,3.5477865083863706e-9,3.0172998667298744e-8,1.9343606183045872e-9,2.3777383718527353e-5,4.303430165909451e-7,1.4404345893459588e-6,0.029233382563003455,1.5068816920256267e-8,3.5748125647521036e-9,2.9900370282659495e-8,1.977635895128173e-9,1.5140911947629056e-8,3.603301978553659e-9,2.9989507129400586e-8,1.9855870413081014e-9,1.4990980920590892e-8,3.5440318093852843e-9,2.980432773171784e-8,1.969083324391434e-9,6.726300518468678e-6,2.9158401185218536e-7,6.198172691663352e-7,4.7639838486352696e-8,1.0379053937354641e-8,-4.899399042799735e-9,5.486340964180899e-9,-8.25652796197964e-9,0.9999508493638996,9.725947612796788e-8,2.8208583145126117e-7,3.5169666125783045e-8,1.028253977586881e-8,-4.8950883733211565e-9,5.363150071109894e-9,-8.239779160538287e-9,1.033240500283087e-8,-4.922724401645377e-9,5.2504151634170125e-9,-8.256899067381947e-9,1.02286702965494e-8,-4.864098605887936e-9,5.4899691495454965e-9,-8.220442156294273e-9,8.737672516518706e-7,0.12083277244431172,4.316682323831163e-5,1.6881952815945714e-5,1.6898217526711738e-9,5.402311274133792e-9,9.387155140937388e-8,2.8739072043382433e-8,2.641931524280816e-6,6.552950479907572e-7,4.481352055742983e-6,0.43432454093605133,1.6743129911395845e-9,5.443464587236157e-9,9.302337421271841e-8,2.9382019013332855e-8,1.6823235497365613e-9,5.486846194615798e-9,9.330068884702403e-8,2.9500150328006072e-8,1.6656645467323206e-9,5.3965938915639546e-9,9.272457516534438e-8,2.9254952248101305e-8,0.7936510015166247,3.7297513587135795e-14,0.14430113098668382,3.8738301304010325e-12,1.2368124721655256e-11,5.915025685307612e-12
full_TAC,14,10,,64.96134197496231,23.048916662356444,3,3,LOCALLY_SOLVED,Solve_Succeeded,0.2083585,0.8488044777178271,1.055199632227828e7,59.15624276151324,17.98025879110733,503.5799913868608,2.2556912246352386e-16,1.5922526291542861e-16,8.995386349861625e-9,0.0,0.999999805370734,0.20021532281392523,2.818158649588601e-6,0.46351905363955315,2.672129333284484e-7,0.07936460399524237,5.169828145083103e-7,5.822442674919093e-8,1.3448257016590707e-8,4.919680531708748e-9,3.063101567313793e-8,3.001772116231094e-9,6.22787647887228e-7,2.0920715877286318e-8,6.344850443988895e-8,0.029230858539805945,1.0083340230395365e-8,5.261341354581141e-9,2.464923986442318e-8,4.990763921405843e-9,1.0152676685230293e-8,5.349928818379029e-9,2.480872662016162e-8,5.050103069968707e-9,9.862912677380404e-9,4.99084966696326e-9,2.4166671533406017e-8,4.80714836323258e-9,3.462525371185243e-7,-1.2414190842671002e-9,8.87955827341064e-9,-8.24160136874766e-9,1.0527990984676266e-8,-5.97011323738106e-9,5.262338628896094e-10,-8.742495172486958e-9,0.999998388042852,-5.703331124175338e-9,1.680351437279743e-10,-8.688177399260762e-9,7.798535306138987e-9,-6.675987859366702e-9,-2.2488045428418765e-9,-8.942605697514686e-9,7.855176513644597e-9,-6.787597969643409e-9,-2.504199970551798e-9,-8.995386349861625e-9,7.618344219200086e-9,-6.343789277599025e-9,-1.4863940286040813e-9,-8.772500496313426e-9,2.9690325925383142e-8,0.12085064699275543,1.6083909784702983e-6,8.650486259879793e-7,1.494250779621189e-9,7.49133171873832e-9,9.529649320531799e-8,4.459775715543339e-8,6.919862754302531e-8,3.185654463132235e-8,1.9739534714632115e-7,0.4342870411628311,1.1203711367105956e-9,8.011587971748555e-9,7.66865240226499e-8,7.414849254660108e-8,1.1280751872478096e-9,8.146482518895339e-9,7.718270504050281e-8,7.503010275382077e-8,1.0958791863756e-9,7.59970290196678e-9,7.518520032615204e-8,7.142048996802689e-8,0.7936507899780698,1.380802355971518e-15,0.1443006890830404,1.835170304171752e-13,5.63678980479251e-13,2.619048840767566e-13
full_TAC,14,11,,64.96134197496231,21.833969841420302,3,2,LOCALLY_SOLVED,Solve_Succeeded,0.122132667,0.8481346622006672,1.0551376002984794e7,59.15546994973529,10.373372327289095,503.57998849690813,1.5922526291542861e-16,1.5922526291542861e-16,9.658444618652986e-9,0.0,0.9999999525405738,0.40072045169453957,1.5766355597331892e-6,1.2090364381426387e-6,7.655607866674355e-8,0.07936483983719544,2.7339829127890613e-7,3.83551148796518e-8,7.491305209840593e-9,6.216131708459983e-9,2.6400045688441863e-8,5.7331051094421595e-9,1.354916461388732e-7,0.07947929593573613,3.8443830613482116e-8,1.185072452290053e-8,3.879493921970513e-9,6.8477754094068525e-9,1.803734294606092e-8,8.001339769763446e-9,3.897858152982309e-9,6.9301241816334485e-9,1.8142010469134175e-8,8.034125747196735e-9,3.808250792102862e-9,6.550056067753212e-9,1.76802820728489e-8,7.884558582431717e-9,2.154782906599168e-7,-7.606834479190836e-9,-4.5930900344244214e-9,-9.505947954869624e-9,8.414030239327336e-9,-7.681375838001354e-9,-4.647265038609679e-9,-9.384989614272023e-9,0.9999994587842568,-8.334150127287458e-9,-6.64196632005742e-9,-9.658444618652986e-9,4.3722518133144086e-9,-8.434409993085246e-9,-6.6267202456739154e-9,-9.606556054288686e-9,4.392375588888749e-9,-8.52454879341016e-9,-6.800061900279459e-9,-9.632462954541264e-9,4.294221061940333e-9,-8.114802579855345e-9,-6.029416010914908e-9,-9.510234355577907e-9,8.506230962971504e-9,0.12085100611572942,8.505724617565967e-7,5.698474210691124e-7,8.323672455378433e-10,9.465473283336792e-9,8.213347547515245e-8,8.517756162599779e-8,1.5054627348763684e-8,0.12102529153850727,1.1960302857527768e-7,1.7606790719737926e-7,4.3105488021894576e-10,1.0427294373414978e-8,5.611617805441175e-8,1.1887704800791404e-7,4.330953503313675e-10,1.0552689094760023e-8,5.6441810348417436e-8,1.1936415395835148e-7,4.2313897690031783e-10,9.973949012260571e-9,5.50053220044188e-8,1.1714201322469979e-7,0.7936507853733796,6.25721965159375e-16,0.14430043489084296,1.0729991121687298e-13,3.1794036829462437e-13,1.4480455373133548e-13
full_TAC,14,12,,64.96134197496231,20.61902302048416,3,2,ALMOST_LOCALLY_SOLVED,Solved_To_Acceptable_Level,0.061353,0.8526875569695423,1.0559110443144528e7,59.21424534282452,12.901843168010187,503.5847089106508,1.1278456123176193e-16,5.925633689934952e-17,8.239503433248795e-9,0.0,0.9997734141053458,0.24668477296462268,0.5133805343609026,0.12634258698757617,0.0003691118777504478,0.045083524320198486,0.03918231625212753,0.00795331597981019,1.5230125707948405e-8,3.4979084735390653e-9,3.0117539927639045e-8,1.9073023509188497e-9,0.0007837311809905833,0.052694427077913296,0.08568386531421554,1.4012160951881049e-5,1.519750814534952e-8,3.487957972193996e-9,3.007515597074373e-8,1.905666576614534e-9,1.5312283240324737e-8,3.531647100428212e-9,3.021475752378316e-8,1.9172853111821198e-9,1.5190625758896234e-8,3.485417107367851e-9,3.00670403526572e-8,1.9049914182355565e-9,0.0004253989526211397,1.0416252898367338e-5,2.425447472849961e-5,2.177956691722371e-6,1.0352061214348752e-8,-4.866256991320179e-9,5.687097986304511e-9,-8.239503433248795e-9,0.9980669693050606,7.2360848912017645e-6,1.7015032929496558e-5,1.2603424375204777e-6,1.0329613958514746e-8,-4.834009223859425e-9,5.811303120012821e-9,-8.22093530960657e-9,1.040857449990054e-8,-4.849053302157499e-9,5.737168304354232e-9,-8.232754830338562e-9,1.0324876747819864e-8,-4.812840818730366e-9,5.894234865896188e-9,-8.209339215949839e-9,4.101243086116085e-5,0.0686499120330295,0.1219005394510634,0.11816355170003709,1.6922361897720442e-9,5.326360630161758e-9,9.369901310821036e-8,2.8337063499365764e-8,8.7081242332287e-5,0.08023924123227708,0.26657202542200387,0.00020818067699937556,1.688612016149946e-9,5.311208730386312e-9,9.35671519089805e-8,2.83127605668445e-8,1.7013648044805254e-9,5.377735357470231e-9,9.400146785176982e-8,2.8485381766134348e-8,1.6878473065440257e-9,5.307339686219226e-9,9.354190331937795e-8,2.8302729642356837e-8,0.7936583288493316,1.2819260963983637e-12,0.1443310512985407,1.3193718513526234e-10,4.243724343984611e-10,2.040895682525213e-10
full_TAC,14,13,,64.96134197496231,19.404076199548015,3,3,LOCALLY_SOLVED,Solve_Succeeded,0.133420667,0.848134820116098,1.0551376276869403e7,59.155475028903005,10.373380658008267,503.57999139953694,2.2556912246352386e-16,5.032034588719504e-22,9.000311491599613e-9,0.0,0.9999997941872316,0.4007202587979624,2.814179818053485e-6,1.520387943342333e-6,2.758123210885873e-7,0.07936456952430122,5.171261620113709e-7,6.808506136730173e-8,1.3418237423717435e-8,4.8330906452310375e-9,3.040211248564523e-8,3.0790469056944522e-9,6.276417518179715e-7,0.07947948910573005,6.31196731677814e-8,1.2960188554303799e-8,1.0030807027911485e-8,5.172522969854967e-9,2.446291731458008e-8,5.0657180090936365e-9,1.00992326392812e-8,5.259622491181623e-9,2.461962833999237e-8,5.125021392051769e-9,9.813556871607914e-9,4.9068387162445786e-9,2.398929683428862e-8,4.882398791780305e-9,3.644707667910912e-7,-1.2128563745774714e-9,8.935335135067734e-9,-8.25291860544487e-9,1.0487928161022197e-8,-5.9829110444760385e-9,5.007296023775736e-10,-8.746285872808402e-9,0.9999983441013104,-3.88339076637701e-9,1.7677672385809518e-10,-8.871916671388258e-9,7.74370517445591e-9,-6.6823785307436644e-9,-2.2615625552590714e-9,-8.948171140094819e-9,7.79954114989112e-9,-6.793255143224393e-9,-2.5154546938769095e-9,-9.000311491599613e-9,7.566305468970436e-9,-6.352558778300478e-9,-1.5040323459447129e-9,-8.780351054195477e-9,3.064581345428747e-8,0.12085059450291323,1.6088369484798204e-6,1.01154948317134e-6,1.490915269301937e-9,7.359478937056352e-9,9.45843499553407e-8,4.5745839741746146e-8,6.973797242421902e-8,0.12102558568372529,1.9637231652198658e-7,1.9255137280679924e-7,1.1145341142123866e-9,7.876341795006427e-9,7.610685386758246e-8,7.526209613510544e-8,1.122136959920133e-9,8.008970611572015e-9,7.659439927997624e-8,7.614317496762626e-8,1.0903952079564344e-9,7.471777136099698e-9,7.463336792889793e-8,7.253849633502167e-8,0.7936507899757251,1.3828583756428073e-15,0.14430044935420572,1.8382497940638523e-13,5.644657638640484e-13,2.6249420687511103e-13
full_TAC,14,14,,64.96134197496231,18.189129378611874,3,2,LOCALLY_SOLVED,Solve_Succeeded,0.143476375,0.8481428631603175,1.0551390207265262e7,59.155921130020445,10.374021584774109,503.58012475717476,1.5922526291542861e-16,1.5922526291542861e-16,8.25693893223796e-9,0.0,0.9999924449146597,0.40070426849260843,6.435868924935466e-5,3.112720560924951e-5,8.161963429750063e-6,0.07935087555937537,1.3879993345240892e-5,1.7947723852168955e-6,1.5207026526991795e-8,3.5453861379387313e-9,3.016538713238507e-8,1.937014240809119e-9,2.393882023519568e-5,0.0794866505115027,1.4299965098155991e-6,1.5817484137439203e-7,1.5067092309541872e-8,3.5722781817129283e-9,2.989246866496906e-8,1.9803190943223673e-9,1.5139117010594528e-8,3.6007306995283235e-9,2.998149101903251e-8,1.988278962391673e-9,1.4989410845840253e-8,3.5415683459919494e-9,2.97966466900351e-8,1.9717658652609695e-9,7.114385499666028e-6,2.9255163296685963e-7,6.216097350162258e-7,4.8357588645567454e-8,1.0377656368665765e-8,-4.900142720466892e-9,5.48437815081738e-9,-8.256621917278912e-9,0.9999495546612934,2.005995176012832e-7,2.8176801682930896e-7,1.874606191889851e-8,1.028089952360819e-8,-4.895750863370327e-9,5.361560037406584e-9,-8.239830535788783e-9,1.0330714635256638e-8,-4.923363538600802e-9,5.248916707254756e-9,-8.25693893223796e-9,1.0227138629024847e-8,-4.864816769454704e-9,5.488154077235388e-9,-8.220525315641165e-9,9.068848255277844e-7,0.12082974232904883,4.3182201518527215e-5,2.6665189723222443e-5,1.6896696141101988e-9,5.3986561645885225e-9,9.384787107853133e-8,2.8778497292021197e-8,2.6598689150217414e-6,0.12103649055160637,4.4488780305374195e-6,2.350026214705253e-6,1.674121367726874e-9,5.439605413062867e-9,9.299879140212597e-8,2.942188368707517e-8,1.6821241122882805e-9,5.4829308379181285e-9,9.327574983699002e-8,2.9540144584104853e-8,1.6654900939822497e-9,5.392842708669559e-9,9.270067859122032e-8,2.9294807141020117e-8,0.7936510014234743,3.729956010287456e-14,0.14430090236674625,3.8740202780453796e-12,1.2368593798858419e-11,5.915419608046581e-12
full_TAC,14,15,,64.96134197496231,16.974182557675732,3,2,ALMOST_LOCALLY_SOLVED,Solved_To_Acceptable_Level,0.053494333,0.8539054983200909,1.0561258725392776e7,59.20726422129802,12.477137767218665,503.58474783168964,3.1845052583085723e-16,3.1845052583085723e-16,8.23950205887966e-9,0.0,0.999742662615327,0.2624382283339339,0.48695401052554455,0.10185220962719477,0.0005962943575435514,0.02095611353705529,0.04546484946331487,0.006409619395556129,1.523034912972188e-8,3.4978608739860073e-9,3.01175325128846e-8,1.9072842614660817e-9,0.0007621403901630581,0.08306638910586699,0.0729731851513618,1.32691572624491e-5,1.5197711539118963e-8,3.487903088616613e-9,3.007512478039549e-8,1.9056465322902704e-9,1.531248520032494e-8,3.531590563693161e-9,3.021472219166809e-8,1.9172647674588218e-9,1.5190838884240046e-8,3.4853659857827533e-9,3.006702111099583e-8,1.9049723768044596e-9,0.09314535269833261,1.0525741458113072e-5,2.4652356544059058e-5,2.2028878411633735e-6,1.0352182081492566e-8,-4.866262573535362e-9,5.687108818164179e-9,-8.23950205887966e-9,0.9050878288579854,7.28223494952871e-6,1.6919672863961412e-5,1.2572323682868129e-6,1.0329721155155163e-8,-4.834007581479312e-9,5.81134498119686e-9,-8.220929359846506e-9,1.040868032101484e-8,-4.849050360676045e-9,5.7372152607659256e-9,-8.23274815899336e-9,1.0324990666316276e-8,-4.812842954406464e-9,5.8942610645178356e-9,-8.209335562251142e-9,6.625492861595015e-5,0.03191044561324328,0.1414461983303129,0.09522863101969105,1.6922610144135415e-9,5.326288149024147e-9,9.369899004008541e-8,2.8336794741781786e-8,8.468226557367309e-5,0.12648745613847925,0.22702768713756996,0.0001971417650421009,1.688634615457662e-9,5.311125157666206e-9,9.356705487234153e-8,2.8312462765455443e-8,1.701387244480548e-9,5.3776492674418585e-9,9.400135792963406e-8,2.848507654510249e-8,1.6878709871377821e-9,5.307261841987374e-9,9.354184345643146e-8,2.8302446741094822e-8,0.7936583163406153,1.281925434872285e-12,0.144328940702891,1.3193687634463787e-10,4.243714383862006e-10,2.0408924838154786e-10
full_TAC,14,16,,64.96134197496231,15.759235736739589,3,2,LOCALLY_SOLVED,Solve_Succeeded,0.133254875,0.8481428631481422,1.0551390207244493e7,59.15592112940697,10.374021579331943,503.58012475720204,1.1278456123176193e-16,8.051255341951207e-21,8.256938920178796e-9,0.0,0.9999924449259591,0.40070426863574565,6.435861050962279e-5,3.112688453332333e-5,8.161962800620385e-6,0.07935087561933629,1.3879973731370531e-5,1.7947522222041674e-6,1.5207026569326972e-8,3.5453861586804345e-9,3.016538711953515e-8,1.9370141780349656e-9,2.3938798187582334e-5,0.07948665050819416,1.4299968896066843e-6,1.5817475545756956e-7,1.5067092389761253e-8,3.5722781899503423e-9,2.989246873255968e-8,1.9803190141546023e-9,1.513911709118236e-8,3.6007307076349474e-9,2.998149108629958e-8,1.9882788816849273e-9,1.49894109317177e-8,3.541568356763348e-9,2.979664676537019e-8,1.9717657863284432e-9,7.114389096720583e-6,2.92551771509027e-7,6.216099620919797e-7,4.835759908582789e-8,1.0377656435096388e-8,-4.900142680480772e-9,5.484378295608934e-9,-8.256621903537118e-9,0.9999495546941916,2.005995974731921e-7,2.8176812189716796e-7,1.874607047177672e-8,1.0280899615930508e-8,-4.895750819524743e-9,5.361560241880932e-9,-8.239830524165136e-9,1.0330714727981755e-8,-4.923363493992582e-9,5.2489169133599996e-9,-8.256938920178796e-9,1.0227138725105033e-8,-4.8648167283010875e-9,5.488154272097326e-9,-8.220525305723199e-9,9.068847556244868e-7,0.12082974242035298,4.318214049759721e-5,2.666489015846191e-5,1.6896696188141073e-9,5.3986561961724795e-9,9.384787103855379e-8,2.8778496359376628e-8,2.659866465286925e-6,0.12103649054656836,4.448879212109683e-6,2.3500249382267473e-6,1.6741213766401385e-9,5.439605425606203e-9,9.299879161240789e-8,2.942188249601123e-8,1.682124121242484e-9,5.482930850262305e-9,9.327575004626535e-8,2.9540143385033204e-8,1.6654901035241881e-9,5.392842725071461e-9,9.270067882559615e-8,2.9294805968308298e-8,0.7936510014235286,3.7299572508173483e-14,0.14430090236666226,3.874021526367812e-12,1.2368597817964279e-11,5.915421523847362e-12
full_TAC,14,17,,64.96134197496231,14.544288915803445,3,2,LOCALLY_SOLVED,Solve_Succeeded,0.094670709,0.8481348201161718,1.0551376276869532e7,59.15547502890561,10.37338065800438,503.5799913995383,1.5922526291542861e-16,1.5922526291542861e-16,9.000311215582671e-9,0.0,0.9999997941871608,0.4007202587980899,2.8141803235683493e-6,1.520387617180146e-6,2.7581241525498773e-7,0.0793645695242561,5.171262599410461e-7,6.808504542113613e-8,1.3418238771668922e-8,4.833090417701005e-9,3.0402113219219336e-8,3.0790461219929065e-9,6.276420009653221e-7,0.0794794891058227,6.31196853950513e-8,1.2960188627250809e-8,1.0030809304649984e-8,5.172522845675953e-9,2.446291980554889e-8,5.065716650290704e-9,1.0099234944564308e-8,5.259622366378958e-9,2.4619630855844422e-8,5.12502003110231e-9,9.813559073288961e-9,4.906838610186488e-9,2.398929927531134e-8,4.882397453951439e-9,3.644708458137887e-7,-1.212852435230337e-9,8.935343252573231e-9,-8.252917806931773e-9,1.0487928702942538e-8,-5.982910550164919e-9,5.007313396551844e-10,-8.746285671914218e-9,0.9999983441007655,-3.883388056060385e-9,1.7678043562904837e-10,-8.87191620695637e-9,7.743706625543885e-9,-6.6823779008683415e-9,-2.2615607327865406e-9,-8.948170858070202e-9,7.799542621096618e-9,-6.7932545080616676e-9,-2.515452884430624e-9,-9.000311215582671e-9,7.566306868780215e-9,-6.3525581875932384e-9,-1.504030531712035e-9,-8.780350765455201e-9,3.0645823917220845e-8,0.12085059450284451,1.6088372531499213e-6,1.0115492462568796e-6,1.490915419074324e-9,7.3594785905901665e-9,9.458435223757125e-8,4.5745828098180326e-8,6.973800010725798e-8,0.12102558568386636,1.9637235456238177e-7,1.9255137389058343e-7,1.114534367183331e-9,7.876341605915655e-9,7.610686161726321e-8,7.526207594717615e-8,1.1221372160627006e-9,8.008970421531595e-9,7.659440710707153e-8,7.614315474780572e-8,1.090395452587662e-9,7.471776974602151e-9,7.463337552319083e-8,7.253847645870708e-8,0.7936507899757278,1.3828588095199448e-15,0.1443004493542129,1.838250217175738e-13,5.64465902613426e-13,2.624942721057366e-13
full_TAC,14,18,,64.96134197496231,13.329342094867304,3,2,LOCALLY_SOLVED,Solve_Succeeded,0.111583458,0.8481428631044051,1.0551390207169594e7,59.15592112713439,10.374021563882447,503.5801247570842,2.2556912246352386e-16,5.126570965080088e-17,8.256938917446238e-9,0.0,0.9999924449662595,0.40070426903855,6.435832770945932e-5,3.112598382933017e-5,8.161948712051734e-6,0.07935087579854945,1.3879906390353684e-5,1.7946959293494884e-6,1.5207026639643872e-8,3.545386277314598e-9,3.016538717742858e-8,1.937014054439838e-9,2.3938707250224945e-5,0.07948665048870049,1.4299955469302127e-6,1.5817425226037953e-7,1.5067092457555202e-8,3.572278345687321e-9,2.989246874271994e-8,1.980318914954107e-9,1.5139117170407145e-8,3.600730868735569e-9,2.9981491110986545e-8,1.9882787832343304e-9,1.4989410964045445e-8,3.5415684975669075e-9,2.979664673139717e-8,1.971765683781761e-9,7.114387097151548e-6,2.925517232075465e-7,6.216096854137279e-7,4.835754505913155e-8,1.0377656640844789e-8,-4.900142623677635e-9,5.48437839515392e-9,-8.256621891568777e-9,0.9999495548531859,2.005995197475843e-7,2.8176796449555725e-7,1.8746050298915886e-8,1.028089981850081e-8,-4.895750784608896e-9,5.3615601866333485e-9,-8.239830518429014e-9,1.0330714939193422e-8,-4.923363464227142e-9,5.248916839679333e-9,-8.256938917446238e-9,1.0227138902328428e-8,-4.864816679588285e-9,5.4881542710433636e-9,-8.220525291415758e-9,9.068831902279701e-7,0.12082974269324577,4.3181930992211456e-5,2.6664053807478114e-5,1.6896696266270962e-9,5.3986563768199555e-9,9.384787121866669e-8,2.877849452310616e-8,2.6598563611361044e-6,0.12103649051688481,4.448875034893994e-6,2.35001746215421e-6,1.6741213841727996e-9,5.4396056627511466e-9,9.299879164401758e-8,2.9421881022175305e-8,1.6821241300452377e-9,5.482931095574616e-9,9.327575012306924e-8,2.9540141922338617e-8,1.6654901071161598e-9,5.3928429394768815e-9,9.27006787199023e-8,2.9294804444757587e-8,0.7936510014233731,3.729955452379504e-14,0.14430090236579254,3.874019600199663e-12,1.2368591737974152e-11,5.915418585143727e-12
full_TAC,14,19,,64.96134197496231,12.11439527393116,3,1,ALMOST_LOCALLY_SOLVED,Solved_To_Acceptable_Level,0.060531208,0.8490022870700832,1.0552871333000334e7,59.19009322711775,10.549418523454298,503.5847431017744,1.5922526291542861e-16,1.5922526291542861e-16,8.239501936465721e-9,0.0,0.9997454239605864,0.37150279330032443,0.14625824636557097,0.002656113298765731,0.00040297876191757446,0.06744098899243263,0.03544845531007155,0.00015347678863109163,1.5230325203270198e-8,3.4978723097355754e-9,3.011732829151426e-8,1.9073100282022797e-9,0.0007937209892533406,0.07981433318845506,0.00011858354643720336,1.3806528277841127e-5,1.5197690050910765e-8,3.4879154028496793e-9,3.0074924002768585e-8,1.9056725058246945e-9,1.5312463814500854e-8,3.531603085323736e-9,3.021452019576086e-8,1.917290996546216e-9,1.5190816276014842e-8,3.4853778647740603e-9,3.006681905237238e-8,1.904998223102319e-9,0.0005083898576829385,1.0477118820673945e-5,2.43115213042286e-5,2.130026538336564e-6,1.0352168853313549e-8,-4.86626185350251e-9,5.687085600474226e-9,-8.239501936465721e-9,0.9979072585957488,7.282898533613626e-6,1.3367801805946852e-5,1.2596473069060593e-6,1.0329709593545002e-8,-4.8340077356836316e-9,5.811317677543962e-9,-8.22092978731536e-9,1.0408668869129076e-8,-4.8490506766216505e-9,5.737187545929127e-9,-8.232748676728164e-9,1.0324978331414518e-8,-4.812842651129542e-9,5.894235413625488e-9,-8.209335710091746e-9,4.477541799084159e-5,0.10269423323847696,0.11028408318688926,0.002280226573947647,1.6922583559189103e-9,5.326305562551898e-9,9.369835468471102e-8,2.8337177561862435e-8,8.819122102814893e-5,0.12153546190060201,0.00036892658891574375,0.00020512556298506814,1.6886322278789732e-9,5.311143908884738e-9,9.356643023083559e-8,2.8312848657966887e-8,1.701384868277872e-9,5.377668334470233e-9,9.400072949792266e-8,2.8485466234400923e-8,1.6878684751127596e-9,5.307279930451409e-9,9.354121482960294e-8,2.8302830743234444e-8,0.793658323903698,1.2819256829100022e-12,0.14432315381532634,1.319369282508146e-10,4.2437160156806e-10,2.0408931604791545e-10
full_TAC,14,20,,64.96134197496231,10.899448452995019,3,3,LOCALLY_SOLVED,Solve_Succeeded,0.052958458,0.8481348201160696,1.0551376276869362e7,59.155475028887345,10.373380657893263,503.5799913995393,1.5922526291542861e-16,1.5922526291542861e-16,9.000310731752457e-9,0.0,0.9999997941874138,0.40072025880084106,2.814179482752229e-6,1.5203810401836955e-6,2.7581235377514885e-7,0.07936456952536244,5.171260223466512e-7,6.80846529966128e-8,1.3418243349422216e-8,4.833092818647553e-9,3.040211780577469e-8,3.0790425481110174e-9,6.27641532541332e-7,0.07947948910579236,6.31196898698383e-8,1.2960181449478903e-8,1.0030814550330591e-8,5.172525537330065e-9,2.4462926083935315e-8,5.065712703862272e-9,1.0099240263825142e-8,5.259625119145588e-9,2.4619637255196646e-8,5.125016092541723e-9,9.81356408761956e-9,4.906841119373748e-9,2.3989305187672612e-8,4.88239348707304e-9,3.6447099769569685e-7,-1.2128483263792814e-9,8.935351737351819e-9,-8.252916453982034e-9,1.0487933349804837e-8,-5.9829093981261685e-9,5.007343870118195e-10,-8.746285255031755e-9,0.9999983441014135,-3.883385605494495e-9,1.7678378341463804e-10,-8.871915451163986e-9,7.74371162936766e-9,-6.682376932102913e-9,-2.2615583160269255e-9,-8.948170338546292e-9,7.799547688112728e-9,-6.7932535734611514e-9,-2.5154505571731752e-9,-9.000310731752457e-9,7.566311673695893e-9,-6.3525571296543606e-9,-1.5040278729646174e-9,-8.780350131892222e-9,3.064581708612764e-8,0.12085059450452916,1.6088365139673594e-6,1.0115434159496758e-6,1.490915927713579e-9,7.359482246576955e-9,9.458436650685459e-8,4.574577500050654e-8,6.973794806014796e-8,0.12102558568382016,1.9637236848394136e-7,1.9255126724940083e-7,1.114534950036732e-9,7.87634570457078e-9,7.610688115002097e-8,7.526201731452517e-8,1.1221378070916822e-9,8.008974613244418e-9,7.659442701616735e-8,7.614309623204843e-8,1.0903960097355064e-9,7.471780795410025e-9,7.463339391720366e-8,7.253841752222801e-8,0.7936507899757297,1.3828590027150758e-15,0.14430044935421607,1.838250085751817e-13,5.644658924575135e-13,2.6249425412712624e-13
full_TAC,14,21,,64.96134197496231,9.684501632058875,3,3,LOCALLY_SOLVED,Solve_Succeeded,0.014560125,0.9930437960642887,1.0803711525373949e7,43.260075171113726,9.684501869236463,503.57998766066976,4.776757887462858e-16,4.776757887462858e-16,9.801287011306624e-9,9.760821778565485e-9,1.000000008602517,0.35556732966936816,2.6096950643759134e-9,-9.63131941309155e-9,-8.015434767310455e-9,-4.8855815513042385e-9,-9.067879441400644e-10,-4.0686578106209405e-10,-8.201196295506887e-9,-5.391494567144155e-9,-1.1927315085706337e-9,-4.314153593407376e-10,-6.4596514232559134e-9,0.09171839771210846,2.2800342067819733e-9,2.3850582461638857e-9,-7.481406329661236e-9,-3.495256999530939e-9,3.0058010720084354e-10,-1.139922078777553e-12,-7.424975222241078e-9,-1.73090478366407e-9,9.005253501993521e-10,4.269446802584338e-10,-7.854469805487481e-9,-5.0664391960191105e-9,-7.907826633136765e-10,-3.5665198589013894e-10,-2.588173730481662e-9,0.07936511212352212,-1.1059675305295995e-9,-8.851560301839943e-9,-4.651935665607263e-9,1.9181010258320887e-8,3.0017321096376625e-9,-3.5113790987566777e-9,0.9999999984710651,0.04482171256687243,-3.7052324502166204e-9,-8.988447777076643e-9,2.5715751831003487e-8,1.2208077949482647e-8,2.3703937792915465e-10,-5.166093584578999e-9,4.1842022481821793e-8,9.947768413368181e-9,-1.3462700323053206e-9,-6.983686918477995e-9,2.9949154705890044e-10,1.2214619696001986e-8,3.0993947807674807e-9,-1.7541826557346286e-9,-8.906038630344946e-10,-7.439408271304181e-9,-2.8211180484357556e-9,-6.04486303292254e-9,-9.112440328340981e-10,-8.209775818151327e-9,-3.710720248886416e-9,-6.409599624490959e-9,-7.177390470284347e-10,0.13966210560707423,7.093439754432806e-9,3.5435151085863437e-8,-8.312673699623592e-10,-5.322323158376656e-9,9.35138111291513e-10,-1.6935985170409356e-11,-8.249972469156751e-10,-2.635695920579379e-9,2.8016344228424286e-9,6.34317810669673e-9,-8.727188672763864e-10,-7.714805139392737e-9,-2.4602127303092155e-9,-5.2988295046534926e-9,0.7936507842211087,-1.7969509208008713e-15,0.16699511139764017,-8.149184184391904e-13,-2.0570740386777547e-12,-1.0986370459635012e-12
full_TAC,15,1,,60.627615040259855,33.98343805078173,3,2,ALMOST_LOCALLY_SOLVED,Solved_To_Acceptable_Level,0.0551595,0.8523960446321427,1.0558407114899801e7,59.187755596857755,15.654546501861729,503.58471855671195,1.1278456123176193e-16,1.1851267379869903e-16,8.239501139727069e-9,0.0,0.9997656650191133,0.17377835085618762,0.5150937007411711,0.29400751212964005,0.000381340322622109,0.06884130673643857,0.029487295310561084,0.00034040674176922495,1.523016794181701e-8,3.4978795572307594e-9,3.011749981440309e-8,1.9073076016166477e-9,0.0007843123859799347,3.757444389067703e-5,0.09579558762480617,0.018200369613636778,1.5197551081887533e-8,3.4879294278399276e-9,3.0075116965249015e-8,1.905671903565999e-9,1.5312326797195093e-8,3.53161842319113e-9,3.021471851046878e-8,1.9172907092950285e-9,1.5190668050345997e-8,3.4853883394233225e-9,3.0067000608760396e-8,1.9049966795959144e-9,0.0004562390398349799,1.0472625165007927e-5,2.428218588193791e-5,2.1419421770144404e-6,1.0352084045101539e-8,-4.866257913951195e-9,5.687109332768085e-9,-8.239501139727069e-9,0.9980141471870415,5.230199344619659e-6,1.7048074441445206e-5,1.5426664596494037e-6,1.0329637294587212e-8,-4.8340105359519186e-9,5.8113130629857145e-9,-8.22093319916599e-9,1.0408598185780348e-8,-4.8490546780958316e-9,5.737177844926372e-9,-8.23275279384601e-9,1.0324899644462266e-8,-4.812841955554169e-9,5.894245723540038e-9,-8.209336956691769e-9,4.237114695801209e-5,0.10482653525775873,0.09173825207730113,0.005057471591999912,1.6922408824241117e-9,5.326316598510474e-9,9.369888831147628e-8,2.8337141509733052e-8,8.714582066443716e-5,5.721563046989457e-5,0.2980307170549525,0.27040549140260356,1.6886167868763918e-9,5.311165265119889e-9,9.356703055855246e-8,2.8312839710123414e-8,1.7013696441327876e-9,5.37769168985922e-9,9.400134647701397e-8,2.848546196666899e-8,1.687852005593999e-9,5.307295880485513e-9,9.354177967169899e-8,2.8302807811139294e-8,0.7936583257166531,1.2819252306541903e-12,0.1443225937606235,1.3193708560907824e-10,4.2437215814605566e-10,2.0408938442404592e-10
full_TAC,15,2,,60.627615040259855,32.76849122984559,3,2,LOCALLY_SOLVED,Solve_Succeeded,0.139756542,0.8488121846493444,1.0552009636410898e7,59.15667715035575,17.981347840101506,503.5801243272851,1.5922526291542861e-16,1.5922526291542861e-16,8.256898436497098e-9,0.0,0.999992841167322,0.2001871297098402,6.437470537296742e-5,0.4635761158334802,7.86375171506802e-6,0.07935286583218537,1.3873873015243336e-5,1.1362947985423158e-6,1.520839141323705e-8,3.547785888307508e-9,3.0172958378410574e-8,1.934360566241821e-9,2.3775631208606425e-5,4.303419677905812e-7,1.4403371266685868e-6,0.029233382522988814,1.506881814996358e-8,3.574814142400274e-9,2.990033764441759e-8,1.9776364817904534e-9,1.5140914298631635e-8,3.6033040050056824e-9,2.998947570797891e-8,1.98558775443425e-9,1.4990979018184558e-8,3.544032142252901e-9,2.980429140485389e-8,1.969083563490691e-9,6.726399020467498e-6,2.9159334631259576e-7,6.198264670388267e-7,4.7641249709807693e-8,1.0379053863486771e-8,-4.8993946090162494e-9,5.486354142471606e-9,-8.256525693042453e-9,0.999950851554482,9.72592946038047e-8,2.8208271582664174e-7,3.5169504061481e-8,1.0282543538580147e-8,-4.895086238744134e-9,5.3631537217157625e-9,-8.239778257614212e-9,1.0332409554701366e-8,-4.922722701048185e-9,5.250417083588015e-9,-8.256898436497098e-9,1.0228671875951699e-8,-4.864095261843288e-9,5.489977736345688e-9,-8.220440485544266e-9,8.73750190563113e-7,0.1208327729717368,4.3163160491868154e-5,1.6882094149771548e-5,1.6898212681374491e-9,5.402310329922796e-9,9.387142606616621e-8,2.873907126987848e-8,2.6417368009562686e-6,6.552934509538394e-7,4.4810488385244916e-6,0.4343245403415481,1.67431312777373e-9,5.443466989564053e-9,9.302327267152139e-8,2.9382027729458163e-8,1.6823238109590699e-9,5.486849280349561e-9,9.330059109148996e-8,2.950016092302314e-8,1.6656643353538393e-9,5.396594398430553e-9,9.272446214843432e-8,2.925495580043312e-8,0.7936510015156926,3.729746144313087e-14,0.1443011309794444,3.873826100341813e-12,1.2368113654161193e-11,5.915017421517253e-12
full_TAC,15,3,,60.627615040259855,31.553544408909442,3,3,LOCALLY_SOLVED,Solve_Succeeded,0.146434042,0.8488043422314276,1.0551996088275127e7,59.15623819926306,17.980237990473405,503.5799888530407,1.1278456123176193e-16,5.925633689934952e-17,9.526215901997333e-9,0.0,0.9999999369125692,0.2002158466325501,1.7798038509430637e-6,0.4635179529711304,1.007352344451821e-7,0.07936481653980926,3.112216359637433e-7,3.878495041651957e-8,9.177243902826307e-9,6.0538198142441755e-9,2.8084449951869348e-8,4.920846480040081e-9,1.9303530220588244e-7,1.6706254006332e-8,4.25333527798019e-8,0.029230799526494843,5.159499535147365e-9,6.449607628856202e-9,1.9487270144322636e-8,7.444507868396235e-9,5.185045069393379e-9,6.5391226078251915e-9,1.9604773419664535e-8,7.485569306604701e-9,5.064765482462665e-9,6.136744102116302e-9,1.909438216377052e-8,7.300048028123791e-9,2.2110155016161569e-7,-6.822568356445614e-9,-2.8812482589136937e-9,-9.344801389489611e-9,9.127123195951092e-9,-7.264907359990728e-9,-3.5468449357306365e-9,-9.240517461951176e-9,0.9999993379294506,-8.12216125686272e-9,-5.686223628316376e-9,-9.524098069819618e-9,5.031356846300349e-9,-8.083937002374506e-9,-5.8484347827983475e-9,-9.493745356029319e-9,5.0571113576249585e-9,-8.185694954531093e-9,-6.046688149564252e-9,-9.526215901997333e-9,4.935876179839866e-9,-7.73396901910434e-9,-5.181929707987801e-9,-9.374960042283172e-9,1.1192803827242452e-8,0.12085097064016409,9.68245089664979e-7,5.762335490454335e-7,1.0196937669807005e-9,9.218316535326356e-9,8.737384429470464e-8,7.310971913202406e-8,2.1448366911764706e-8,2.5439068600550997e-8,1.3232598642605034e-7,0.4342861643936376,5.732777261274847e-10,9.820993434849215e-9,6.062706267122597e-8,1.1060411690188689e-7,5.761161188214864e-10,9.957300334642906e-9,6.09926284167341e-8,1.1121417255526984e-7,5.627517202736291e-10,9.344587610040731e-9,5.9404744509508283e-8,1.0845785641783918e-7,0.7936507859461976,7.166039763150014e-16,0.14430067696356993,1.169234934062768e-13,3.4894024118910624e-13,1.595261602929154e-13
full_TAC,15,4,,60.627615040259855,30.3385975879733,3,2,LOCALLY_SOLVED,Solve_Succeeded,0.136169875,0.8488043422315484,1.0551996088275336e7,59.15623819926479,17.980237990492224,503.57998885304295,1.5922526291542861e-16,1.5922526291542861e-16,9.52621531574074e-9,0.0,0.9999999369124637,0.2002158466320296,1.7798049303397557e-6,0.46351795297212994,1.0073538800049369e-7,0.07936481653960178,3.1122184239046156e-7,3.878496937904452e-8,9.177252306942424e-9,6.0538182918339414e-9,2.8084456356223152e-8,4.920842882588991e-9,1.9303564109776934e-7,1.6706257610518753e-8,4.2533373549672414e-8,0.029230799526550926,5.159506308295247e-9,6.449605394459379e-9,1.948727708461355e-8,7.444505006320675e-9,5.18505188408543e-9,6.539120399656991e-9,1.9604780421097535e-8,7.485566487025094e-9,5.064772122471705e-9,6.136741832277716e-9,1.9094388943372814e-8,7.300045029785907e-9,2.211016812894935e-7,-6.822563790351442e-9,-2.8812383528510196e-9,-9.34480046685677e-9,9.127126641889045e-9,-7.2649052701622805e-9,-3.5468392171161315e-9,-9.240516719865041e-9,0.999999337928621,-8.122158924688088e-9,-5.686218225156619e-9,-9.524097385597041e-9,5.0313604461201735e-9,-8.083935141709943e-9,-5.848430573551735e-9,-9.493744735889173e-9,5.057114989123538e-9,-8.185693145546744e-9,-6.0466840604147595e-9,-9.52621531574074e-9,4.9358796831985324e-9,-7.733967039592746e-9,-5.181925184633816e-9,-9.374959310487209e-9,1.1192820888943737e-8,0.12085097063984815,9.682457318814357e-7,5.762338307743756e-7,1.0196947007713801e-9,9.218314217110773e-9,8.73738642193609e-8,7.31096656841793e-8,2.1448404566418808e-8,2.543907408874446e-8,1.3232605104342528e-7,0.4342861643944708,5.732784786994717e-10,9.820990032472236e-9,6.062708426324215e-8,1.1060407437962143e-7,5.76116876009492e-10,9.957296972204963e-9,6.09926501989701e-8,1.1121413066437281e-7,5.627524580524114e-10,9.344584153695612e-9,5.940476560160431e-8,1.0845781187110489e-7,0.793650785946201,7.166044887391298e-16,0.14430067696358165,1.1692354838788274e-13,3.489404182927605e-13,1.5952624483579616e-13
full_TAC,15,5,,60.627615040259855,29.12365076703716,3,2,LOCALLY_SOLVED,Solve_Succeeded,0.147908875,0.848812184902652,1.0552009636850448e7,59.15667715088728,17.981347852520177,503.5801243273452,1.5922526291542861e-16,1.5922526291542861e-16,8.256898742266676e-9,0.0,0.9999928411893038,0.20018712728540114,6.438687170337175e-5,0.46357611594250403,7.863793159192136e-6,0.07935286487081736,1.3876730567990714e-5,1.1363033556046179e-6,1.520838430083514e-8,3.547782995889328e-9,3.017299001422314e-8,1.9343598103675504e-9,2.3775611944248884e-5,4.303420783071498e-7,1.4404357063575935e-6,0.02923338252130314,1.50688113706302e-8,3.574811291594515e-9,2.9900368833965784e-8,1.9776356883463537e-9,1.5140907459406993e-8,3.6033011303845075e-9,2.9989507023016655e-8,1.985586953740811e-9,1.4990972315268574e-8,3.544029321828969e-9,2.980432247414319e-8,1.9690827791257983e-9,6.726460955460952e-6,2.915938653997162e-7,6.198365092218307e-7,4.764133462514414e-8,1.0379048964485456e-8,-4.899395641484344e-9,5.4863548002141265e-9,-8.256526003042877e-9,0.9999508514899338,9.725935985519128e-8,2.8208549758997685e-7,3.516953342666543e-8,1.0282538864241646e-8,-4.89508723520123e-9,5.363154440753668e-9,-8.239778571231487e-9,1.0332404841820132e-8,-4.9227236847478236e-9,5.250417801910494e-9,-8.256898742266676e-9,1.0228667251409449e-8,-4.864096275703692e-9,5.489978443157912e-9,-8.220440810169823e-9,8.737547954657926e-7,0.12083277150783549,4.31720506559711e-5,1.6882221283268604e-5,1.6898204778705703e-9,5.4023059255587494e-9,9.387152448869419e-8,2.8739060039746458e-8,2.6417346604720976e-6,6.552936192404326e-7,4.481355530890291e-6,0.4343245403165037,1.6743123745144662e-9,5.443462648564374e-9,9.30233697056713e-8,2.9382015941145825e-8,1.6823230510452206e-9,5.4868449030854994e-9,9.330068851605181e-8,2.950014902700633e-8,1.6656635905853966e-9,5.396590103694111e-9,9.272455880844549e-8,2.925494414701186e-8,0.7936510015158074,3.729748923870647e-14,0.14430113098104452,3.873829038861888e-12,1.236812282987279e-11,5.915021980520758e-12
full_TAC,15,6,,60.627615040259855,27.908703946101014,3,3,LOCALLY_SOLVED,Solve_Succeeded,0.14887225,0.8488043422314892,1.0551996088275233e7,59.1562381992638,17.980237990481925,503.5799888530418,2.2556912246352386e-16,1.5922526291542861e-16,9.52621559756809e-9,0.0,0.9999999369125181,0.2002158466323091,1.7798044073876246e-6,0.46351795297157533,1.0073531012742847e-7,0.07936481653971279,3.112217415785853e-7,3.8784958404782003e-8,9.177248164374803e-9,6.053819108338271e-9,2.8084453424544034e-8,4.920844577035465e-9,1.9303547593747207e-7,1.6706255986656286e-8,4.253336381567261e-8,0.029230799526521228,5.159502998827933e-9,6.449606515389976e-9,1.9487273814812517e-8,7.444506365991007e-9,5.185048554501317e-9,6.539121508258297e-9,1.9604777122416736e-8,7.485567826347447e-9,5.064768877464164e-9,6.1367429690174635e-9,1.909438574881174e-8,7.300046454509817e-9,2.2110160225038268e-7,-6.822565993405627e-9,-2.8812431313405355e-9,-9.344800910534234e-9,9.127124931401966e-9,-7.264906271475518e-9,-3.5468419613833353e-9,-9.240517075402524e-9,0.9999993379290469,-8.122160049103502e-9,-5.686220827873822e-9,-9.524097714650053e-9,5.031358693922408e-9,-8.083936038148145e-9,-5.8484325998982405e-9,-9.49374503388501e-9,5.057113221654048e-9,-8.185694017291367e-9,-6.046686029442055e-9,-9.52621559756809e-9,4.935877977449375e-9,-7.733967992386148e-9,-5.18192736012496e-9,-9.374959661579692e-9,1.1192812236380936e-8,0.1208509706400172,9.682454182444875e-7,5.762336677281897e-7,1.0196942404860888e-9,9.218315460424185e-9,8.737385509858144e-8,7.31096908588126e-8,2.1448386215274666e-8,2.5439071616044796e-8,1.3232602075987035e-7,0.43428616439402956,5.732781109808812e-10,9.820991739343826e-9,6.062707409052783e-8,1.1060409458043781e-7,5.761165060557016e-10,9.957298660302407e-9,6.099263993640761e-8,1.1121415056287635e-7,5.62752097496018e-10,9.344585884640226e-9,5.9404755662969855e-8,1.0845783303843156e-7,0.7936507859461993,7.166042485403662e-16,0.14430067696357596,1.1692352185283097e-13,3.4894033289854124e-13,1.5952620396424386e-13
full_TAC,15,7,,60.627615040259855,26.693757125164872,3,1,ALMOST_LOCALLY_SOLVED,Solved_To_Acceptable_Level,0.065547459,0.8523284951709623,1.0558304073198574e7,59.18457939167892,15.454021367927854,503.58469326121593,1.5922526291542861e-16,1.5922526291542861e-16,8.239501712070798e-9,0.0,0.9997833341084967,0.17823887891137427,0.5197514500627214,0.28155227781026687,0.00034325519309857315,0.07060795736023918,0.02611794755983251,9.640447089099691e-5,1.5230046978837186e-8,3.497941498443178e-9,3.0117560397949814e-8,1.907292561467316e-9,0.000780952940353884,3.908593870600447e-5,0.1002979538209814,0.017658909406809586,1.5197443044879468e-8,3.4879960282160393e-9,3.007519282641386e-8,1.9056581680860217e-9,1.5312220062455543e-8,3.531686403370098e-9,3.021479769197773e-8,1.9172770814111875e-9,1.5190553518235202e-8,3.4854524203916665e-9,3.0067068486798235e-8,1.904982289848618e-9,0.0003674575044975688,1.0378766219622389e-5,2.402628820730801e-5,2.09948587635271e-6,1.0352022514970298e-8,-4.866246979600414e-9,5.687115955259825e-9,-8.239501712070798e-9,0.9981666473404296,5.261313552165383e-6,1.7088572358015942e-5,1.5415221982529383e-6,1.0329584590681336e-8,-4.834004246980247e-9,5.811299587834754e-9,-8.220936755934526e-9,1.0408546617286422e-8,-4.849049279139119e-9,5.737160896612416e-9,-8.232756830401669e-9,1.032484245539331e-8,-4.812833136697053e-9,5.894242649141811e-9,-8.209339004254119e-9,3.813946589984145e-5,0.10751666234400058,0.08125583685281224,0.001432294996094811,1.6922274420930203e-9,5.3264109180839296e-9,9.369907679362164e-8,2.8336918056085835e-8,8.677254892820931e-5,5.9517224847779535e-5,0.3120380785541643,0.2623609397583138,1.6886047827643848e-9,5.3112666793289684e-9,9.356726657106533e-8,2.8312635640135177e-8,1.7013577847172818e-9,5.3777952051317395e-9,9.400159281948626e-8,2.8485259495251925e-8,1.6878392798039108e-9,5.307393458323673e-9,9.354199084781673e-8,2.8302594020608032e-8,0.7936583339177203,1.2819251855650679e-12,0.14432152071837387,1.3193722429699763e-10,4.2437262984344545e-10,2.0408948491503606e-10
full_TAC,15,8,,60.627615040259855,25.47881030422873,3,3,LOCALLY_SOLVED,Solve_Succeeded,0.15924725,0.8488121847673239,1.0552009636616413e7,59.156677147805624,17.98134783560597,503.5801243272624,2.2556912246352386e-16,1.7776901069804858e-16,8.256898739582692e-9,0.0,0.9999928412559059,0.20018712883106463,6.437999657319826e-5,0.46357611531342185,7.863723544007836e-6,0.07935286548296398,1.3875060909640043e-5,1.1362897074363842e-6,1.520838415195342e-8,3.5477833423017644e-9,3.017298866339187e-8,1.9343598039997937e-9,2.3775571598326612e-5,4.3034272156369545e-7,1.4404337804023603e-6,0.029233382495283233,1.506881126483219e-8,3.574811652396677e-9,2.990036756377062e-8,1.977635686862316e-9,1.5140907362045426e-8,3.6033014965841165e-9,2.998950575766983e-8,1.985586953244577e-9,1.4990972184919723e-8,3.544029670697571e-9,2.980432117960656e-8,1.969082774879464e-9,6.726372003624727e-6,2.915935828645768e-7,6.198335359377419e-7,4.764127605406389e-8,1.0379048970198624e-8,-4.899395548499304e-9,5.486354810155957e-9,-8.256525987193243e-9,0.9999508517676676,9.72594002169588e-8,2.8208543096838863e-7,3.5169532443542615e-8,1.0282538898619185e-8,-4.8950871625189085e-9,5.363154377139626e-9,-8.239778566408624e-9,1.0332404882604219e-8,-4.922723616154752e-9,5.250417725772658e-9,-8.256898739582692e-9,1.0228667268172232e-8,-4.864096192634622e-9,5.489978417604363e-9,-8.220440799236492e-9,8.737470604453147e-7,0.12083277243996786,4.316685616332457e-5,1.688201851048342e-5,1.689820461328157e-9,5.402306453050414e-9,9.387152028610801e-8,2.873905994513979e-8,2.641730177591845e-6,6.55294598744718e-7,4.481349539029565e-6,0.4343245399299222,1.6743123627591316e-9,5.443463197967667e-9,9.302336575395303e-8,2.9382015919097266e-8,1.682323040227269e-9,5.486845460707632e-9,9.330068457941724e-8,2.9500149019633708e-8,1.6656635761021908e-9,5.396590634925847e-9,9.272455478099818e-8,2.9254944083923467e-8,0.7936510015158157,3.729748858588856e-14,0.14430113097967653,3.873828962519913e-12,1.2368122615260306e-11,5.9150218544619134e-12
full_TAC,15,9,,60.627615040259855,24.26386348329259,3,3,LOCALLY_SOLVED,Solve_Succeeded,0.169076708,0.8488043422314857,1.0551996088275228e7,59.156238199263164,17.98023799047818,503.5799888530415,1.3273419465454294e-16,5.925633689934952e-17,9.526215602630621e-9,0.0,0.9999999369125291,0.20021584663239606,1.7798043951589189e-6,0.463517952971354,1.0073529781229723e-7,0.07936481653974498,3.112217344590203e-7,3.878495327660057e-8,9.177249529578182e-9,6.053820706653297e-9,2.8084456825105668e-8,4.920843155053757e-9,1.9303546615144386e-7,1.670625622770728e-8,4.253336422928596e-8,0.029230799526513914,5.159502795927863e-9,6.449606676049643e-9,1.9487273938730132e-8,7.444506342385684e-9,5.18504834685122e-9,6.539121666143217e-9,1.9604777239964395e-8,7.485567806469147e-9,5.064768699516892e-9,6.1367431450240295e-9,1.9094385908324853e-8,7.300046405346186e-9,2.2110155861118748e-7,-6.822566068057222e-9,-2.8812432893185933e-9,-9.344800921690679e-9,9.127126536283305e-9,-7.264906205611841e-9,-3.5468418508096567e-9,-9.240516983872775e-9,0.9999993379291239,-8.122160084977708e-9,-5.686220904972982e-9,-9.52409772300121e-9,5.031358612845991e-9,-8.08393606468515e-9,-5.848432655663943e-9,-9.493745037952862e-9,5.057113135678674e-9,-8.18569404373756e-9,-6.046686085191951e-9,-9.526215602630621e-9,4.935877922545799e-9,-7.733968017380896e-9,-5.1819274124525594e-9,-9.374959656174304e-9,1.119281086803302e-8,0.12085097064006621,9.682453960947297e-7,5.762335915380655e-7,1.019694392175353e-9,9.218317894222063e-9,8.737386567810652e-8,7.310966973222724e-8,2.14483851279382e-8,2.5439071983099718e-8,1.3232602204666743e-7,0.4342861643939209,5.73278088436429e-10,9.820991983984683e-9,6.062707447604929e-8,1.1060409422973016e-7,5.761164829834687e-10,9.95729890071808e-9,6.099264030211144e-8,1.1121415026754158e-7,5.627520777240989e-10,9.344586152650227e-9,5.9404756159232867e-8,1.0845783230800047e-7,0.7936507859461993,7.166042090838791e-16,0.14430067696357568,1.1692352088975553e-13,3.489403301792009e-13,1.595262022374305e-13
full_TAC,15,10,,60.627615040259855,23.048916662356444,3,1,ALMOST_LOCALLY_SOLVED,Solved_To_Acceptable_Level,0.062355041,0.8522465802618242,1.055818077400025e7,59.18007909323488,15.187892345067693,503.5846926560561,2.2556912246352386e-16,8.888450534902429e-17,8.23950174273072e-9,0.0,0.9997837349481217,0.18544927903345895,0.5185425062100107,0.26540541009702456,0.00034278926135064954,0.07346612370873003,0.017077478525287872,9.826515988539704e-5,1.5230042076129083e-8,3.4979404619662476e-9,3.0117556226625104e-8,1.9072944988411197e-9,0.0007807030683822317,3.909566545703109e-5,0.1090443681314381,0.016638777858623686,1.5197438444121888e-8,3.4879951036834895e-9,3.0075189019576255e-8,1.9056601322345393e-9,1.5312215459769243e-8,3.5316854860449002e-9,3.0214793901816715e-8,1.9172790665396103e-9,1.5190548782566598e-8,3.4854514441342086e-9,3.006706451513709e-8,1.9049842391488597e-9,0.0003665632115327281,1.0379949197298272e-5,2.3940913804970764e-5,2.099780295452849e-6,1.035201968323363e-8,-4.8662472970593256e-9,5.687114950572838e-9,-8.23950174273072e-9,0.9981687378105173,5.26151740116605e-6,1.7121737592382453e-5,1.5399958781935787e-6,1.0329581964658594e-8,-4.834004674371761e-9,5.811298117697801e-9,-8.22093685372039e-9,1.0408543997184844e-8,-4.84904972336238e-9,5.7371593604961526e-9,-8.232756938411813e-9,1.0324839736072015e-8,-4.8128335121883795e-9,5.8942413979469614e-9,-8.209339068845767e-9,3.8087695705627706e-5,0.1118688701928389,0.053129933189784484,0.0014599395182973273,1.6922268973476755e-9,5.326409339812241e-9,9.369906381616699e-8,2.8336946839925206e-8,8.67447853758035e-5,5.953203603684279e-5,0.3392491452978074,0.2472046996138376,1.6886042715690979e-9,5.3112652715180404e-9,9.356725472757057e-8,2.8312664821770294e-8,1.7013572733076929e-9,5.377793808295643e-9,9.40015810278742e-8,2.848528898858849e-8,1.6878387536185103e-9,5.307391971749817e-9,9.35419784915376e-8,2.8302622981640198e-8,0.7936583339925829,1.2819252193405391e-12,0.14432010854527622,1.3193723125559537e-10,4.243726514571781e-10,2.0408949417816958e-10
full_TAC,15,11,,60.627615040259855,21.833969841420302,3,2,LOCALLY_SOLVED,Solve_Succeeded,0.153025791,0.8481428630953897,1.0551390207153363e7,59.15592108986512,10.374021582084845,503.58012475633683,1.1278456123176193e-16,5.126570965080088e-17,8.25693861028553e-9,0.0,0.9999924452387172,0.4007042679280036,6.435866432055944e-5,3.1127419538596824e-5,8.161740442425205e-6,0.07935087555927134,1.3879983034865178e-5,1.7947856491419634e-6,1.5207014618439325e-8,3.5453830250287273e-9,3.0165377268381685e-8,1.937013438420498e-9,2.3936975116540278e-5,0.07948665028407997,1.4299968944532808e-6,1.5817498025843725e-7,1.5067086399209192e-8,3.572277317688953e-9,2.9892466128721165e-8,1.980318892345482e-9,1.51391121691184e-8,3.600730266075996e-9,2.9981489830615684e-8,1.9882788809110316e-9,1.498940185669046e-8,3.5415662558338077e-9,2.979664032102614e-8,1.9717653213240762e-9,7.114426767350005e-6,2.925612096779805e-7,6.216259825199794e-7,4.8359057376754536e-8,1.0377651223344463e-8,-4.900139221257018e-9,5.48439200393684e-9,-8.256619944479212e-9,0.9999495572420235,2.0059933250580905e-7,2.81767698333083e-7,1.8746013885566265e-8,1.0280898489388383e-8,-4.895749649835318e-9,5.361564365724355e-9,-8.239829947526304e-9,1.0330714357542078e-8,-4.923362750469678e-9,5.248919291224767e-9,-8.25693861028553e-9,1.0227135444553211e-8,-4.864814353125711e-9,5.488163369225344e-9,-8.220523964295608e-9,9.068600491583557e-7,0.12082974232889045,4.3182169441802766e-5,2.666538678725203e-5,1.6896682909377021e-9,5.398651424475562e-9,9.384784039052079e-8,2.877848537081882e-8,2.6596639018378074e-6,0.12103649020530358,4.448879227187984e-6,2.350028278125353e-6,1.674120711023243e-9,5.439604097389995e-9,9.299878351157696e-8,2.942188068627573e-8,1.6821235743464885e-9,5.482930177888448e-9,9.327574613969323e-8,2.9540143373535324e-8,1.6654890951878283e-9,5.392839525928752e-9,9.270065877652576e-8,2.9294799059671986e-8,0.7936510014227178,3.729954155767621e-14,0.1443009023592226,3.874019787283641e-12,1.2368593847257997e-11,5.9154168083992885e-12
full_TAC,15,12,,60.627615040259855,20.61902302048416,3,3,LOCALLY_SOLVED,Solve_Succeeded,0.133171791,0.848134820115975,1.055137627686919e7,59.1554750288575,10.373380657997997,503.57999139953426,2.563285482540044e-17,1.5096103766158513e-21,9.000311596460191e-9,0.0,0.999999794187599,0.4007202587976254,2.814179198020327e-6,1.5203877653927337e-6,2.758119128957707e-7,0.07936456952444787,5.171260333974995e-7,6.80850488234958e-8,1.3418230198437289e-8,4.833089100227422e-9,3.04021070811805e-8,3.0790465679764204e-9,6.276399476873143e-7,0.07947948910545002,6.311966223641874e-8,1.296018809614663e-8,1.0030802776617279e-8,5.1725229039020305e-9,2.4462914829445325e-8,5.0657188161763045e-9,1.0099228515109215e-8,5.259622631876295e-9,2.4619626199736382e-8,5.125022339376247e-9,9.813552107069237e-9,4.906837903704901e-9,2.398929307695684e-8,4.882399055550688e-9,3.644708897259103e-7,-1.2128517614487109e-9,8.935342586008354e-9,-8.252917966874215e-9,1.0487926093112935e-8,-5.982908809736722e-9,5.007355514297624e-10,-8.746284883802972e-9,0.9999983441040401,-3.8833933391126235e-9,1.767730077685378e-10,-8.87191714239753e-9,7.743704514403085e-9,-6.6823784374326935e-9,-2.2615628231515337e-9,-8.948171124854494e-9,7.799540612395427e-9,-6.793255311436601e-9,-2.515455529814558e-9,-9.000311596460191e-9,7.56630433006712e-9,-6.352557763009064e-9,-1.5040305925571052e-9,-8.780350544041244e-9,3.0645768099530065e-8,0.12085059450313652,1.6088365483477765e-6,1.011549296806223e-6,1.4909144664930315e-9,7.35947658443721e-9,9.458433314145044e-8,4.574583472422109e-8,6.97377719652571e-8,0.12102558568329888,1.9637228251330276e-7,1.925513659998928e-7,1.1145336418463639e-9,7.876341694578091e-9,7.610684613605212e-8,7.526210812604794e-8,1.122136501678801e-9,8.00897082581163e-9,7.659439262140207e-8,7.614318904216138e-8,1.0903946785632478e-9,7.47177589882337e-9,7.463335623942127e-8,7.253850025389594e-8,0.7936507899757219,1.3828571556823898e-15,0.14430044935419475,1.8382490127954836e-13,5.64465566079782e-13,2.624940211246354e-13
full_TAC,15,13,,60.627615040259855,19.404076199548015,3,2,ALMOST_LOCALLY_SOLVED,Solved_To_Acceptable_Level,0.066712458,0.8526090291557819,1.055899077643933e7,59.20799193215828,12.667745874414635,503.58470535391956,1.4246470892433086e-16,1.3191176752252857e-16,8.23950139400384e-9,0.0,0.99977545227824,0.25414291527316885,0.505754440694432,0.11249384567161713,0.0003650504843112428,0.04973083082236159,0.03201726936191712,0.007079905166269095,1.5230098692869304e-8,3.497907778317181e-9,3.01175246842964e-8,1.907303476997804e-9,0.000781217554663678,0.051003499512908924,0.09099391898455257,1.407896152649747e-5,1.5197488705270976e-8,3.4879601308008853e-9,3.007514996008802e-8,1.9056684659218487e-9,1.5312265051912284e-8,3.5316498157080037e-9,3.021475319150506e-8,1.9172873607134846e-9,1.5190602241792843e-8,3.4854177121967916e-9,3.0067029385338985e-8,1.904992894036968e-9,0.0004170173409792495,1.0425186073469378e-5,2.4219923600345685e-5,2.177259378896479e-6,1.0352048016535686e-8,-4.86625300894534e-9,5.6871116490739315e-9,-8.23950139400384e-9,0.9980846946672517,7.231686955164803e-6,1.7039154971852605e-5,1.260500724019651e-6,1.0329605957530801e-8,-4.834008104286497e-9,5.811304705590849e-9,-8.220935035027245e-9,1.0408567414310415e-8,-4.849052713616031e-9,5.7371676572901785e-9,-8.232754884575023e-9,1.0324865937219763e-8,-4.812838190003887e-9,5.894242866392401e-9,-8.209337992050863e-9,4.0561164923471405e-5,0.07572649238859605,0.09960928245929772,0.10518716247028369,1.6922331880965885e-9,5.326359571528434e-9,9.369896568447767e-8,2.833708022968165e-8,8.680195051818642e-5,0.07766441971283858,0.2830921923963858,0.00020917314267939098,1.688609856141219e-9,5.311212017355894e-9,9.356713320916272e-8,2.8312788636553183e-8,1.7013627835458085e-9,5.377739492100824e-9,9.400145437357128e-8,2.8485412216314625e-8,1.6878446935325375e-9,5.307340607208751e-9,9.354186919883239e-8,2.830275156854924e-8,0.7936583285670507,1.2819252326455105e-12,0.14432909636060384,1.319371612158035e-10,4.243724143592195e-10,2.040894419669168e-10
full_TAC,15,14,,60.627615040259855,18.189129378611874,3,3,LOCALLY_SOLVED,Solve_Succeeded,0.113446708,0.8481348201160706,1.0551376276869357e7,59.155475028861986,10.373380658001631,503.5799913995363,2.2556912246352386e-16,5.032034588719504e-22,9.000311303290001e-9,0.0,0.9999997941874957,0.4007202587975736,2.8141798633931148e-6,1.5203878655757247e-6,2.7581202975794195e-7,0.07936456952431176,5.171261678518806e-7,6.808505899231883e-8,1.341823146539931e-8,4.833088650348904e-9,3.040210761489479e-8,3.0790458991863727e-9,6.276402796128286e-7,0.0794794891055631,6.311967648472959e-8,1.2960188717010917e-8,1.0030805101504434e-8,5.172522555651935e-9,2.446291733303888e-8,5.065717489282694e-9,1.0099230868564151e-8,5.25962227833814e-9,2.4619628724008147e-8,5.125021009338014e-9,9.813554359654209e-9,4.9068375906322805e-9,2.3989295548207213e-8,4.882397755188703e-9,3.6447097266525074e-7,-1.2128473693089577e-9,8.935351635187279e-9,-8.252917115259915e-9,1.0487926393773741e-8,-5.982908305938094e-9,5.007373965278949e-10,-8.746284675236678e-9,0.999998344103342,-3.883390289292944e-9,1.7677718509709824e-10,-8.871916644786212e-9,7.743705872709178e-9,-6.6823777583472735e-9,-2.2615608295729527e-9,-8.948170827174342e-9,7.79954198999259e-9,-6.79325462350564e-9,-2.515453545114806e-9,-9.000311303290001e-9,7.566305642014998e-9,-6.352557137261801e-9,-1.5040286267971068e-9,-8.780350246832555e-9,3.0645781084215756e-8,0.12085059450292926,1.608836966650295e-6,1.0115494478858797e-6,1.4909146072665896e-9,7.359475899394922e-9,9.458433480189488e-8,4.574582478791182e-8,6.973780884586982e-8,0.12102558568347108,1.9637232684138093e-7,1.9255137522416216e-7,1.114533900167159e-9,7.876341164288175e-9,7.610685392500985e-8,7.526208841220001e-8,1.122136763173794e-9,8.00897028746944e-9,7.6594400474692e-8,7.614316928159335e-8,1.0903949288504673e-9,7.471775422099154e-9,7.463336392775575e-8,7.253848093423215e-8,0.7936507899757251,1.3828576886562145e-15,0.14430044935420322,1.8382495271029643e-13,5.644657323129645e-13,2.624941002307632e-13
full_TAC,15,15,,60.627615040259855,16.974182557675732,3,2,LOCALLY_SOLVED,Solve_Succeeded,0.12921125,0.8481428630778938,1.0551390207123427e7,59.155921089155186,10.374021575502773,503.58012475633893,1.5922526291542861e-16,1.5922526291542861e-16,8.256938600905579e-9,0.0,0.999992445251736,0.4007042681140731,6.435849489485471e-5,3.1127035271368226e-5,8.161737884869602e-6,0.07935087563772038,1.387994262590362e-5,1.7947615573445657e-6,1.5207014673013257e-8,3.5453830616505487e-9,3.016537723163008e-8,1.9370133749397953e-9,2.3936947639384755e-5,0.07948665027933519,1.4299961615892544e-6,1.5817483919006027e-7,1.5067086479394803e-8,3.572277350903022e-9,2.9892466141804e-8,1.9803188202242765e-9,1.513911225133316e-8,3.600730300015844e-9,2.998148984544587e-8,1.988278808516238e-9,1.4989401935584417e-8,3.5415662886187395e-9,2.9796640333293637e-8,1.971765249589167e-9,7.114428882979059e-6,2.925612985006238e-7,6.216256556199483e-7,4.835905563365498e-8,1.0377651310457365e-8,-4.900139183097945e-9,5.484392121032552e-9,-8.256619932621499e-9,0.9999495572862979,2.0059937692095123e-7,2.817677376045098e-7,1.874601680990692e-8,1.0280898593794662e-8,-4.895749612139359e-9,5.361564502193828e-9,-8.239829938006598e-9,1.0330714463559124e-8,-4.923362713002604e-9,5.2489194261581256e-9,-8.256938600905579e-9,1.0227135547841898e-8,-4.864814315303723e-9,5.488163506796279e-9,-8.220523954721523e-9,9.06859764985511e-7,0.12082974244834692,4.3182043725033476e-5,2.6665028851976404e-5,1.6896682970014724e-9,5.398651480240608e-9,9.384784027618249e-8,2.8778484427676954e-8,2.659660848820527e-6,0.12103649019807858,4.448876947166569e-6,2.3500261822523238e-6,1.6741207199327553e-9,5.439604147965965e-9,9.299878355227912e-8,2.942187961476068e-8,1.6821235834814615e-9,5.4829302295695805e-9,9.327574618583159e-8,2.9540142297955533e-8,1.6654891039538234e-9,5.392839575851262e-9,9.27006588146913e-8,2.9294797993896195e-8,0.7936510014227325,3.729954757779498e-14,0.14430090235900925,3.87402037534362e-12,1.2368595759385948e-11,5.915417713628177e-12
full_TAC,15,16,,60.627615040259855,15.759235736739589,3,3,LOCALLY_SOLVED,Solve_Succeeded,0.120739375,0.8481348201159973,1.055137627686923e7,59.15547502885793,10.373380657993748,503.5799913995349,1.5922526291542861e-16,1.5922526291542861e-16,9.000311488371175e-9,0.0,0.9999997941875811,0.4007202587977415,2.814179350778917e-6,1.5203874804976503e-6,2.758119438459511e-7,0.07936456952446122,5.171260610347839e-7,6.80850330400242e-8,1.3418230784299661e-8,4.833089084392032e-9,3.0402107454815473e-8,3.0790462034991788e-9,6.276400215846726e-7,0.07947948910548129,6.311966658083325e-8,1.2960187933481155e-8,1.0030803701055419e-8,5.17252293140671e-9,2.4462915854944207e-8,5.065718243119404e-9,1.009922945134173e-8,5.259622660764527e-9,2.4619627237003596e-8,5.125021765783056e-9,9.813552999503247e-9,4.906837932699896e-9,2.39892940756098e-8,4.882398489210271e-9,3.644709210244017e-7,-1.2128502919763192e-9,8.935345614516596e-9,-8.252917655397e-9,1.0487926402093368e-8,-5.982908608692274e-9,5.007362318022529e-10,-8.746284803438746e-9,0.9999983441038687,-3.8833923379460545e-9,1.7677437865005496e-10,-8.871916962041244e-9,7.743705147044887e-9,-6.682378194314221e-9,-2.261562129823104e-9,-8.9481710137544e-9,7.79954125364617e-9,-6.793255067384048e-9,-2.515454843331652e-9,-9.000311488371175e-9,7.566304939775234e-9,-6.352557531099075e-9,-1.5040298957457274e-9,-8.780350427635192e-9,3.0645771538439004e-8,0.12085059450315686,1.6088366343304386e-6,1.011549062308931e-6,1.4909145315888505e-9,7.35947656032423e-9,9.458433430387036e-8,4.574582930913065e-8,6.97377801760747e-8,0.1210255856833465,1.9637229602925895e-7,1.9255136358314855e-7,1.1145337445617127e-9,7.876341736460216e-9,7.610684932649307e-8,7.526209961205973e-8,1.122136605704636e-9,8.00897086980053e-9,7.659439584845561e-8,7.614318052020539e-8,1.0903947777225825e-9,7.47177594297484e-9,7.463335934634159e-8,7.253849183969545e-8,0.7936507899757229,1.3828573217397361e-15,0.14430044935419736,1.8382491557340095e-13,5.644656138046123e-13,2.6249404320205357e-13
full_TAC,15,17,,60.627615040259855,14.544288915803445,3,3,LOCALLY_SOLVED,Solve_Succeeded,0.106784417,0.8481346192339762,1.055137592842708e7,59.15547009717484,10.37337015379352,503.57998780462674,4.776757887462858e-16,4.776757887462858e-16,9.872310153287516e-9,0.0,0.9999999895008499,0.4007205416042535,1.0751266407798306e-6,1.1329546112893672e-6,1.9770988833578658e-8,0.07936493649552111,1.799807803965962e-7,2.814286334521466e-8,1.2446084076063772e-9,7.590111615165676e-9,2.0942135621125488e-8,7.933061442305986e-9,3.189966858580671e-8,0.07947923114453631,2.9606024251098783e-8,1.1584917847650658e-8,-2.015310370937763e-10,8.488012162594132e-9,1.4397044335148741e-8,9.178951142857482e-9,-1.970298773212823e-10,8.532251200816032e-9,1.4461277691801122e-8,9.192092676834837e-9,-2.2387837184747048e-10,8.311372986377888e-9,1.4167042306036078e-8,9.132917861751873e-9,1.4531626732120868e-7,-9.131808126097176e-9,-7.993185407725485e-9,-9.817918628062366e-9,5.7158785032063066e-9,-8.888877415483443e-9,-7.528728933574464e-9,-9.742868201897097e-9,0.9999997714016622,-9.395663499858175e-9,-8.66839760627027e-9,-9.872310153287516e-9,2.9985494965954685e-9,-9.326410401795965e-9,-8.514124734568575e-9,-9.84718582565198e-9,3.006566434007846e-9,-9.37212485379552e-9,-8.606197040351443e-9,-9.857825723339593e-9,2.9587854985478676e-9,-9.152689378151812e-9,-8.174866638439079e-9,-9.806320056153778e-9,2.196776537064295e-9,0.12085115329999803,5.599402056782993e-7,4.1812254112890343e-7,1.3828982306737518e-10,1.1557669959456825e-8,6.51533108212793e-8,1.1786262714283178e-7,3.5444076206451888e-9,0.12102519287918029,9.210763100341843e-8,1.7211877945080973e-7,-2.239233745486403e-11,1.2924927611222882e-8,4.479080459824053e-8,1.3637298840816827e-7,-2.1892208591253583e-11,1.2992291601242592e-8,4.4990641707825707e-8,1.3656823405583187e-7,-2.4875374649718936e-11,1.2655954320166327e-8,4.407524272989002e-8,1.3568906537459922e-7,0.7936507842757128,4.502627022981382e-16,0.14430043036731746,8.823548322992225e-14,2.569255728872092e-13,1.1540410425357335e-13
full_TAC,15,18,,60.627615040259855,13.329342094867304,3,3,LOCALLY_SOLVED,Solve_Succeeded,0.100791708,0.8481346622006649,1.055137600298479e7,59.15546994973052,10.373372327283908,503.57998849690836,5.126570965080088e-17,4.520899726818048e-22,9.658444619756321e-9,0.0,0.9999999525405986,0.4007204516946329,1.576635499753552e-6,1.209036156652431e-6,7.655603492407438e-8,0.07936483983724438,2.7339827544618815e-7,3.8355098979766054e-8,7.491303537418648e-9,6.216131641562673e-9,2.640004545286059e-8,5.7331042912770646e-9,1.3549153262918828e-7,0.07947929593572303,3.844383039923575e-8,1.1850724193916546e-8,3.8794930607805005e-9,6.847775582414857e-9,1.8037343217645246e-8,8.00133955141809e-9,3.89785730363429e-9,6.930124417641357e-9,1.8142010817874994e-8,8.034125553164787e-9,3.808249877404186e-9,6.550055964623904e-9,1.7680282021793305e-8,7.884558249280288e-9,2.1547832733058517e-7,-7.606833872035232e-9,-4.593088822058736e-9,-9.505947839321947e-9,8.41403108511123e-9,-7.681374811993748e-9,-4.6472628397572256e-9,-9.384989291353429e-9,0.9999994587844214,-8.334150138497815e-9,-6.641966362699451e-9,-9.658444619756321e-9,4.37225255044389e-9,-8.434409835638661e-9,-6.626719962029089e-9,-9.606556009215123e-9,4.39237634351539e-9,-8.524548703621553e-9,-6.800061741930621e-9,-9.632462929519803e-9,4.294221723023439e-9,-8.114802123898767e-9,-6.029415202097955e-9,-9.510234214021107e-9,8.50622610267493e-9,0.12085100611580392,8.505724124992518e-7,5.698471848422384e-7,8.323670597131828e-10,9.465473181470432e-9,8.213347474223293e-8,8.517754947040208e-8,1.5054614736576467e-8,0.12102529153848733,1.1960302790873343e-7,1.760679023096172e-7,4.3105478453116653e-10,1.0427294636858987e-8,5.611617889934077e-8,1.188770447639259e-7,4.330952559593654e-10,1.0552689454135703e-8,5.6441811433388874e-8,1.193641510755911e-7,4.2313887526713167e-10,9.973948855222762e-9,5.500532184557916e-8,1.171420082750214e-7,0.7936507853733796,6.257217146951494e-16,0.14430043489084313,1.0729989857576255e-13,3.179403441870524e-13,1.4480451559041968e-13
full_TAC,15,19,,60.627615040259855,12.11439527393116,3,2,LOCALLY_SOLVED,Solve_Succeeded,0.094030917,0.848142862975679,1.0551390206948744e7,59.155921083508005,10.37402153449124,503.5801247562188,1.5922526291542861e-16,1.5922526291542861e-16,8.25693856302522e-9,0.0,0.9999924453538618,0.40070426913193996,6.435810151663045e-5,3.112461932225353e-5,8.161712678946321e-6,0.07935087608392799,1.3879846766667347e-5,1.7946102935890946e-6,1.5207014869836665e-8,3.545383305393583e-9,3.016537745047137e-8,1.9370129833577934e-9,2.3936728994477244e-5,0.07948665023643524,1.4299961406264061e-6,1.5817375164668381e-7,1.5067086784219038e-8,3.5722776211255196e-9,2.989246651216293e-8,1.9803184190930197e-9,1.51391125761817e-8,3.600730578782656e-9,2.998149024002266e-8,1.9882784070671466e-9,1.4989402197358877e-8,3.541566541139606e-9,2.9796640650980412e-8,1.971764846418531e-9,7.114436562629234e-6,2.925616248528329e-7,6.216263820777527e-7,4.835899686801632e-8,1.0377651819167006e-8,-4.90013897708389e-9,5.484392711146301e-9,-8.25661987417998e-9,0.999949557651686,2.0059947885323569e-7,2.8176779958923505e-7,1.8746007911209223e-8,1.0280899173852454e-8,-4.895749431776868e-9,5.361565004645939e-9,-8.239829896358329e-9,1.0330715059152359e-8,-4.923362539056676e-9,5.2489199022100716e-9,-8.25693856302522e-9,1.0227136096278119e-8,-4.864814119535056e-9,5.488164072853682e-9,-8.220523903598768e-9,9.068569643273686e-7,0.12082974312779941,4.318174549629841e-5,2.6662781504752256e-5,1.6896683188707402e-9,5.3986518513947745e-9,9.384784095702202e-8,2.877847860988721e-8,2.6596365549419148e-6,0.12103649013275364,4.4488768819488185e-6,2.3500100244650163e-6,1.6741207538021146e-9,5.439604559441131e-9,9.299878470450688e-8,2.942187365509629e-8,1.6821236195757438e-9,5.482930654055407e-9,9.327574741340382e-8,2.954013633356903e-8,1.6654891330398747e-9,5.392839960371671e-9,9.270065980305016e-8,2.9294792003932458e-8,0.7936510014226292,3.7299553466207866e-14,0.14430090235734314,3.8740207759417085e-12,1.2368597251369132e-11,5.915418357560436e-12
full_TAC,15,20,,60.627615040259855,10.899448452995019,3,2,LOCALLY_SOLVED,Solve_Succeeded,0.061977375,0.8481346192339735,1.0551375928427076e7,59.155470097174444,10.373370153781895,503.579987804627,1.1278456123176193e-16,5.126570965080088e-17,9.872310146875326e-9,0.0,0.9999999895008531,0.4007205416045738,1.0751265353675914e-6,1.1329539105516367e-6,1.9770985891173046e-8,0.07936493649564011,1.7998074966319256e-7,2.8142823253326904e-8,1.2446094297593532e-9,7.590113931898594e-9,2.0942138554876293e-8,7.933059780200519e-9,3.18996628198852e-8,0.07947923114453985,2.960602354861941e-8,1.1584917015581928e-8,-2.0153072324457248e-10,8.48801285670475e-9,1.4397045274703433e-8,9.178950607875027e-9,-1.9702956369567288e-10,8.532251896336029e-9,1.4461278635952559e-8,9.192092143136615e-9,-2.2387805716695538e-10,8.311373673789711e-9,1.4167043227016886e-8,9.132917320803569e-9,1.453162692142867e-7,-9.131808117536841e-9,-7.993185382634394e-9,-9.817918616398981e-9,5.715881433667174e-9,-8.888877372197065e-9,-7.528728824050368e-9,-9.742868174051453e-9,0.9999997714016644,-9.395663497888629e-9,-8.668397598544087e-9,-9.872310146875326e-9,2.99855067390081e-9,-9.326410395398858e-9,-8.514124709049789e-9,-9.847185816078158e-9,3.006567611911733e-9,-9.372124848748776e-9,-8.606197018939302e-9,-9.857825715168804e-9,2.958786672487596e-9,-9.152689365384332e-9,-8.174866594897397e-9,-9.806320040165971e-9,2.1967762101303374e-9,0.12085115330017925,5.599401100632657e-7,4.1812194547799965e-7,1.3828993663992808e-10,1.1557673487209222e-8,6.515331994850402e-8,1.1786260244869342e-7,3.5444069799872436e-9,0.12102519287918566,9.210762881792705e-8,1.7211876708864574e-7,-2.2392302582730266e-11,1.292492866816405e-8,4.479080752129956e-8,1.3637298045985753e-7,-2.1892173743963647e-11,1.2992292660329863e-8,4.499064464518574e-8,1.365682261266011e-7,-2.487533968521726e-11,1.2655955366907058e-8,4.407524559516364e-8,1.3568905733765302e-7,0.7936507842757128,4.502627045288601e-16,0.14430043036731754,8.823547827583045e-14,2.5692556000364087e-13,1.1540409675208162e-13
full_TAC,15,21,,60.627615040259855,9.684501632058875,3,1,LOCALLY_SOLVED,Solve_Succeeded,0.011723208,0.9930455536371703,1.0803714580460366e7,43.26012411350793,9.684501750779686,503.579994329896,1.5922526291542861e-16,1.5922526291542861e-16,7.930871601578436e-9,4.8858439280656945e-9,0.9999999804976057,0.35556717327222825,1.0765952224467836e-6,2.760488717570028e-9,3.464143843682908e-8,2.7380210023097502e-8,4.0006522477440797e-8,4.2730188796265597e-10,9.487408233501517e-9,4.05114917980506e-9,1.958720781723217e-8,1.5834327467449321e-10,9.872373898934905e-8,0.09171796592772369,7.260708634151334e-8,6.471660084665899e-10,1.1285636468538534e-8,5.3163838370104025e-9,2.135358521713505e-8,1.8939179894716693e-10,1.1712006733787085e-8,5.622263899778436e-9,2.1761375168815714e-8,1.962602555527331e-10,1.0206440339290035e-8,4.5529721028894714e-9,2.0306623535010984e-8,1.712983587470537e-10,6.653845838561169e-8,0.07936493926848615,1.5118183557158066e-7,8.544229645147555e-9,1.2722980281481889e-8,-1.2614188594449974e-9,1.3302803235170446e-8,-7.3290086269080506e-9,0.9999996605972674,0.04482270895212791,7.637836756284619e-8,-3.531741368400152e-9,1.5319848491186e-8,-2.1336486635773533e-9,1.0135029401027948e-8,-7.826118618529861e-9,1.5953298555011152e-8,-2.362293330528712e-9,9.394060662973251e-9,-7.930871601578436e-9,1.374723156036714e-8,-1.609843244374869e-9,1.1977701500465262e-8,-7.546505835436293e-9,3.84904871520323e-9,4.1692592535171196e-8,1.2446473659648247e-7,6.348485192588031e-9,1.0541564703890572e-9,6.168795341975886e-9,6.093797987583341e-8,2.352528652306756e-9,1.096930433214989e-8,0.13966144811721562,2.2588871306248595e-7,9.615037840075049e-9,1.253959607615392e-9,8.095402660902203e-9,6.643337623108682e-8,2.8138210129293367e-9,1.3013340815318978e-9,8.561174574662618e-9,6.770205608075998e-8,2.9158666539263203e-9,1.1340489265877814e-9,6.93293479303624e-9,6.317616210892305e-8,2.545004187099083e-9,0.7936508025333511,1.1492453921834733e-12,0.16699533269850161,-1.204555583280106e-10,-1.541117297323083e-10,-1.3823865944829967e-10
full_TAC,16,1,,56.2938881055574,33.98343805078173,3,3,LOCALLY_SOLVED,Solve_Succeeded,0.14671175,0.8633729442198557,1.0577354116650706e7,56.29382644969425,18.416445395266045,503.5801022027418,1.5922526291542861e-16,1.5922526291542861e-16,8.246281899543742e-9,0.0,0.9999969868713962,0.1789968628642326,6.570376929466946e-5,0.49589786531394037,4.226354226586047e-6,0.06543730412668336,1.3534371872485333e-5,1.1376508944184746e-6,1.4826903060916719e-8,3.4485529071955736e-9,2.985446817247746e-8,1.9074902197212903e-9,6.646953051839798e-6,4.291286742669976e-7,1.4334929816389264e-6,0.03127167672242345,1.4879031766395565e-8,3.5486983699833372e-9,2.9818055537407045e-8,1.9703899961514387e-9,1.498492057249996e-8,3.5909536829852532e-9,2.9950257870735403e-8,1.9821766718568717e-9,1.4702925134462836e-8,3.4783626530910887e-9,2.959837392852647e-8,1.9508480842838678e-9,7.934511102048295e-6,0.013915196557609198,3.384894210664066e-6,2.576245789723209e-7,1.0211588665693626e-8,-4.787180696878939e-9,5.9335712468145144e-9,-8.192218682322232e-9,0.999976864008127,9.579796609575286e-8,2.7163038938664506e-7,3.1603823990093916e-8,1.0248067720455419e-8,-4.855715064363161e-9,5.50208698309853e-9,-8.220644000139415e-9,1.0322120585391885e-8,-4.896859889432269e-9,5.333780235935732e-9,-8.246281899543742e-9,1.012476893115292e-8,-4.786443860840796e-9,5.788327660000407e-9,-8.176565865825395e-9,4.695949140651162e-7,0.09964316764744965,4.210693471439882e-5,1.690224185993162e-5,1.6474336734351905e-9,5.2512055632296235e-9,9.288056764770766e-8,2.8339854693002028e-8,7.385503390933105e-7,6.534459358156554e-7,4.45975594287666e-6,0.46460776844743407,1.653225751821729e-9,5.403699790656444e-9,9.276728389415522e-8,2.9274365657107086e-8,1.6649911747222168e-9,5.46804310818209e-9,9.317858004228792e-8,2.9449481981873517e-8,1.6336583482736476e-9,5.296597676297794e-9,9.208382999986013e-8,2.8984028680788893e-8,0.7936509785084916,3.650949905819677e-14,0.14650641663215164,3.836150669493767e-12,1.2299388122859021e-11,5.7932901655484675e-12
full_TAC,16,2,,56.2938881055574,32.76849122984559,3,3,LOCALLY_SOLVED,Solve_Succeeded,0.133866,0.8633650589780222,1.0577340463343596e7,56.29388832751677,18.415624289477613,503.57998859434326,1.5922526291542861e-16,1.5922526291542861e-16,9.570940390393797e-9,2.5608370296834237e-9,0.999999980454223,0.17902548310582578,1.5850179659039592e-6,0.49585337258059026,2.5811897231974296e-8,0.06544877363664331,2.718273619850522e-7,3.488343183548745e-8,-2.5447816674102933e-9,-2.4024401047147135e-9,8.955238405426033e-9,3.738429054650846e-10,3.3769037819050524e-8,1.6646987834930077e-8,4.2361003322085816e-8,0.03126998203212262,1.766595850187193e-9,5.785727580200687e-9,1.8758063784970623e-8,7.221587739967758e-9,1.867546524746824e-9,6.332625347931735e-9,1.9405479740626423e-8,7.470143148700127e-9,4.849080178919864e-10,1.6074667709607605e-9,1.3759921237096232e-8,3.0575738563075196e-9,3.012228010617936e-7,0.013916033651804223,4.323831326215139e-8,-5.885425720345208e-9,-1.0892158816149084e-9,-1.7439362356701771e-9,1.3237370584617968e-8,-1.054835218660231e-9,0.9999995965165264,-8.194136607481353e-9,-5.968303318265271e-9,-9.570940390393797e-9,5.990196441001788e-9,-7.1139115742348046e-9,-4.298151937334626e-9,-9.225414879338527e-9,6.180336447611653e-9,-7.740669077965773e-9,-5.3553431086139015e-9,-9.427182346316444e-9,3.68335207817523e-9,-2.5346474778516648e-9,2.22168780090151e-9,-5.012173168173397e-9,2.8679885813304766e-9,0.09966063258307048,8.456851261757179e-7,5.18268130127242e-7,-2.827535186011436e-10,-3.6582610685428586e-9,2.786074170576988e-8,5.554237452624113e-9,3.752115313227835e-9,2.534882238500716e-8,1.3178978811315586e-7,0.464582590191536,1.9628842779857694e-10,8.810085178941953e-9,5.835842066435305e-8,1.0729216070809238e-7,2.075051694163137e-10,9.642861325259687e-9,6.037260363750442e-8,1.1098498392354472e-7,5.3878668654665135e-11,2.4477334921447944e-9,4.2808643848743826e-8,4.5426811579426e-8,0.7936507856603535,1.6011863212376626e-17,0.14650594028890046,7.415766399932123e-14,2.713562220776387e-13,2.839794310470338e-14
full_TAC,16,3,,56.2938881055574,31.553544408909442,3,3,LOCALLY_SOLVED,Solve_Succeeded,0.139794542,0.8633649953822016,1.0577340353472829e7,56.29388879289092,18.415614246025008,503.57998773990465,2.2556912246352386e-16,1.5922526291542861e-16,9.880614052849104e-9,7.930051067562614e-9,1.0000000019391728,0.17902583575627604,9.258354731857713e-7,0.49585280713913216,-1.2653531714844871e-9,0.0654489222715119,1.57089650073648e-7,2.4447512184587284e-8,-6.25337612979382e-9,-3.986064718655616e-9,4.051370022910649e-9,1.0227434030337828e-11,-2.6207732038959694e-10,1.4838888618792866e-8,2.9980818995693057e-8,0.031269955805199694,-4.234982956482932e-9,8.102423040905694e-9,1.4177672766058504e-8,9.103566285385407e-9,-4.2231594531577566e-9,8.481802148683726e-9,1.4617133116645217e-8,9.191910247150215e-9,-5.025200617407912e-9,-2.497787246216674e-9,6.004081690181498e-9,7.887753818393551e-10,1.6704258165707814e-7,0.013916013440035131,9.910687079414007e-9,-8.686187067380519e-9,-3.700388539796604e-9,2.9560625107765733e-9,9.995655624935166e-9,-2.3015348172231227e-10,0.9999998505848482,-9.44053178298058e-9,-8.742718381279944e-9,-9.880614052849104e-9,5.3817766060005755e-9,-8.759975657689645e-9,-7.612959031404926e-9,-9.745765638744222e-9,5.466620137379453e-9,-9.144155499110318e-9,-8.237719592415688e-9,-9.82081779262706e-9,7.905675452926194e-10,2.6049348315703547e-9,1.7373178631821718e-9,-1.2885049999438675e-9,-1.4059479683160963e-10,0.0996608589134386,4.887233557846825e-7,3.632201810281539e-7,-6.948195699770909e-10,-6.0696894579528695e-9,1.2604262293499796e-8,1.519504484507334e-10,-2.9119702265510754e-11,2.2595580396798227e-8,9.327365909771173e-8,0.4645822005343954,-4.705536618314367e-10,1.2337780539560942e-8,4.410831527218201e-8,1.352529848114403e-7,-4.692399392397506e-10,1.291547145367749e-8,4.547552525178512e-8,1.3656552367194605e-7,-5.583556241564346e-10,-3.80344876128448e-9,1.8679365258342437e-8,1.1718948530184705e-8,0.7936507842099542,-3.4423936935309626e-16,0.1465059332635074,4.607308135524724e-14,1.8229851481840936e-13,-1.4566301726707645e-14
full_TAC,16,4,,56.2938881055574,30.3385975879733,3,2,LOCALLY_SOLVED,Solve_Succeeded,0.143566917,0.8633649953822016,1.0577340353472829e7,56.29388879289092,18.415614246024923,503.57998773990477,4.776757887462858e-16,4.776757887462858e-16,9.880614052851925e-9,7.930051067562614e-9,1.000000001939173,0.1790258357562786,9.258354728230252e-7,0.4958528071391268,-1.2653531800263388e-9,0.06544892227151289,1.5708964994325143e-7,2.4447512002507246e-8,-6.253376131760019e-9,-3.9860647180501315e-9,4.051370024177857e-9,1.0227433435701934e-11,-2.6207731969654713e-10,1.4838888629282588e-8,2.998081902127612e-8,0.03126995580519955,-4.234982958858731e-9,8.102423045698774e-9,1.4177672773400482e-8,9.10356628334877e-9,-4.2231594555441735e-9,8.481802153452271e-9,1.4617133124124963e-8,9.191910245147503e-9,-5.025200620208208e-9,-2.497787246199535e-9,6.004081690348978e-9,7.887753783846024e-10,1.6704257997464733e-7,0.013916013440035173,9.910687078181882e-9,-8.686187065306933e-9,-3.7003885430104428e-9,2.956062514972615e-9,9.995655626110026e-9,-2.3015348263819415e-10,0.9999998505848499,-9.440531783095629e-9,-8.74271838147344e-9,-9.880614052851925e-9,5.381776603057424e-9,-8.759975657879051e-9,-7.612959031533902e-9,-9.7457656386865e-9,5.466620134397261e-9,-9.144155499265845e-9,-8.23771959260091e-9,-9.820817792611021e-9,7.90567538985294e-10,2.6049348334888276e-9,1.737317865069139e-9,-1.2885049964912175e-9,-1.4059479778070425e-10,0.09966085891344006,4.887233553790044e-7,3.632201783229648e-7,-6.948195701955573e-10,-6.069689457030881e-9,1.2604262297442221e-8,1.5195043961614298e-10,-2.911970218850523e-11,2.2595580412771213e-8,9.327365917730348e-8,0.46458220053439325,-4.705536620954144e-10,1.2337780546859496e-8,4.410831529502372e-8,1.3525298478118174e-7,-4.69239939504908e-10,1.2915471460938685e-8,4.547552527505544e-8,1.3656552364219145e-7,-5.583556244675785e-10,-3.803448761258383e-9,1.867936525886348e-8,1.171894847885695e-8,0.7936507842099542,-3.4423936557730534e-16,0.14650593326350744,4.607308134872604e-14,1.82298514800547e-13,-1.4566301760999832e-14
full_TAC,16,5,,56.2938881055574,29.12365076703716,3,3,LOCALLY_SOLVED,Solve_Succeeded,0.147153292,0.8633649953822016,1.0577340353472829e7,56.293888792890925,18.415614246024788,503.57998773990465,3.1845052583085723e-16,3.1845052583085723e-16,9.880614052855382e-9,7.930051149540868e-9,1.000000001939173,0.179025835756282,9.258354723765978e-7,0.4958528071391187,-1.2653531903157753e-9,0.06544892227151428,1.5708964978323219e-7,2.4447511779200522e-8,-6.2533761341107345e-9,-3.986064717321665e-9,4.051370025690152e-9,1.0227432701572612e-11,-2.6207731832038055e-10,1.4838888642147058e-8,2.998081905264846e-8,0.03126995580519927,-4.234982961701624e-9,8.102423051532465e-9,1.417767278231231e-8,9.103566280832434e-9,-4.223159458400115e-9,8.481802159255388e-9,1.4617133133203333e-8,9.191910242672767e-9,-5.025200623571727e-9,-2.4977872461825266e-9,6.004081690525582e-9,7.887753741444367e-10,1.670425779709864e-7,0.013916013440035,9.910687076669321e-9,-8.68618706276423e-9,-3.700388546802418e-9,2.956062520079328e-9,9.995655627531004e-9,-2.3015348375163126e-10,0.9999998505848521,-9.440531783236718e-9,-8.742718381710708e-9,-9.880614052855382e-9,5.3817765998213585e-9,-8.759975658111939e-9,-7.612959031694747e-9,-9.745765638615717e-9,5.466620131115073e-9,-9.14415549945684e-9,-8.237719592829461e-9,-9.820817792591352e-9,7.905675315188623e-10,2.6049348358084613e-9,1.737317867338633e-9,-1.2885049922667865e-9,-1.4059479892397495e-10,0.09966085891344217,4.887233548811668e-7,3.6322017500526483e-7,-6.94819570456748e-10,-6.0696894559216266e-9,1.2604262302147137e-8,1.519504287090788e-10,-2.911970203559783e-11,2.2595580432360293e-8,9.32736592749063e-8,0.46458220053438914,-4.705536624112914e-10,1.2337780555742615e-8,4.410831532274941e-8,1.3525298474379614e-7,-4.692399398222347e-10,1.291547146977525e-8,4.547552530329925e-8,1.3656552360542397e-7,-5.583556248413028e-10,-3.803448761232483e-9,1.867936525941292e-8,1.17189484158602e-8,0.7936507842099542,-3.442393699841015e-16,0.14650593326350742,4.6073081334021025e-14,1.8229851475241409e-13,-1.4566301800174258e-14
full_TAC,16,6,,56.2938881055574,27.908703946101014,3,2,LOCALLY_SOLVED,Solve_Succeeded,0.14676525,0.8633649953822016,1.0577340353472829e7,56.293888792890925,18.41561424602465,503.57998773990465,4.776757887462858e-16,4.776757887462858e-16,9.880614052859732e-9,7.930051149540868e-9,1.000000001939173,0.17902583575628606,9.258354718187053e-7,0.4958528071391101,-1.2653532036242662e-9,0.06544892227151584,1.5708964958232711e-7,2.4447511498535334e-8,-6.253376137187655e-9,-3.986064716377651e-9,4.051370027675356e-9,1.0227431788684247e-11,-2.6207731765251363e-10,1.4838888658316353e-8,2.9980819092085816e-8,0.031269955805199014,-4.234982965417652e-9,8.102423058954459e-9,1.417767279370001e-8,9.103566277707255e-9,-4.2231594621324875e-9,8.481802166639974e-9,1.4617133144805251e-8,9.191910239599892e-9,-5.025200627942153e-9,-2.4977872461537916e-9,6.004081690805354e-9,7.887753688214245e-10,1.6704257533216017e-7,0.013916013440035012,9.910687074774447e-9,-8.686187059567502e-9,-3.7003885518701133e-9,2.9560625265770862e-9,9.995655629357345e-9,-2.3015348517085394e-10,0.9999998505848546,-9.440531783414065e-9,-8.742718382009003e-9,-9.880614052859732e-9,5.381776595000512e-9,-8.759975658403416e-9,-7.612959031891509e-9,-9.745765638526733e-9,5.466620126232617e-9,-9.144155499696372e-9,-8.237719593113909e-9,-9.820817792566628e-9,7.905675215914293e-10,2.6049348387917642e-9,1.7373178702814525e-9,-1.2885049869369714e-9,-1.405948004026962e-10,0.09966085891344457,4.887233542561288e-7,3.632201708353821e-7,-6.94819570798628e-10,-6.06968945448415e-9,1.2604262308323332e-8,1.5195041514616593e-10,-2.911970196139039e-11,2.2595580456981717e-8,9.327365939760031e-8,0.46458220053438537,-4.705536628241834e-10,1.233778056704429e-8,4.4108315358177806e-8,1.352529846973649e-7,-4.692399402369429e-10,1.2915471481019959e-8,4.547552533939411e-8,1.365655235597698e-7,-5.583556253269057e-10,-3.803448761188728e-9,1.8679365260283324e-8,1.1718948336775448e-8,0.7936507842099542,-3.4423937131370403e-16,0.14650593326350742,4.607308129618754e-14,1.8229851472064364e-13,-1.4566301851959792e-14
full_TAC,16,7,,56.2938881055574,26.693757125164872,3,3,LOCALLY_SOLVED,Solve_Succeeded,0.148920833,0.8633649953821994,1.0577340353472825e7,56.293888792890925,18.415614246024184,503.5799877399046,1.5922526291542861e-16,1.5922526291542861e-16,9.880614052869125e-9,7.930051149540868e-9,1.000000001939173,0.1790258357562977,9.258354737296706e-7,0.49585280713908153,-1.265353226382349e-9,0.06544892227152806,1.5708965039222031e-7,2.444751099591013e-8,-6.253376145344633e-9,-3.986064730805359e-9,4.0513700309996355e-9,1.022742838839139e-11,-2.6207731031297614e-10,1.4838888686234488e-8,2.998081917848893e-8,0.03126995580519801,-4.2349829714364e-9,8.102423069842918e-9,1.4177672822073566e-8,9.10356627172985e-9,-4.223159468180219e-9,8.481802177508153e-9,1.4617133173734242e-8,9.191910233721166e-9,-5.0252007753505346e-9,-2.4977940921076576e-9,6.00408146413763e-9,7.887750833173858e-10,1.6704257132976967e-7,0.013916013440025033,9.91068703949957e-9,-8.686187053098316e-9,-3.700388571301939e-9,2.956062627947374e-9,9.995655560406097e-9,-2.3015350322802913e-10,0.9999998505848603,-9.440531783729241e-9,-8.742718382678877e-9,-9.880614052869125e-9,5.381776588574275e-9,-8.75997565880257e-9,-7.612959032409095e-9,-9.745765638354411e-9,5.4666201196679106e-9,-9.144155500086999e-9,-8.237719593763706e-9,-9.820817792520506e-9,7.90566741189154e-10,2.6049427310257303e-9,1.7373168851490805e-9,-1.2885048484190727e-9,-1.4059480293137205e-10,0.09966085891346317,4.887233567757964e-7,3.6322016336780754e-7,-6.94819571704959e-10,-6.069689476453613e-9,1.2604262318665531e-8,1.5195036462752923e-10,-2.9119701145886226e-11,2.259558049949342e-8,9.327365966640999e-8,0.4645822005343704,-4.705536634929332e-10,1.2337780583624443e-8,4.4108315446451087e-8,1.3525298460855772e-7,-4.692399409089131e-10,1.2915471497569232e-8,4.547552542939541e-8,1.365655234724287e-7,-5.583556417056147e-10,-3.803459185709387e-9,1.8679364555094848e-8,1.1718944095001158e-8,0.7936507842099542,-3.44239366780534e-16,0.14650593326350697,4.607308125820356e-14,1.8229851466558713e-13,-1.4566299915077563e-14
full_TAC,16,8,,56.2938881055574,25.47881030422873,3,3,LOCALLY_SOLVED,Solve_Succeeded,0.154073666,0.8633649953821984,1.0577340353472823e7,56.29388879289094,18.415614246023907,503.5799877399047,2.2556912246352386e-16,1.5922526291542861e-16,9.88061405287668e-9,7.930051313497376e-9,1.000000001939173,0.179025835756305,9.258354727581884e-7,0.4958528071390648,-1.2653532493033638e-9,0.06544892227153097,1.5708965004286896e-7,2.444751050812001e-8,-6.253376150615267e-9,-3.98606472915996e-9,4.051370034468892e-9,1.0227426798413106e-11,-2.620773085633994e-10,1.4838888714336139e-8,2.998081924702495e-8,0.03126995580519747,-4.234982977815433e-9,8.102423082692733e-9,1.4177672841761162e-8,9.103566266277396e-9,-4.223159474587698e-9,8.481802190292358e-9,1.461713319379142e-8,9.191910228359603e-9,-5.025200782866532e-9,-2.497794092058738e-9,6.004081464590393e-9,7.887750740634978e-10,1.6704256681049794e-7,0.013916013440024824,9.91068703620116e-9,-8.686187047543166e-9,-3.70038857990661e-9,2.956062639054263e-9,9.995655563460246e-9,-2.3015350564191516e-10,0.9999998505848648,-9.440531784037454e-9,-8.742718383197242e-9,-9.88061405287668e-9,5.38177658061435e-9,-8.759975659309872e-9,-7.612959032754074e-9,-9.745765638199768e-9,5.466620111602921e-9,-9.144155500503598e-9,-8.23771959425962e-9,-9.820817792477534e-9,7.905667242347363e-10,2.604942736170439e-9,1.7373168902141647e-9,-1.2885048391680266e-9,-1.4059480547815147e-10,0.09966085891346763,4.887233556889257e-7,3.632201561206401e-7,-6.948195722905848e-10,-6.0696894739481205e-9,1.2604262329458774e-8,1.519503410049947e-10,-2.911970095148881e-11,2.2595580542284576e-8,9.327365987963317e-8,0.4645822005343624,-4.705536642017147e-10,1.2337780603191207e-8,4.4108315507701396e-8,1.3525298452754985e-7,-4.692399416208552e-10,1.2915471517036092e-8,4.547552549179553e-8,1.365655233927712e-7,-5.583556425407256e-10,-3.8034591856348955e-9,1.8679364556503447e-8,1.1718943957514823e-8,0.7936507842099542,-3.4423936663315597e-16,0.14650593326350694,4.607308120275655e-14,1.822985145865325e-13,-1.4566300005850658e-14
full_TAC,16,9,,56.2938881055574,24.26386348329259,3,3,LOCALLY_SOLVED,Solve_Succeeded,0.160248667,0.8633649953821982,1.0577340353472823e7,56.29388879289094,18.415614246023534,503.5799877399046,3.383536836952858e-16,1.1851267379869903e-16,9.880614052887378e-9,7.930051313497376e-9,1.000000001939173,0.17902583575631503,9.25835471381743e-7,0.49585280713904206,-1.2653532815760042e-9,0.06544892227153491,1.5708964954840098e-7,2.444750981765836e-8,-6.2533761580270274e-9,-3.986064726855916e-9,4.051370039267843e-9,1.0227424538087098e-11,-2.620773055999787e-10,1.4838888754113614e-8,2.998081934403733e-8,0.031269955805196765,-4.23498298677955e-9,8.102423100839595e-9,1.4177672869544e-8,9.103566258542627e-9,-4.2231594835921e-9,8.48180220834593e-9,1.4617133222095143e-8,9.191910220753477e-9,-5.025200793440809e-9,-2.4977940919996646e-9,6.0040814652074615e-9,7.887750609602342e-10,1.670425604684994e-7,0.013916013440024681,9.910687031530647e-9,-8.686187039679934e-9,-3.7003885920073436e-9,2.9560626549449695e-9,9.995655567627979e-9,-2.3015350908419678e-10,0.9999998505848713,-9.440531784473725e-9,-8.742718383930986e-9,-9.880614052887378e-9,5.381776569691138e-9,-8.759975660028452e-9,-7.612959033244839e-9,-9.745765637980888e-9,5.4666201005327266e-9,-9.144155501093517e-9,-8.23771959496289e-9,-9.820817792416715e-9,7.905667004891238e-10,2.604942743427754e-9,1.7373168973396757e-9,-1.2885048260810654e-9,-1.405948090640004e-10,0.09966085891347362,4.887233541505808e-7,3.632201458623528e-7,-6.948195731141139e-10,-6.069689470439689e-9,1.2604262344388842e-8,1.5195030742300828e-10,-2.911970062221984e-11,2.2595580602854817e-8,9.327366018144946e-8,0.4645822005343519,-4.705536651977277e-10,1.2337780630823927e-8,4.410831559413689e-8,1.3525298441263326e-7,-4.692399426213443e-10,1.2915471544526757e-8,4.547552557985155e-8,1.3656552327976593e-7,-5.583556437156453e-10,-3.803459185544943e-9,1.867936455842321e-8,1.1718943762837764e-8,0.7936507842099542,-3.442393723678863e-16,0.14650593326350694,4.607308116362929e-14,1.8229851446022685e-13,-1.4566300130181056e-14
full_TAC,16,10,,56.2938881055574,23.048916662356444,3,3,LOCALLY_SOLVED,Solve_Succeeded,0.164384917,0.8633649953821971,1.0577340353472821e7,56.293888792890925,18.41561424602296,503.5799877399045,1.1278456123176193e-16,1.258008647179876e-22,9.880614052903683e-9,7.930051149540868e-9,1.0000000019391733,0.1790258357563302,9.258354692830661e-7,0.49585280713900753,-1.265353330668461e-9,0.06544892227154084,1.5708964879461961e-7,2.4447508765085908e-8,-6.253376169310568e-9,-3.986064723401221e-9,4.051370046444111e-9,1.0227421095297928e-11,-2.6207730078270813e-10,1.483888881475241e-8,2.998081949192835e-8,0.031269955805195676,-4.234983000404747e-9,8.102423128477753e-9,1.417767291184525e-8,9.103566246740991e-9,-4.223159497278723e-9,8.481802235841624e-9,1.4617133265189155e-8,9.191910209147956e-9,-5.025200809520081e-9,-2.4977940919108643e-9,6.004081466129153e-9,7.887750409828217e-10,1.6704255083422753e-7,0.013916013440024591,9.910687024413235e-9,-8.68618702769276e-9,-3.700388610338994e-9,2.9560626792076947e-9,9.995655574689268e-9,-2.3015351440734778e-10,0.9999998505848813,-9.440531785138798e-9,-8.742718385049548e-9,-9.880614052903683e-9,5.381776553250913e-9,-8.759975661124183e-9,-7.612959033994476e-9,-9.745765637647223e-9,5.466620083869471e-9,-9.144155501992957e-9,-8.237719596035789e-9,-9.820817792324003e-9,7.905666644373166e-10,2.604942754471789e-9,1.7373169081815254e-9,-1.2885048061358787e-9,-1.4059481451871786e-10,0.09966085891348263,4.887233518054832e-7,3.632201302241335e-7,-6.948195743678407e-10,-6.069689465179132e-9,1.2604262366715009e-8,1.519502562729978e-10,-2.911970008696756e-11,2.2595580695191165e-8,9.327366064155484e-8,0.4645822005343357,-4.705536667116383e-10,1.2337780672909304e-8,4.410831572574078e-8,1.352529842372947e-7,-4.692399441420802e-10,1.29154715863952e-8,4.547552571392181e-8,1.3656552310734104e-7,-5.583556455022309e-10,-3.8034591854097245e-9,1.8679364561290695e-8,1.1718943466030492e-8,0.7936507842099542,-3.442393724109109e-16,0.14650593326350692,4.607308105988685e-14,1.8229851430180974e-13,-1.456630032235562e-14
full_TAC,16,11,,56.2938881055574,21.833969841420302,3,3,LOCALLY_SOLVED,Solve_Succeeded,0.182310417,0.8633649953822015,1.0577340353472829e7,56.29388879289093,18.41561424602225,503.57998773990465,1.5922526291542861e-16,1.5922526291542861e-16,9.880614052927805e-9,7.930051231519122e-9,1.0000000019391733,0.17902583575635006,9.258354630561154e-7,0.49585280713896474,-1.2653534085184296e-9,0.06544892227154102,1.57089646435199e-7,2.444750710408496e-8,-6.253376184230827e-9,-3.986064701860956e-9,4.051370057977621e-9,1.0227417404754562e-11,-2.6207729735842917e-10,1.483888891148084e-8,2.9980819709521503e-8,0.03126995580519444,-4.2349830222776505e-9,8.102423174327773e-9,1.4177672970273499e-8,9.10356622842925e-9,-4.223159519248956e-9,8.481802281418307e-9,1.4617133324687562e-8,9.191910191140652e-9,-5.025200695049096e-9,-2.4977872457851205e-9,6.0040816946456615e-9,7.88775285416812e-10,1.6704253513028121e-7,0.013916013440034089,9.91068704505222e-9,-8.686187009522084e-9,-3.700388628423689e-9,2.9560626275778615e-9,9.995655657581143e-9,-2.3015350720837038e-10,0.9999998505848965,-9.440531786190714e-9,-8.742718386678909e-9,-9.880614052927805e-9,5.381776526493417e-9,-8.759975662978323e-9,-7.612959035022177e-9,-9.7457656371337e-9,5.466620056794926e-9,-9.1441555034516e-9,-8.237719597593701e-9,-9.820817792179557e-9,7.905673711756872e-10,2.6049348848890227e-9,1.7373179155236974e-9,-1.2885049036713373e-9,-1.4059482316871434e-10,0.09966085891348292,4.887233444650635e-7,3.63220105546405e-7,-6.94819576025647e-10,-6.069689432379183e-9,1.260426240259704e-8,1.5195020144206777e-10,-2.9119699706492124e-11,2.2595580842482184e-8,9.327366131851133e-8,0.4645822005343173,-4.705536691419609e-10,1.233778074272638e-8,4.410831590751754e-8,1.3525298396523456e-7,-4.692399465832171e-10,1.2915471655796057e-8,4.5475525899027966e-8,1.3656552283980396e-7,-5.583556327832327e-10,-3.803448760627342e-9,1.8679365272230945e-8,1.1718947097621206e-8,0.7936507842099542,-3.4423937464719104e-16,0.14650593326350736,4.6073080914705267e-14,1.8229851404325004e-13,-1.456630265087465e-14
full_TAC,16,12,,56.2938881055574,20.61902302048416,3,3,LOCALLY_SOLVED,Solve_Succeeded,0.215411,0.863364995382197,1.0577340353472821e7,56.29388879289094,18.415614246019953,503.5799877399046,2.2556912246352386e-16,1.5922526291542861e-16,9.880614052990238e-9,7.930051313497376e-9,1.0000000019391735,0.17902583575641165,9.258354581475233e-7,0.4958528071388247,-1.2653535921019187e-9,0.06544892227157283,1.5708964479316212e-7,2.444750317764751e-8,-6.253376229417708e-9,-3.986064704862253e-9,4.0513700852246905e-9,1.0227402828248946e-11,-2.620772775728292e-10,1.4838889136645449e-8,2.998082027698505e-8,0.03126995580518997,-4.234983073048987e-9,8.102423275394422e-9,1.4177673136807145e-8,9.103566184175523e-9,-4.223159570248922e-9,8.48180238200405e-9,1.4617133494369986e-8,9.191910147623552e-9,-5.0252008951922235e-9,-2.497794091405564e-9,6.00408147115967e-9,7.8877493495537e-10,1.6704249942549737e-7,0.013916013440023536,9.910686986626693e-9,-8.68618696406068e-9,-3.700388708417323e-9,2.9560628077739475e-9,9.995655610623532e-9,-2.3015354246008602e-10,0.9999998505849339,-9.440531788669253e-9,-8.742718390987256e-9,-9.880614052990238e-9,5.3817764643114295e-9,-8.759975666938351e-9,-7.612959037962e-9,-9.745765635875943e-9,5.4666199937377315e-9,-9.144155506766419e-9,-8.237719601724808e-9,-9.820817791831824e-9,7.905664718737223e-10,2.604942813227114e-9,1.7373169659227431e-9,-1.2885047002208263e-9,-1.405948435668798e-10,0.09966085891353135,4.887233393565043e-7,3.63220047210763e-7,-6.948195810464118e-10,-6.069689436949339e-9,1.26042624873657e-8,1.5194998487684145e-10,-2.9119697508092116e-11,2.2595581185346477e-8,9.327366308395349e-8,0.464582200534251,-4.705536747832206e-10,1.2337780896623322e-8,4.410831642562222e-8,1.3525298330775062e-7,-4.6923995224988e-10,1.2915471808960712e-8,4.547552642692884e-8,1.365655221932642e-7,-5.583556550213579e-10,-3.80345918464029e-9,1.8679364576941194e-8,1.1718941890765495e-8,0.7936507842099542,-3.442393770338632e-16,0.14650593326350692,4.607308057552982e-14,1.8229851346790844e-13,-1.456630134047119e-14
full_TAC,16,13,,56.2938881055574,19.404076199548015,3,3,LOCALLY_SOLVED,Solve_Succeeded,0.121493584,0.8626444833118314,1.0576669837454837e7,56.293888792308394,10.278116942371959,503.5799877409538,4.776757887462858e-16,4.776757887462858e-16,9.8822738865853e-9,7.923330244356224e-9,1.0000000017945383,0.3935198060263974,9.23792623488821e-7,8.620862990410499e-7,-1.1719101849289485e-9,0.06545290596435224,1.5716760777218557e-7,2.611516964142443e-8,-6.2284149175394164e-9,-3.99238403487749e-9,4.029530794271148e-9,1.5348720476651714e-11,-2.8211497125903546e-10,0.08502225158210523,2.962112668161962e-8,1.1586926132633745e-8,-4.205682802089271e-9,8.054978010763826e-9,1.4084835865437051e-8,9.120381194469544e-9,-4.193755016268469e-9,8.434847033855786e-9,1.4522862690303314e-8,9.208485743590143e-9,-4.990972475174119e-9,-2.4950937933433723e-9,5.9952667255739545e-9,8.231118614222518e-10,1.896492198573926e-7,0.013912018793117686,9.956134075060135e-9,-8.70499263550946e-9,-3.652971028544561e-9,2.9168020258666313e-9,9.97602491134113e-9,-2.212240229243387e-10,0.999999827338461,-9.410021873129554e-9,-8.739857635506409e-9,-9.8822738865853e-9,5.4523753868106774e-9,-8.757236513881346e-9,-7.609958794791824e-9,-9.746085998194497e-9,5.537887899188896e-9,-9.141976457215386e-9,-8.234538127545391e-9,-9.820807685439281e-9,8.838438239795048e-10,2.582137147825573e-9,1.7130935505462935e-9,-1.3248861068486944e-9,-1.3021224276988315e-10,0.0996669249911727,4.889658908467995e-7,3.87996806101163e-7,-6.920461019488238e-10,-6.079312053108904e-9,1.2536318026621348e-8,2.280381327959683e-10,-3.1346107917670593e-11,0.12946570127275114,9.215461634281658e-8,1.7214861682770132e-7,-4.672980891210299e-10,1.2265534698208556e-8,4.381948935913749e-8,1.355028063178332e-7,-4.659727795853853e-10,1.2843971619734946e-8,4.518223948094364e-8,1.3681178819048209e-7,-5.545524972415685e-10,-3.799347367136499e-9,1.8651940924007855e-8,1.222909051255917e-8,0.7936507842099292,-3.420317668491784e-16,0.14650504342414947,4.607466034897883e-14,1.8212437339901832e-13,-1.4366361355440748e-14
full_TAC,16,14,,56.2938881055574,18.189129378611874,3,2,LOCALLY_SOLVED,Solve_Succeeded,0.115521417,0.8626445267830662,1.0576669912835015e7,56.293888476149235,10.278119929454283,503.5799883213941,2.2556912246352386e-16,9.041799453636096e-22,9.684439000162576e-9,4.275671265598196e-9,0.9999999869933882,0.39351966192766513,1.4047282120199715e-6,1.0107944541334629e-6,1.685632923657373e-8,0.0654527914992386,2.408241900629467e-7,3.559656659204241e-8,-3.5902820908623314e-9,-2.8856201728342582e-9,7.369412743826673e-9,2.4835121051354096e-10,2.1656082321364706e-8,0.08502230387238617,3.8547956419264925e-8,1.1872977676550706e-8,3.942849937194414e-10,6.157998959300664e-9,1.7472571854550622e-8,7.801436251029272e-9,4.664083092944371e-10,6.707602431511462e-9,1.8083010802421158e-8,8.01008210402444e-9,-7.980413138231189e-10,9.697357789817417e-10,1.2007571344628561e-8,2.7489409647917026e-9,2.9159776271194493e-7,0.013912034408779006,3.381771010187783e-8,-6.819606049853127e-9,-1.9554669022155937e-9,-1.3048060890856086e-9,1.269197765679462e-8,-4.65725796317344e-10,0.9999996440052243,-8.373728893319118e-9,-6.807324081107898e-9,-9.684439000162576e-9,5.6270745482012076e-9,-7.487358993643628e-9,-5.141445173068473e-9,-9.376071936256338e-9,5.792865771219107e-9,-8.094465004183227e-9,-6.126949388080247e-9,-9.544656096920943e-9,3.0539482521291406e-9,-1.8041398181721113e-9,1.930421856597088e-9,-4.300387370409054e-9,1.8729254707304137e-9,0.09966675069202241,7.492308135291672e-7,5.28863275081773e-7,-3.9892023231803666e-10,-4.39401253590671e-9,2.292706186968298e-8,3.6897894133440373e-9,2.406231369040522e-9,0.12946578089658803,1.1992697552660197e-7,1.763985254801819e-7,4.3809443746604584e-11,9.376952960753284e-9,5.435911243637971e-8,1.1590705287243488e-7,5.182314547715967e-11,1.021384915707427e-8,5.625825582975471e-8,1.1900693411693453e-7,-8.867125709145762e-11,1.476643117994925e-9,3.7356888627733304e-8,4.084140861976243e-8,0.7936507851920476,-8.201532423230173e-17,0.14650504833707084,6.534592193091854e-14,2.4311203594411005e-13,1.488416141442833e-14
full_TAC,16,15,,56.2938881055574,16.974182557675732,3,2,LOCALLY_SOLVED,Solve_Succeeded,0.110925875,0.8626446941023893,1.0576670203224175e7,56.293887150543156,10.278127916154734,503.57999075508866,1.5922526291542861e-16,1.5922526291542861e-16,8.949488150577255e-9,0.0,0.9999999230744041,0.39351931899146964,2.6287901741036187e-6,1.3951924787267183e-6,1.0631851057193338e-7,0.06545249281270457,4.601850432924992e-7,6.29834080619871e-8,4.440276172338468e-9,7.010672842664335e-10,1.91154749687772e-8,1.3804328156083624e-9,1.4559176060440896e-7,0.08502245023367389,6.334706741112332e-8,1.3028961640002623e-8,7.47265544329832e-9,4.650884029708115e-9,2.3648755435213486e-8,4.740465101859812e-9,7.732462950405412e-9,5.034487690260566e-9,2.4336822345379756e-8,5.012786624617539e-9,6.048739433654346e-9,2.9531059290865864e-9,2.043557709352409e-8,3.3327893897513855e-9,5.051270268240882e-7,0.013912065449369834,1.0263150880948619e-7,-7.554528833233431e-10,4.686470864994724e-9,-2.5506164258118477e-9,1.2857221384980753e-8,-5.374864305018468e-9,0.9999990822479562,-4.028715940435874e-9,-2.353761423856169e-10,-8.949488150577255e-9,7.939795853590944e-9,-5.853312727118032e-9,-5.774410729175283e-10,-8.591174706332948e-9,8.22284220649293e-9,-6.332615974803689e-9,-1.6356677051163126e-9,-8.841711388196564e-9,6.4009730354359064e-9,-4.0298549137273555e-9,3.5784399161123516e-9,-7.03077889051528e-9,1.1813167841325929e-8,0.09966629587389104,1.4316868013544419e-6,9.357534912066654e-7,4.933640191487186e-10,1.067534273769342e-9,5.947036656952906e-8,2.050928754618138e-8,1.6176862289378767e-8,0.1294660037649125,1.9707976527905033e-7,1.9357314436575322e-7,8.302950492553687e-10,7.082027954328266e-9,7.357390579844194e-8,7.042976722763149e-8,8.591625500450453e-10,7.666151710169497e-9,7.571455840784814e-8,7.447568699431772e-8,6.720821592949271e-10,4.4967749374727565e-9,6.35773509576305e-8,4.95157280763063e-8,0.7936507893099155,6.622266313359427e-16,0.14650506493524834,1.4322735991683014e-13,4.912779590294219e-13,1.362410139005701e-13
full_TAC,16,16,,56.2938881055574,15.759235736739589,3,3,LOCALLY_SOLVED,Solve_Succeeded,0.110208833,0.8626444833118323,1.0576669837454839e7,56.293888792308366,10.278116942371671,503.57998774095375,2.2556912246352386e-16,1.5922526291542861e-16,9.882273886359327e-9,7.923329916443208e-9,1.0000000017945385,0.39351980602640546,9.237926167271031e-7,8.620862827245545e-7,-1.1719101930424019e-9,0.06545290596434533,1.5716760557992584e-7,2.6115168086555666e-8,-6.22841491336747e-9,-3.9923840168218025e-9,4.029530795886346e-9,1.5348716560601726e-11,-2.8211498671092683e-10,0.08502225158210679,2.9621126636415966e-8,1.158692609913544e-8,-4.205682797831357e-9,8.054978039604544e-9,1.40848358931126e-8,9.120381172807659e-9,-4.1937550120615075e-9,8.434847062881077e-9,1.4522862718819487e-8,9.20848572236015e-9,-4.990972322594403e-9,-2.4950868829889453e-9,5.995266963846573e-9,8.231124991884301e-10,1.8964921949256605e-7,0.013912018793129543,9.95613412401728e-9,-8.70499261671214e-9,-3.6529710071489965e-9,2.916801956023134e-9,9.976024982116732e-9,-2.212240110570021e-10,0.9999998273384599,-9.410021873035106e-9,-8.73985763504838e-9,-9.882273886359327e-9,5.452375444816771e-9,-8.757236513545431e-9,-7.609958792635318e-9,-9.746085997225533e-9,5.5378879573770345e-9,-9.141976456990596e-9,-8.234538126239037e-9,-9.820807684941813e-9,8.838446855361191e-10,2.582129242238917e-9,1.7130946464195907e-9,-1.3248866396471077e-9,-1.3021224367137793e-10,0.0996669249911622,4.889658840264359e-7,3.8799678300025555e-7,-6.920461014852741e-10,-6.079312025615017e-9,1.253631803164641e-8,2.2803807461465422e-10,-3.1346109634547415e-11,0.1294657012727535,9.2154616202183e-8,1.7214861633001221e-7,-4.672980886479284e-10,1.22655347421251e-8,4.381948944523919e-8,1.355028059959995e-7,-4.659727791179451e-10,1.284397166393255e-8,4.518223956966063e-8,1.3681178787506507e-7,-5.545524802882667e-10,-3.799336844551348e-9,1.865194166530045e-8,1.2229099987942389e-8,0.7936507842099292,-3.4203177196938946e-16,0.1465050434241499,4.607466016339799e-14,1.821243728934914e-13,-1.4366363715899193e-14
full_TAC,16,17,,56.2938881055574,14.544288915803445,3,2,LOCALLY_SOLVED,Solve_Succeeded,0.09075375,0.8626445267830554,1.0576669912834996e7,56.29388847614925,10.278119929450002,503.579988321394,1.1278456123176193e-16,1.5379712895240266e-16,9.684438997612112e-9,4.275671429554704e-9,0.9999999869933883,0.3935196619282366,1.4047255613687411e-6,1.0107943301659095e-6,1.6856329072683217e-8,0.06545279149948946,2.40823504991475e-7,3.559655941765726e-8,-3.5902821208577243e-9,-2.8856201915796437e-9,7.369413103243194e-9,2.483511840886304e-10,2.1656082167373706e-8,0.08502230387238581,3.8547958120625514e-8,1.1872977524206699e-8,3.942849954935896e-10,6.157998985330551e-9,1.747257281149104e-8,7.801436114898653e-9,4.664083094970016e-10,6.707602457134573e-9,1.8083011782972068e-8,8.010081970536412e-9,-7.980413359984082e-10,9.697357751628025e-10,1.2007571965091676e-8,2.7489407483133225e-9,2.9159775963186457e-7,0.013912034408718604,3.381785663845251e-8,-6.819605861353035e-9,-1.955466937171053e-9,-1.3048061266052025e-9,1.2691977989486195e-8,-4.657258230359833e-10,0.9999996440052281,-8.373728892446058e-9,-6.807324105669724e-9,-9.684438997612112e-9,5.627074599618304e-9,-7.487358989516357e-9,-5.14144518709421e-9,-9.376071926573687e-9,5.792865820062852e-9,-8.094465001974085e-9,-6.1269493985789025e-9,-9.54465609175455e-9,3.0539482400037444e-9,-1.804139834038977e-9,1.9304218020069612e-9,-4.300387209019541e-9,1.8729254525203567e-9,0.0996667506924044,7.492286821956999e-7,5.288631684909078e-7,-3.989202356508581e-10,-4.394012564450821e-9,2.2927062987867713e-8,3.6897890207453655e-9,2.4062313519304107e-9,0.12946578089658747,1.199269808197238e-7,1.7639852321678525e-7,4.380944394373216e-11,9.376953000389701e-9,5.4359115413527676e-8,1.1590705084992281e-7,5.182314549966681e-11,1.021384919609128e-8,5.625825888035754e-8,1.1900693213368381e-7,-8.867125955537864e-11,1.4766431121797216e-9,3.735689055806299e-8,4.084140540351221e-8,0.7936507851920476,-8.201532159153542e-17,0.14650504833707118,6.534592129395006e-14,2.4311203427754695e-13,1.4884160766221952e-14
full_TAC,16,18,,56.2938881055574,13.329342094867304,3,3,LOCALLY_SOLVED,Solve_Succeeded,0.090703791,0.8626444833118323,1.0576669837454839e7,56.29388879230836,10.278116942370723,503.57998774095387,1.5922526291542861e-16,1.5922526291542861e-16,9.882273885879805e-9,7.923329834464953e-9,1.0000000017945385,0.39351980602643244,9.237926076172695e-7,8.620862251480851e-7,-1.1719102124795157e-9,0.06545290596435563,1.5716760323639137e-7,2.611516468947215e-8,-6.22841490842159e-9,-3.9923840086433825e-9,4.029530805192839e-9,1.5348703636658365e-11,-2.8211501102156455e-10,0.08502225158210718,2.9621126577535083e-8,1.1586926027353474e-8,-4.205682788431683e-9,8.054978098003604e-9,1.408483597151142e-8,9.120381125026752e-9,-4.193755002773232e-9,8.434847121817974e-9,1.4522862799490708e-8,9.208485675537258e-9,-4.990972321242178e-9,-2.4950868696398437e-9,5.9952669702512806e-9,8.231124389264436e-10,1.896492193448121e-7,0.013912018793129153,9.956134169415501e-9,-8.704992573860302e-9,-3.6529709831168818e-9,2.9168019937085246e-9,9.976024983652224e-9,-2.212240192829414e-10,0.9999998273384595,-9.410021872854844e-9,-8.739857634396178e-9,-9.882273885879805e-9,5.452375571225483e-9,-8.757236512536977e-9,-7.609958788242789e-9,-9.746085995087097e-9,5.537888084109733e-9,-9.141976456439775e-9,-8.23453812371829e-9,-9.820807683859778e-9,8.838447213387996e-10,2.582129240336759e-9,1.7130946401379054e-9,-1.324886587481117e-9,-1.3021224583105723e-10,0.09966692499117788,4.889658767354397e-7,3.8799673252930044e-7,-6.92046100935732e-10,-6.079312013161514e-9,1.2536318060599944e-8,2.280378826017814e-10,-3.1346112335729383e-11,0.1294657012727541,9.215461601899804e-8,1.721486152635373e-7,-4.6729808760352e-10,1.2265534831050942e-8,4.381948968914664e-8,1.3550280528611172e-7,-4.659727780859145e-10,1.284397175367737e-8,4.518223982063776e-8,1.3681178717941067e-7,-5.545524801380195e-10,-3.799336824224307e-9,1.8651941685226207e-8,1.2229099092621446e-8,0.7936507842099292,-3.4203177368340045e-16,0.14650504342414994,4.6074659759176473e-14,1.8212437184355957e-13,-1.4366364094944242e-14
full_TAC,16,19,,56.2938881055574,12.11439527393116,3,3,LOCALLY_SOLVED,Solve_Succeeded,0.07615025,0.8626444833118323,1.0576669837454839e7,56.293888792308366,10.278116942369302,503.57998774095387,1.1278456123176193e-16,1.258008647179876e-22,9.882273885164145e-9,7.923329916443208e-9,1.0000000017945385,0.3935198060264724,9.237925940188e-7,8.62086139217567e-7,-1.1719102411038092e-9,0.06545290596437123,1.571675997388037e-7,2.6115159619561144e-8,-6.2284149009013195e-9,-3.992383996470054e-9,4.029530818987495e-9,1.5348684337382254e-11,-2.8211504611329154e-10,0.08502225158210755,2.9621126489657906e-8,1.158692592022324e-8,-4.205682774241996e-9,8.054978185057688e-9,1.4084836088307606e-8,9.120381053675152e-9,-4.193754988749877e-9,8.43484720967366e-9,1.4522862919672801e-8,9.208485605615418e-9,-4.99097231906292e-9,-2.4950868497301225e-9,5.995266979743174e-9,8.231123489818702e-10,1.896492192718427e-7,0.013912018793128278,9.956134237161625e-9,-8.704992509907386e-9,-3.652970946907956e-9,2.916802049860437e-9,9.976024985898492e-9,-2.2122403153692143e-10,0.9999998273384593,-9.410021872585808e-9,-8.73985763342279e-9,-9.882273885164145e-9,5.452375760729172e-9,-8.757236511033242e-9,-7.609958781693367e-9,-9.746085991895663e-9,5.537888274101088e-9,-9.141976455618297e-9,-8.234538119959492e-9,-9.820807682244926e-9,8.838447753842234e-10,2.5821292374263214e-9,1.7130946306613628e-9,-1.3248865096491974e-9,-1.302122490115343e-10,0.09966692499120162,4.889658658540559e-7,3.879966572049084e-7,-6.920461001001462e-10,-6.079311994624854e-9,1.2536318103516649e-8,2.280375958696792e-10,-3.134611623481016e-11,0.12946570127275467,9.215461574560237e-8,1.721486136718881e-7,-4.672980860268883e-10,1.226553496361057e-8,4.381949005251255e-8,1.3550280422603082e-7,-4.65972776527764e-10,1.2843971887457616e-8,4.5182240194537605e-8,1.368117861405719e-7,-5.545524798958798e-10,-3.799336793907232e-9,1.8651941714756538e-8,1.222909775630207e-8,0.7936507842099292,-3.420317706997283e-16,0.1465050434241499,4.607465916601627e-14,1.8212437026010096e-13,-1.4366364661743832e-14
full_TAC,16,20,,56.2938881055574,10.899448452995019,3,3,LOCALLY_SOLVED,Solve_Succeeded,0.059179875,0.8626444833118299,1.0576669837454835e7,56.2938887923084,10.278116942362322,503.57998774095364,1.1278456123176193e-16,1.258008647179876e-22,9.882273881649663e-9,7.923330326334478e-9,1.0000000017945387,0.39351980602666764,9.237925272411048e-7,8.620857172245729e-7,-1.1719103817944389e-9,0.06545290596444758,1.5716758256303195e-7,2.6115134721892067e-8,-6.228414864013151e-9,-3.99238393667961e-9,4.0295308867610096e-9,1.5348589564982896e-11,-2.8211521880278904e-10,0.08502225158210905,2.9621126058120603e-8,1.1586925394124426e-8,-4.205682704608354e-9,8.054978612595977e-9,1.4084836661943486e-8,9.120380703291225e-9,-4.193754919933035e-9,8.434847641149167e-9,1.4522863509938348e-8,9.208485262252883e-9,-4.9909723084125725e-9,-2.4950867519704788e-9,5.995267026368544e-9,8.231119072720896e-10,1.8964921886733085e-7,0.013912018793124266,9.956134569884807e-9,-8.704992195840142e-9,-3.6529707691963514e-9,2.9168023256405716e-9,9.976024996946449e-9,-2.212240917209777e-10,0.999999827338458,-9.410021871264644e-9,-8.739857628642796e-9,-9.882273881649663e-9,5.452376691094661e-9,-8.757236503647745e-9,-7.609958749527843e-9,-9.746085976222946e-9,5.537889206860321e-9,-9.141976451583844e-9,-8.234538101499581e-9,-9.820807674314631e-9,8.838450405952005e-10,2.5821292231764198e-9,1.7130945841587499e-9,-1.324886127412939e-9,-1.302122646438265e-10,0.09966692499131789,4.889658124183216e-7,3.8799628729668204e-7,-6.92046096001461e-10,-6.0793119035803135e-9,1.2536318314367584e-8,2.2803618782260297e-10,-3.13461354225321e-11,0.12946570127275694,9.215461440304187e-8,1.7214860585556287e-7,-4.67298078289817e-10,1.2265535614634782e-8,4.381949183715751e-8,1.3550279902032676e-7,-4.659727688814481e-10,1.284397254447714e-8,4.51822420309193e-8,1.3681178103918567e-7,-5.545524787125078e-10,-3.799336645045956e-9,1.8651941859813247e-8,1.222909119375676e-8,0.7936507842099292,-3.420317757816137e-16,0.14650504342414974,4.6074656280222623e-14,1.8212436254870301e-13,-1.4366367443078284e-14
full_TAC,16,21,,56.2938881055574,9.684501632058875,3,3,LOCALLY_SOLVED,Solve_Succeeded,0.012646167,0.9930437960642877,1.0803711525373947e7,43.26007517111363,9.684501869236456,503.5799876606694,4.776757887462858e-16,4.776757887462858e-16,9.801287282215329e-9,9.760821486148268e-9,1.000000008602517,0.3555673296693676,2.6096950339866555e-9,-9.631319413311834e-9,-8.015434772451453e-9,-4.885581568965232e-9,-9.067879528918767e-10,-4.0686578224718185e-10,-8.201196297502566e-9,-5.391494572357504e-9,-1.192731512352482e-9,-4.31415360000747e-10,-6.459651415113541e-9,0.09171839771210853,2.2800342179084943e-9,2.385058257541361e-9,-7.481406333168457e-9,-3.4952570303584554e-9,3.0058009647826116e-10,-1.139927301424379e-12,-7.424975225430574e-9,-1.730904829334065e-9,9.005253423470302e-10,4.2694467320681504e-10,-7.85446981169493e-9,-5.066439209641064e-9,-7.907826743782786e-10,-3.566519882219238e-10,-2.5881737731457867e-9,0.07936511212352211,-1.1059674863369657e-9,-8.851560290373978e-9,-4.651935668113096e-9,1.9181010189667142e-8,3.001732126816541e-9,-3.5113790720213156e-9,0.9999999984710652,0.044821712566872056,-3.705232454478423e-9,-8.988447781736636e-9,2.571575180044217e-8,1.220807795958676e-8,2.370393925514599e-10,-5.166093568639063e-9,4.184202261075387e-8,9.947768435637885e-9,-1.3462700303935242e-9,-6.983686915231492e-9,2.994914600799284e-10,1.2214619663605428e-8,3.0993948043706225e-9,-1.7541826282287405e-9,-8.906038636057167e-10,-7.439408298197057e-9,-2.821118075663616e-9,-6.044863050529558e-9,-9.112440330558403e-10,-8.209775826089834e-9,-3.710720260652166e-9,-6.409599634296812e-9,-7.177390461237265e-10,0.13966210560707434,7.093439789048649e-9,3.543515125490022e-8,-8.312673703520504e-10,-5.322323205318556e-9,9.35138077932368e-10,-1.693606276401934e-11,-8.249972472700636e-10,-2.635695990122326e-9,2.8016343984129826e-9,6.343178001929822e-9,-8.727188679661031e-10,-7.714805160135255e-9,-2.460212764732422e-9,-5.298829539297153e-9,0.7936507842211087,-1.7969509326176085e-15,0.16699511139764006,-8.149184191424743e-13,-2.0570740402558897e-12,-1.0986370476328908e-12
full_TAC,17,1,,51.96016117085495,33.98343805078173,3,3,LOCALLY_SOLVED,Solve_Succeeded,0.13191875,0.8851967219907214,1.0615341026935887e7,51.96016023948198,19.07484985763949,503.57999071115506,1.5922526291542861e-16,1.5922526291542861e-16,8.838786205565935e-9,0.0,0.9999999252636539,0.14694140621172752,2.6023397914864956e-6,0.5448124221494671,1.0382583808343996e-7,0.04437876023848685,4.545944136083587e-7,5.207164468886611e-8,4.335466353065319e-9,6.774770717720541e-10,1.9009211194668486e-8,1.3312179938171852e-9,1.4331154747132394e-7,2.0723491936878877e-8,6.287950007555025e-8,0.03435747625183995,7.447219580332987e-9,4.73381162336316e-9,2.3699578070781297e-8,4.69791198849867e-9,7.708504994318746e-9,5.126839091361096e-9,2.4399239038218427e-8,4.973033079589546e-9,5.995208235357512e-9,2.9824701352541515e-9,2.0405720869816745e-8,3.2634562819491198e-9,4.841821778503462e-7,0.03498583555525697,1.0128018504681828e-7,-4.006283226977917e-10,4.612091249374896e-9,-2.515474273601768e-9,1.2927826498262202e-8,-5.307073015051372e-9,0.9999991109436392,-5.813668143344448e-9,-3.4509028610998914e-10,-8.803623108372343e-9,7.967310052696337e-9,-5.850564507829206e-9,-6.043197383049533e-10,-8.583136897426283e-9,8.253667849143382e-9,-6.336052999204668e-9,-1.668799272360074e-9,-8.838786205565935e-9,6.389451143329372e-9,-3.9997244349617614e-9,3.5784863800156678e-9,-6.973077058533223e-9,1.1536204231493326e-8,0.0675767485449686,1.4142937312260047e-6,7.736358639488679e-7,4.817184836739242e-10,1.0316128138347186e-9,5.9139768161190844e-8,1.9778095908141035e-8,1.5923505274591546e-8,3.155622635842919e-8,1.9562511134615633e-7,0.5104539328844792,8.274688422592204e-10,7.208304062848447e-9,7.373202066465292e-8,6.97975495434088e-8,8.565005549243047e-10,7.806777707299851e-9,7.590874367445732e-8,7.388506289675896e-8,6.661342483730567e-10,4.541488615046094e-9,6.348446492831876e-8,4.8485636188958345e-8,0.7936507891892527,6.427101200774192e-16,0.14984484248241794,1.401868205161765e-13,4.814700100309719e-13,1.3241255819087664e-13
full_TAC,17,2,,51.96016117085495,32.76849122984559,3,3,LOCALLY_SOLVED,Solve_Succeeded,0.138339541,0.8851965175994967,1.0615340673414368e7,51.960161856091894,19.07482322976699,503.5799877436798,3.3183548663635736e-16,2.3702534759739807e-16,9.879233474301988e-9,7.90586199005825e-9,1.000000001805396,0.14694230275709172,9.257037033890216e-7,0.5448109331893318,-1.132920492314546e-9,0.0443791414250019,1.5720158418567275e-7,2.446076165311017e-8,-6.219943876907086e-9,-3.977272960977803e-9,4.063521299743195e-9,1.0608390129022198e-11,-1.6106018686906048e-10,1.477528240703861e-8,2.98108778173912e-8,0.03435740517795724,-4.1826494581356465e-9,8.082002561285522e-9,1.4145997927823159e-8,9.096908863404616e-9,-4.170585153114802e-9,8.464299532054858e-9,1.4587551840388562e-8,9.186125489903057e-9,-4.973699218077595e-9,-2.457990392169779e-9,6.045180877059668e-9,8.048625105871809e-10,1.7642240905051444e-7,0.03498579142980029,1.0079122241725513e-8,-8.672658037041187e-9,-3.6635489798706168e-9,2.9041960782345516e-9,9.96879367762037e-9,-2.2030191775069186e-10,0.9999998404310824,-9.43444461342139e-9,-8.729627407080093e-9,-9.879233474301988e-9,5.411428265363254e-9,-8.748352853814991e-9,-7.59336188309578e-9,-9.7430092414805e-9,5.496783762023917e-9,-9.135504013201032e-9,-8.221569835121934e-9,-9.81883534744419e-9,8.637510385531058e-10,2.5469227820085605e-9,1.6865225862060948e-9,-1.3097562460994539e-9,-1.2588005470161617e-10,0.06757732898807106,4.890715952443152e-7,3.6341703027477964e-7,-6.911048752118982e-10,-6.056302008761655e-9,1.2642066265867715e-8,1.5761036763118694e-10,-1.789557631878449e-11,2.2498725483445153e-8,9.274495320966152e-8,0.5104528769296504,-4.647388286817384e-10,1.2306685718321134e-8,4.400977133100537e-8,1.3515407454201143e-7,-4.633983503460889e-10,1.2888819741992622e-8,4.538349461454219e-8,1.364795787071311e-7,-5.526332464530659e-10,-3.742849006258527e-9,1.880722939529674e-8,1.19579573001524e-8,0.7936507842098652,-3.3816912253063915e-16,0.14984482146802403,4.5703903922567365e-14,1.8067274738950056e-13,-1.417843963341637e-14
full_TAC,17,3,,51.96016117085495,31.553544408909442,3,3,LOCALLY_SOLVED,Solve_Succeeded,0.1401615,0.8851965175994935,1.0615340673414363e7,51.96016185609188,19.074823229766633,503.5799877436797,1.1278456123176193e-16,1.1851267379869903e-16,9.879233474308637e-9,7.905861826101743e-9,1.000000001805396,0.14694230275710135,9.257037057167356e-7,0.5448109331893092,-1.132920507177814e-9,0.04437914142501351,1.5720158511645232e-7,2.4460761339736322e-8,-6.2199438801578635e-9,-3.9772729721098015e-9,4.06352130939815e-9,1.0608386649430338e-11,-1.6106018317443408e-10,1.477528242381626e-8,2.981087787631552e-8,0.03435740517795651,-4.1826494620853545e-9,8.082002567401906e-9,1.4145997948867745e-8,9.096908859656326e-9,-4.170585157082558e-9,8.464299538184924e-9,1.4587551861866505e-8,9.186125486220834e-9,-4.973699360653122e-9,-2.457997298569157e-9,6.0451806741905085e-9,8.04862142980263e-10,1.7642240638926676e-7,0.03498579142979,1.007912220845457e-8,-8.672658032601821e-9,-3.6635489939996384e-9,2.9041961712560746e-9,9.968793609903415e-9,-2.203019358150215e-10,0.9999998404310858,-9.434444613618915e-9,-8.72962740755249e-9,-9.879233474308637e-9,5.411428260136241e-9,-8.748352854007615e-9,-7.59336188345059e-9,-9.743009241364169e-9,5.4967837566912055e-9,-9.135504013427926e-9,-8.221569835568316e-9,-9.818835347413264e-9,8.63750269756689e-10,2.54693072282504e-9,1.6865215669095486e-9,-1.309756021621519e-9,-1.258800563530904e-10,0.06757732898808874,4.890715981400737e-7,3.634170256189396e-7,-6.911048755730956e-10,-6.056302025712652e-9,1.2642066295905355e-8,1.5761031593439355e-10,-1.789557590827045e-11,2.2498725508992938e-8,9.274495339298159e-8,0.5104528769296395,-4.647388291205947e-10,1.230668572763472e-8,4.400977139647743e-8,1.3515407448632256e-7,-4.633983507869507e-10,1.2888819751327043e-8,4.538349468136246e-8,1.3647957865242379e-7,-5.526332622947912e-10,-3.7428595228212165e-9,1.8807228764148246e-8,1.1957951838563904e-8,0.7936507842098652,-3.3816912248343105e-16,0.14984482146802364,4.5703903900872945e-14,1.8067274736762995e-13,-1.4178437716423325e-14
full_TAC,17,4,,51.96016117085495,30.3385975879733,3,2,LOCALLY_SOLVED,Solve_Succeeded,0.145953042,0.8851965175994967,1.0615340673414368e7,51.960161856091915,19.074823229766793,503.57998774367985,2.654683893090859e-16,3.5553802139609715e-16,9.879233474307848e-9,7.905862235993013e-9,1.000000001805396,0.14694230275709727,9.257037026528959e-7,0.5448109331893198,-1.1329205099814292e-9,0.04437914142500408,1.5720158392061708e-7,2.4460761283195602e-8,-6.2199438810741265e-9,-3.977272959711134e-9,4.063521302405668e-9,1.060838892927343e-11,-1.6106018638572745e-10,1.4775282428324999e-8,2.981087786922215e-8,0.03435740517795687,-4.1826494631643e-9,8.082002571109945e-9,1.4145997942889023e-8,9.0969088593012e-9,-4.170585158165584e-9,8.464299541830065e-9,1.4587551855742112e-8,9.186125485870216e-9,-4.973699223980574e-9,-2.457990392119793e-9,6.045180877467647e-9,8.048625034275264e-10,1.7642240538814983e-7,0.034985791429800225,1.0079122239185216e-8,-8.672658032743067e-9,-3.6635489867232506e-9,2.9041960868228887e-9,9.968793680061978e-9,-2.2030191962152457e-10,0.999999840431086,-9.434444613659991e-9,-8.729627407480252e-9,-9.879233474307848e-9,5.4114282587777136e-9,-8.748352854205533e-9,-7.593361883356016e-9,-9.743009241360708e-9,5.496783755355741e-9,-9.135504013522667e-9,-8.221569835501749e-9,-9.818835347410878e-9,8.637510252261831e-10,2.546922785971291e-9,1.6865225901293045e-9,-1.3097562389162015e-9,-1.258800566646032e-10,0.06757732898807438,4.890715944196975e-7,3.634170247789061e-7,-6.911048756749028e-10,-6.056302006832864e-9,1.2642066274150966e-8,1.576103498063481e-10,-1.7895576265080822e-11,2.249872551585852e-8,9.274495337091333e-8,0.5104528769296449,-4.647388292404776e-10,1.2306685733281052e-8,4.4009771377876954e-8,1.3515407448104637e-7,-4.633983509072868e-10,1.28888197568776e-8,4.538349466230879e-8,1.364795786472146e-7,-5.526332471089526e-10,-3.742849006182412e-9,1.880722939656601e-8,1.1957957193780392e-8,0.7936507842098652,-3.3816912250606446e-16,0.14984482146802405,4.57039038951598e-14,1.806727473405914e-13,-1.4178439701863368e-14
full_TAC,17,5,,51.96016117085495,29.12365076703716,3,2,LOCALLY_SOLVED,Solve_Succeeded,0.139247208,0.8851965175994924,1.061534067341436e7,51.96016185609189,19.07482322976637,503.57998774367957,1.1851267379869903e-16,2.563285482540044e-17,9.879233474315847e-9,7.905861908079997e-9,1.000000001805396,0.14694230275710823,9.257037048107057e-7,0.5448109331892932,-1.1329205287851582e-9,0.04437914142501623,1.5720158479048593e-7,2.446076088462222e-8,-6.2199438852303005e-9,-3.977272970572546e-9,4.063521312566442e-9,1.0608385168444794e-11,-1.610601821993241e-10,1.4775282450004986e-8,2.981087794008728e-8,0.03435740517795598,-4.1826494682216284e-9,8.082002579456051e-9,1.4145997967339266e-8,9.096908854595205e-9,-4.170585163246069e-9,8.464299550178263e-9,1.4587551880690338e-8,9.186125481246547e-9,-4.973699367865966e-9,-2.4579972985168486e-9,6.0451806746690035e-9,8.048621341681159e-10,1.764224019267909e-7,0.034985791429789866,1.0079122205335141e-8,-8.672658027313105e-9,-3.6635490022909014e-9,2.9041961818340305e-9,9.968793613072093e-9,-2.2030193813519644e-10,0.9999998404310905,-9.434444613912473e-9,-8.729627408044852e-9,-9.879233474315847e-9,5.411428252295913e-9,-8.748352854488382e-9,-7.593361883772594e-9,-9.743009241216795e-9,5.496783748750553e-9,-9.135504013823788e-9,-8.22156983603663e-9,-9.81883534737229e-9,8.637502535479017e-10,2.546930727684124e-9,1.686521571706264e-9,-1.309756012789441e-9,-1.2588005875390642e-10,0.06757732898809289,4.890715971259562e-7,3.6341701885724434e-7,-6.911048761366997e-10,-6.05630202337183e-9,1.2642066305762264e-8,1.5761029393117978e-10,-1.7895575799924894e-11,2.249872554887123e-8,9.274495359138264e-8,0.5104528769296317,-4.64738829802403e-10,1.2306685745989897e-8,4.400977145394438e-8,1.3515407441112875e-7,-4.6339835147178526e-10,1.2888819769589629e-8,4.538349473992549e-8,1.3647957857852013e-7,-5.526332630962183e-10,-3.742859522741565e-9,1.88072287656369e-8,1.1957951707640578e-8,0.7936507842098652,-3.3816912295409416e-16,0.14984482146802358,4.570390385709742e-14,1.8067274729169422e-13,-1.4178437799713171e-14
full_TAC,17,6,,51.96016117085495,27.908703946101014,3,3,LOCALLY_SOLVED,Solve_Succeeded,0.152777875,0.8851965175994967,1.0615340673414368e7,51.96016185609187,19.074823229766466,503.5799877436799,4.776757887462858e-16,4.776757887462858e-16,9.879233474316937e-9,7.905861744123488e-9,1.000000001805396,0.14694230275710568,9.257037015104205e-7,0.5448109331892999,-1.1329205370171065e-9,0.04437914142500736,1.5720158350989158e-7,2.4460760709554788e-8,-6.219943887414398e-9,-3.97727295777605e-9,4.063521306452139e-9,1.0608387059375193e-11,-1.6106018456838575e-10,1.4775282461334242e-8,2.98108779496059e-8,0.03435740517795622,-4.1826494708204306e-9,8.082002586253084e-9,1.4145997966071295e-8,9.096908852902264e-9,-4.17058516585607e-9,8.464299556896121e-9,1.4587551879365878e-8,9.186125479580733e-9,-4.973699232994113e-9,-2.4579903920650808e-9,6.045180878036752e-9,8.048624923152414e-10,1.7642239983078342e-7,0.034985791429800205,1.00791222352555e-8,-8.672658026076534e-9,-3.6635489970520527e-9,2.904196100060455e-9,9.968793683810923e-9,-2.203019225026622e-10,0.999999840431092,-9.434444614030007e-9,-8.729627408100886e-9,-9.879233474316937e-9,5.411428249301058e-9,-8.748352854812035e-9,-7.593361883764789e-9,-9.743009241174973e-9,5.496783745754592e-9,-9.135504014021887e-9,-8.22156983609362e-9,-9.818835347359245e-9,8.637510050855963e-10,2.5469227920670197e-9,1.6865225961276438e-9,-1.309756227792836e-9,-1.2588005966856733e-10,0.06757732898807937,4.890715931418849e-7,3.6341701625624254e-7,-6.911048763793773e-10,-6.0563020038862576e-9,1.2642066286739987e-8,1.5761032202500286e-10,-1.7895576063153966e-11,2.2498725566122593e-8,9.274495362099615e-8,0.5104528769296353,-4.647388300911588e-10,1.230668575633992e-8,4.400977144999958e-8,1.351540743859765e-7,-4.6339835176178543e-10,1.2888819779819094e-8,4.538349473580495e-8,1.3647957855377084e-7,-5.526332481104568e-10,-3.7428490060991e-9,1.880722939833656e-8,1.1957957028683584e-8,0.7936507842098652,-3.381691180895711e-16,0.14984482146802405,4.570390383919047e-14,1.8067274722089387e-13,-1.4178439806017372e-14
full_TAC,17,7,,51.96016117085495,26.693757125164872,3,3,LOCALLY_SOLVED,Solve_Succeeded,0.138522708,0.8851965175994924,1.061534067341436e7,51.960161856091894,19.074823229765947,503.5799877436797,1.5922526291542861e-16,2.3702534759739807e-16,9.879233474327658e-9,7.90586199005825e-9,1.000000001805396,0.1469423027571195,9.25703703326394e-7,0.5448109331892677,-1.132920564041958e-9,0.044379141425020675,1.5720158425662984e-7,2.4460760139211386e-8,-6.219943893509597e-9,-3.977272968032276e-9,4.063521317920397e-9,1.0608382743170472e-11,-1.6106018021003657e-10,1.4775282492898452e-8,2.981087804453678e-8,0.034357405177955144,-4.1826494782196885e-9,8.082002599165965e-9,1.4145997997525958e-8,9.09690884629245e-9,-4.170585173288761e-9,8.464299569788264e-9,1.4587551911452346e-8,9.186125473086008e-9,-4.973699379626882e-9,-2.457997298436278e-9,6.0451806754316905e-9,8.048621197320531e-10,1.7642239466300328e-7,0.03498579142978966,1.0079122200225191e-8,-8.672658018650945e-9,-3.663549015820832e-9,2.9041961989917086e-9,9.968793617775673e-9,-2.203019418530855e-10,0.999999840431098,-9.434444614393278e-9,-8.729627408851277e-9,-9.879233474327658e-9,5.411428239725854e-9,-8.748352855276214e-9,-7.593361884301957e-9,-9.74300924097543e-9,5.496783736017453e-9,-9.13550401447234e-9,-8.221569836804717e-9,-9.818835347305184e-9,8.637502271931191e-10,2.5469307356205696e-9,1.686521579529928e-9,-1.30975599833009e-9,-1.258800626713286e-10,0.06757732898809966,4.890715954650706e-7,3.6341700778256914e-7,-6.911048770566216e-10,-6.056302019503691e-9,1.2642066322419011e-8,1.576102578985327e-10,-1.7895575578892945e-11,2.2498725614186277e-8,9.274495391633664e-8,0.5104528769296193,-4.6473883091329854e-10,1.230668577600272e-8,4.400977154785853e-8,1.351540742877735e-7,-4.6339835258764e-10,1.2888819799450311e-8,4.538349483562952e-8,1.3647957845727782e-7,-5.526332644029868e-10,-3.742859522618877e-9,1.88072287680097e-8,1.1957951493161931e-8,0.7936507842098652,-3.3816912453670435e-16,0.14984482146802358,4.570390380159439e-14,1.8067274719587842e-13,-1.4178437935041944e-14
full_TAC,17,8,,51.96016117085495,25.47881030422873,3,3,LOCALLY_SOLVED,Solve_Succeeded,0.149224334,0.8851965175994924,1.061534067341436e7,51.9601618560919,19.07482322976562,503.57998774367974,1.9910129198181441e-16,1.5922526291542861e-16,9.879233474336924e-9,7.905862072036505e-9,1.000000001805396,0.1469423027571283,9.257037021624769e-7,0.5448109331892477,-1.1329205918350328e-9,0.044379141425024145,1.5720158383775667e-7,2.4460759554377762e-8,-6.219943900051685e-9,-3.977272966044767e-9,4.0635213220994755e-9,1.0608380841533474e-11,-1.6106017903674478e-10,1.4775282526551764e-8,2.981087812648523e-8,0.03435740517795449,-4.182649486115597e-9,8.082002614662637e-9,1.4145998021275993e-8,9.096908839791491e-9,-4.170585181219677e-9,8.464299585206877e-9,1.4587551935655447e-8,9.186125466696634e-9,-4.973699388905889e-9,-2.4579972983682845e-9,6.0451806760510254e-9,8.048621084086712e-10,1.7642238891943494e-7,0.034985791429789546,1.007912219621539e-8,-8.67265801185489e-9,-3.6635490265371108e-9,2.904196212555157e-9,9.968793621612314e-9,-2.2030194480586783e-10,0.9999998404311039,-9.434444614770509e-9,-8.729627409483978e-9,-9.879233474336924e-9,5.411428229595551e-9,-8.748352855893944e-9,-7.593361884715355e-9,-9.743009240786049e-9,5.496783725757921e-9,-9.135504014981e-9,-8.221569837406304e-9,-9.81883534725253e-9,8.637502063235614e-10,2.5469307418686163e-9,1.6865215857012798e-9,-1.3097559869789076e-9,-1.2588006575944805e-10,0.06757732898810494,4.890715941619096e-7,3.6341699909361236e-7,-6.911048777835204e-10,-6.056302016477258e-9,1.264206633542059e-8,1.5761022964564015e-10,-1.789557544852719e-11,2.2498725665431092e-8,9.274495417128738e-8,0.5104528769296095,-4.647388317906217e-10,1.2306685799599924e-8,4.4009771621747526e-8,1.3515407419118785e-7,-4.6339835346885284e-10,1.2888819822928653e-8,4.538349491092806e-8,1.3647957836234997e-7,-5.526332654339874e-10,-3.742859522515342e-9,1.880722876993652e-8,1.195795132492883e-8,0.7936507842098652,-3.3816912288347346e-16,0.14984482146802355,4.5703903751114726e-14,1.8067274708728292e-13,-1.4178438042021815e-14
full_TAC,17,9,,51.96016117085495,24.26386348329259,3,3,LOCALLY_SOLVED,Solve_Succeeded,0.148726958,0.8851965175994956,1.0615340673414366e7,51.960161856091865,19.07482322976543,503.5799877436798,1.1278456123176193e-16,7.689856447620133e-17,9.879233474346522e-9,7.905861662145234e-9,1.000000001805396,0.14694230275713369,9.257036977943004e-7,0.5448109331892367,-1.132920625880004e-9,0.04437914142501835,1.5720158217230646e-7,2.4460758842149407e-8,-6.219943908341496e-9,-3.977272951408115e-9,4.063521319819595e-9,1.060838099447882e-11,-1.610601811711812e-10,1.477528256879139e-8,2.9810878211269455e-8,0.034357405177954194,-4.182649496079002e-9,8.082002635765045e-9,1.4145998041965615e-8,9.096908832155921e-9,-4.170585191226385e-9,8.464299606159065e-9,1.458755195670848e-8,9.186125459190683e-9,-4.9736992626684486e-9,-2.45799039183903e-9,6.0451808800369045e-9,8.048624561618946e-10,1.7642238145137626e-7,0.03498579142979989,1.007912222245197e-8,-8.672658004376614e-9,-3.663549031378996e-9,2.9041961433429662e-9,9.968793696104152e-9,-2.2030193192885927e-10,0.9999998404311106,-9.434444615234523e-9,-8.729627410121104e-9,-9.879233474346522e-9,5.4114282167139854e-9,-8.748352856784192e-9,-7.593361885083072e-9,-9.743009240570257e-9,5.496783712753626e-9,-9.135504015645922e-9,-8.221569838013576e-9,-9.818835347191108e-9,8.63750938276022e-10,2.5469228120340277e-9,1.6865226158575465e-9,-1.309756191542905e-9,-1.2588006954222262e-10,0.06757732898809612,4.89071588980509e-7,3.63416988511934e-7,-6.911048787046105e-10,-6.0563019941896295e-9,1.264206632832763e-8,1.5761023191797102e-10,-1.7895575685686793e-11,2.2498725729750526e-8,9.274495443506052e-8,0.5104528769296051,-4.647388328976667e-10,1.2306685831733136e-8,4.400977168611524e-8,1.351540740777451e-7,-4.6339835458070927e-10,1.2888819854833119e-8,4.538349497642638e-8,1.3647957825083297e-7,-5.526332514076052e-10,-3.7428490057548864e-9,1.880722940455926e-8,1.1957956491548148e-8,0.7936507842098652,-3.3816912566350577e-16,0.149844821468024,4.570390368438232e-14,1.8067274695223385e-13,-1.4178440148230368e-14
full_TAC,17,10,,51.96016117085495,23.048916662356444,3,3,LOCALLY_SOLVED,Solve_Succeeded,0.149142167,0.8851965175994924,1.061534067341436e7,51.96016185609187,19.07482322976437,503.5799877436796,1.5922526291542861e-16,1.5922526291542861e-16,9.879233474372453e-9,7.905861744123488e-9,1.0000000018053963,0.14694230275716194,9.257036977002137e-7,0.544810933189172,-1.1329206984911573e-9,0.04437914142503734,1.5720158223167847e-7,2.446075731194678e-8,-6.219943925163745e-9,-3.977272958406996e-9,4.063521338139588e-9,1.0608373557137115e-11,-1.6106017479972356e-10,1.477528265558908e-8,2.981087844070131e-8,0.03435740517795206,-4.1826495164259715e-9,8.08200267410372e-9,1.4145998112385717e-8,9.096908814873739e-9,-4.170585211664223e-9,8.464299644348887e-9,1.4587552028503677e-8,9.18612544220673e-9,-4.973699424519532e-9,-2.457997298102719e-9,6.045180678441987e-9,8.048620649930972e-10,1.764223668666646e-7,0.034985791429789144,1.0079122180844156e-8,-8.672657985796422e-9,-3.663549067747008e-9,2.9041962645656083e-9,9.968793636300929e-9,-2.2030195612642915e-10,0.9999998404311263,-9.43444461621693e-9,-8.729627411909953e-9,-9.879233474372453e-9,5.41142819057167e-9,-8.748352858262217e-9,-7.593361886299105e-9,-9.743009240059897e-9,5.4967836862375345e-9,-9.135504016931233e-9,-8.221569839712267e-9,-9.818835347050631e-9,8.637501261714443e-10,2.546930765842194e-9,1.6865216093816744e-9,-1.3097559434511877e-9,-1.2588007761012854e-10,0.06757732898812503,4.890715891652218e-7,3.63416965777495e-7,-6.911048805737493e-10,-6.056302004847017e-9,1.264206638532316e-8,1.576101214203228e-10,-1.7895574977747054e-11,2.2498725861919733e-8,9.274495514884851e-8,0.5104528769295734,-4.647388351584411e-10,1.230668589011248e-8,4.400977190520001e-8,1.3515407382098123e-7,-4.6339835685158004e-10,1.2888819912985802e-8,4.538349519978922e-8,1.3647957799849998e-7,-5.526332693910589e-10,-3.742859522110958e-9,1.880722877737507e-8,1.1957950679897444e-8,0.7936507842098652,-3.381691250242108e-16,0.14984482146802353,4.570390354867975e-14,1.8067274674267594e-13,-1.417843845185925e-14
full_TAC,17,11,,51.96016117085495,21.833969841420302,3,3,LOCALLY_SOLVED,Solve_Succeeded,0.156624875,0.8851965175994922,1.061534067341436e7,51.9601618560919,19.07482322976292,503.57998774367974,3.1845052583085723e-16,3.1845052583085723e-16,9.879233474413684e-9,7.905862072036505e-9,1.0000000018053965,0.1469423027572011,9.257036925203376e-7,0.5448109331890837,-1.1329208220327155e-9,0.044379141425052754,1.572015803678436e-7,2.4460754709600377e-8,-6.219943954230846e-9,-3.977272949558616e-9,4.063521356690673e-9,1.060836509909483e-11,-1.6106016919503285e-10,1.4775282805337306e-8,2.981087880535088e-8,0.03435740517794922,-4.1826495515095625e-9,8.082002743027214e-9,1.414599821800139e-8,9.096908785933229e-9,-4.170585246903578e-9,8.464299712924696e-9,1.4587552136133796e-8,9.186125413762738e-9,-4.9736994657579095e-9,-2.4579972978005433e-9,6.0451806811785e-9,8.048620146048885e-10,1.764223413534093e-7,0.034985791429788596,1.007912216300396e-8,-8.672657955555622e-9,-3.663549115304859e-9,2.90419632481742e-9,9.968793653299315e-9,-2.2030196923738147e-10,0.9999998404311525,-9.434444617895506e-9,-8.72962741472531e-9,-9.879233474413684e-9,5.411428145759823e-9,-8.748352861011318e-9,-7.593361888140516e-9,-9.743009239217218e-9,5.496783640851891e-9,-9.13550401919481e-9,-8.221569842390198e-9,-9.81883534681634e-9,8.637500335017498e-10,2.5469307936203615e-9,1.6865216368061156e-9,-1.30975589294935e-9,-1.2588009133696832e-10,0.06757732898814851,4.890715833666245e-7,3.634169271140627e-7,-6.911048838034271e-10,-6.0563019913733475e-9,1.2642066443037651e-8,1.576099957579803e-10,-1.7895574355003645e-11,2.2498726089945443e-8,9.274495628331385e-8,0.5104528769295311,-4.647388390566178e-10,1.2306685995064167e-8,4.40097722337821e-8,1.3515407339100798e-7,-4.633983607670641e-10,1.2888820017408058e-8,4.5383495534638474e-8,1.3647957757590351e-7,-5.526332739731009e-10,-3.742859521650827e-9,1.880722878588866e-8,1.1957949931272628e-8,0.7936507842098652,-3.3816913006421376e-16,0.14984482146802353,4.570390331949102e-14,1.8067274632855166e-13,-1.4178438927974602e-14
full_TAC,17,12,,51.96016117085495,20.61902302048416,3,3,LOCALLY_SOLVED,Solve_Succeeded,0.165376125,0.8851965175994942,1.0615340673414364e7,51.9601618560919,19.07482322975946,503.5799877436798,1.9910129198181441e-16,1.5922526291542861e-16,9.87923347451579e-9,7.905862072036505e-9,1.000000001805397,0.14694230275729436,9.257036765302652e-7,0.544810933188874,-1.1329211330450118e-9,0.044379141425081585,1.5720157452079206e-7,2.4460748158700218e-8,-6.219944027654081e-9,-3.9772729150754386e-9,4.06352139601609e-9,1.0608346265248693e-11,-1.610601581263669e-10,1.4775283183554343e-8,2.9810879708271354e-8,0.034357405177942474,-4.182649640103392e-9,8.082002918713947e-9,1.4145998475545263e-8,9.096908713345017e-9,-4.170585335890206e-9,8.464299887680697e-9,1.4587552398557939e-8,9.186125342418133e-9,-4.973699431960132e-9,-2.4579903906166466e-9,6.045180891267539e-9,8.048622492974852e-10,1.7642227671545925e-7,0.03498579142979762,1.0079122149216947e-8,-8.672657880227958e-9,-3.6635492267565602e-9,2.9041963906907796e-9,9.968793766306571e-9,-2.2030198578871457e-10,0.9999998404312183,-9.434444622125602e-9,-8.729627421679047e-9,-9.87923347451579e-9,5.411428032771718e-9,-8.748352868070049e-9,-7.593361892642735e-9,-9.74300923711079e-9,5.496783526455861e-9,-9.135504024938603e-9,-8.2215698490074e-9,-9.818835346229267e-9,8.63750557839869e-10,2.5469229260913116e-9,1.6865227284419642e-9,-1.3097559842125092e-9,-1.2588012589389017e-10,0.06757732898819241,4.890715651757974e-7,3.6341682978640317e-7,-6.911048919615644e-10,-6.056301938864871e-9,1.2642066565383391e-8,1.5760971594083775e-10,-1.789557312515187e-11,2.2498726665866838e-8,9.274495909239975e-8,0.510452876929431,-4.647388489003767e-10,1.2306686262587147e-8,4.40097730350297e-8,1.3515407231255454e-7,-4.633983706544672e-10,1.2888820283513787e-8,4.538349635106914e-8,1.3647957651592654e-7,-5.526332702177923e-10,-3.74284900389353e-9,1.880722943949901e-8,1.1957953418134066e-8,0.7936507842098652,-3.3816913564870975e-16,0.1498448214680239,4.570390275105381e-14,1.8067274530011978e-13,-1.4178442099432614e-14
full_TAC,17,13,,51.96016117085495,19.404076199548015,3,3,LOCALLY_SOLVED,Solve_Succeeded,0.124780042,0.8844049831022838,1.0614604158023568e7,51.96016153562999,10.133870091808118,503.5799883318662,1.1278456123176193e-16,5.126570965080088e-17,9.680963367490406e-9,4.208560505678418e-9,0.9999999865742099,0.382614271064266,1.4045797729878805e-6,1.0105985971481855e-6,1.730170341495204e-8,0.04438340433846993,2.408732077767797e-7,3.560025343201321e-8,-3.5370364638763284e-9,-2.867649435885247e-9,7.413808652010505e-9,2.528919286784022e-10,2.206446518207253e-8,0.09341700562893863,3.838291294357822e-8,1.1848078292081985e-8,4.57419942823571e-10,6.134886769077891e-9,1.7440333414609875e-8,7.790483543888176e-9,5.304905859581669e-10,6.685293824533352e-9,1.8050785988104228e-8,8.000513777263107e-9,-7.32815500764641e-10,9.983461856566917e-10,1.2033122021650298e-8,2.774178140443337e-9,3.027460674937684e-7,0.03498141808856806,3.4110458119484525e-8,-6.790982459229604e-9,-1.905694224832894e-9,-1.3181419463779055e-9,1.2654499584653959e-8,-4.835116099231575e-10,0.9999996310944222,-8.354821212899128e-9,-6.777457512342783e-9,-9.680963367490406e-9,5.641858731408738e-9,-7.471278435036326e-9,-5.113612658662343e-9,-9.370139538667241e-9,5.808138737484499e-9,-8.079565855900544e-9,-6.09969109126259e-9,-9.540053657522597e-9,3.0958311078291656e-9,-1.8443521941160013e-9,1.8962077149970836e-9,-4.331509603963316e-9,1.9224114905502257e-9,0.06758382024267011,7.493833130833146e-7,5.289180509899104e-7,-3.9300405154181414e-10,-4.3666480046434435e-9,2.306518247292157e-8,3.7572515117934044e-9,2.451607242452502e-9,0.14224862220770199,1.1941350693557666e-7,1.7602859176807518e-7,5.0824438091507865e-11,9.341759398368606e-9,5.425881506767516e-8,1.1574432693776717e-7,5.89433984397963e-11,1.0179879232812148e-8,5.6158000851879814e-8,1.1886477611933757e-7,-8.142394452940453e-11,1.5202089645226896e-9,3.7436379622912036e-8,4.121636094372957e-8,0.7936507851918027,-7.684286052191917e-17,0.14984384873049977,6.498823186722595e-14,2.4151568539080445e-13,1.5303358336761177e-14
full_TAC,17,14,,51.96016117085495,18.189129378611874,3,3,LOCALLY_SOLVED,Solve_Succeeded,0.114568042,0.8844049831022827,1.0614604158023566e7,51.96016153563001,10.133870091807832,503.579988331866,1.1278456123176193e-16,5.126570965080088e-17,9.68096336711589e-9,4.208560669634926e-9,0.99999998657421,0.38261427106427587,1.4045797593609743e-6,1.0105985804305564e-6,1.7301703394919953e-8,0.04438340433847401,2.4087320444178103e-7,3.5600252451068294e-8,-3.5370364619744503e-9,-2.86764943361622e-9,7.413808647607453e-9,2.528919260462805e-10,2.2064465155542934e-8,0.0934170056289386,3.8382912899676434e-8,1.1848078270468069e-8,4.5741995130377436e-10,6.134886785828357e-9,1.744033342204591e-8,7.790483531036557e-9,5.304905944755541e-10,6.6852938420282935e-9,1.805078599624968e-8,8.000513764959801e-9,-7.328154978205981e-10,9.983461907727996e-10,1.2033122015951426e-8,2.774178113385493e-9,3.027460674234574e-7,0.034981418088567584,3.411045835218462e-8,-6.790982434222656e-9,-1.9056942200050384e-9,-1.3181419392098201e-9,1.265449958399157e-8,-4.835116108731039e-10,0.9999996310944222,-8.354821212744953e-9,-6.777457511523728e-9,-9.68096336711589e-9,5.641858757461708e-9,-7.471278433798041e-9,-5.1136126553783284e-9,-9.370139537278425e-9,5.808138763910849e-9,-8.079565855165983e-9,-6.099691089083633e-9,-9.54005365676737e-9,3.095831118556757e-9,-1.8443521918445679e-9,1.8962077182795232e-9,-4.331509580765672e-9,1.9224114883244386e-9,0.06758382024267633,7.493833027077632e-7,5.289180364158717e-7,-3.9300405133049436e-10,-4.366648001188335e-9,2.3065182459223184e-8,3.757251472687596e-9,2.4516072395047695e-9,0.14224862220770196,1.1941350679899336e-7,1.7602859144695416e-7,5.0824439033752693e-11,9.341759423874996e-9,5.42588150908095e-8,1.1574432674682883e-7,5.894339938617265e-11,1.0179879259452174e-8,5.615800087722123e-8,1.1886477593654558e-7,-8.142394420228865e-11,1.5202089723131267e-9,3.743637960518221e-8,4.121636054172732e-8,0.7936507851918027,-7.684286337644034e-17,0.14984384873049972,6.498823174485449e-14,2.415156850578606e-13,1.5303358203131774e-14
full_TAC,17,15,,51.96016117085495,16.974182557675732,3,3,LOCALLY_SOLVED,Solve_Succeeded,0.109610917,0.8844049397474574,1.06146040828457e7,51.960161855495684,10.133867105076627,503.57998774475305,3.1845052583085723e-16,3.1845052583085723e-16,9.880934620239558e-9,7.898983276734452e-9,1.0000000016525878,0.38261441487536196,9.23652533661246e-7,8.620186892897111e-7,-1.0383052963554474e-9,0.044383519140575416,1.57279316799244e-7,2.6129345740585367e-8,-6.193994672326303e-9,-3.983789685146492e-9,4.041172792296378e-9,1.5685514073211405e-11,-1.7648782373040567e-10,0.09341695296202018,2.9452025796931712e-8,1.1563710041770555e-8,-4.152218825667249e-9,8.03405289299899e-9,1.4052313508512992e-8,9.113543043338439e-9,-4.140047282540618e-9,8.416839279751382e-9,1.4492391681031578e-8,9.202513837336349e-9,-4.93827378038813e-9,-2.455310858721356e-9,6.035957158438645e-9,8.399210732268658e-10,2.0049016674944354e-7,0.034981402344215644,1.0125312407108898e-8,-8.691855505371654e-9,-3.614262135479984e-9,2.864546237720755e-9,9.948861594049487e-9,-2.1131583125730397e-10,0.9999998156927474,-9.403162548831283e-9,-8.72671387795756e-9,-9.880934620239558e-9,5.4852598312471075e-9,-8.745570211073948e-9,-7.59034719306505e-9,-9.74333692069564e-9,5.571303370133316e-9,-9.13328437576095e-9,-8.218348605250158e-9,-9.818825214168905e-9,9.599591877011798e-10,2.5236857986497446e-9,1.661816419821892e-9,-1.3470193023724224e-9,-1.1536725515060522e-10,0.0675839950549671,4.893134300420925e-7,3.8820742243155394e-7,-6.882216302584779e-10,-6.066225202382157e-9,1.2572537576033174e-8,2.330419233734265e-10,-1.960975819226729e-11,0.14224854201034892,9.162852470156532e-8,1.7180369204916252e-7,-4.613576472963608e-10,1.2233671450703007e-8,4.371830869315153e-8,1.3540121092959966e-7,-4.6000525361562407e-10,1.2816550721439604e-8,4.508744078543157e-8,1.3672306272614005e-7,-5.486970867097919e-10,-3.7387688075984285e-9,1.8778533381809116e-8,1.2478827373656293e-8,0.7936507842098404,-3.3595269969766563e-16,0.1498438437683249,4.570668719936694e-14,1.8050185447865663e-13,-1.3976567573452377e-14
full_TAC,17,16,,51.96016117085495,15.759235736739589,3,3,LOCALLY_SOLVED,Solve_Succeeded,0.105964958,0.8844049397474617,1.0614604082845708e7,51.960161855495684,10.133867105076654,503.57998774475305,1.794299837778031e-17,1.0253141930160176e-16,9.880934620148732e-9,7.898983276734452e-9,1.0000000016525878,0.3826144148753614,9.236525294070688e-7,8.620186918385044e-7,-1.038305298911468e-9,0.044383519140565014,1.5727931529631893e-7,2.6129345159388277e-8,-6.193994673790497e-9,-3.983789673996892e-9,4.0411727820519725e-9,1.5685514742520278e-11,-1.7648783235265105e-10,0.09341695296202165,2.945202576886558e-8,1.1563710028827931e-8,-4.1522188240804155e-9,8.03405290510529e-9,1.4052313513849667e-8,9.113543035340001e-9,-4.140047280973347e-9,8.416839291883099e-9,1.4492391686554539e-8,9.202513829497787e-9,-4.938273635175333e-9,-2.4553040051162697e-9,6.035957350510716e-9,8.399218869731734e-10,2.0049016644944408e-7,0.03498140234422817,1.0125312442186959e-8,-8.691855498765535e-9,-3.6142621238881073e-9,2.864546161983888e-9,9.948861661104286e-9,-2.113158158445851e-10,0.9999998156927464,-9.403162548786736e-9,-8.726713877681546e-9,-9.880934620148732e-9,5.4852598530921385e-9,-8.745570211032804e-9,-7.59034719216759e-9,-9.743336920332472e-9,5.571303392066692e-9,-9.133284375694242e-9,-8.218348604660602e-9,-9.818825213977383e-9,9.59960012614183e-10,2.523677980509474e-9,1.6618175636647764e-9,-1.3470200180605268e-9,-1.1536725543460751e-10,0.06758399505495126,4.893134253663256e-7,3.882074137966258e-7,-6.88221630421166e-10,-6.066225185404358e-9,1.2572537544161692e-8,2.330419333174441e-10,-1.9609759150294556e-11,0.14224854201035114,9.162852461424845e-8,1.718036918568721e-7,-4.6135764712004597e-10,1.22336714691376e-8,4.3718308709754516e-8,1.354012108107657e-7,-4.6000525344148275e-10,1.2816550739912898e-8,4.508744080261412e-8,1.3672306260968138e-7,-5.486970705750368e-10,-3.738758371427046e-9,1.877853397936667e-8,1.2478839463601433e-8,0.7936507842098404,-3.3595270436411034e-16,0.14984384376832538,4.570668711319499e-14,1.805018542643239e-13,-1.397656970909906e-14
full_TAC,17,17,,51.96016117085495,14.544288915803445,3,3,LOCALLY_SOLVED,Solve_Succeeded,0.10174625,0.8844049831022825,1.0614604158023566e7,51.96016153563002,10.133870091806115,503.5799883318661,3.383536836952858e-16,5.032034588719504e-22,9.680963364771245e-9,4.2085608335914346e-9,0.9999999865742102,0.38261427106432383,1.4045797448306588e-6,1.0105984764357274e-6,1.730170327360481e-8,0.04438340433849293,2.408732006746168e-7,3.560024635912924e-8,-3.5370364533752217e-9,-2.8676494219254966e-9,7.4138086568408826e-9,2.5289190906287837e-10,2.2064464989886034e-8,0.09341700562893905,3.8382912804079674e-8,1.1848078135422497e-8,4.5741999899702315e-10,6.134886882565678e-9,1.7440333549525316e-8,7.790483446797767e-9,5.304906422084355e-10,6.685293942729505e-9,1.8050786129684564e-8,8.000513683966744e-9,-7.32815482223098e-10,9.983462217131118e-10,1.203312204269553e-8,2.774177945321598e-9,3.0274606751316756e-7,0.03498141808856598,3.411045841390288e-8,-6.790982280213723e-9,-1.9056941950278057e-9,-1.31814190175361e-9,1.265449960999493e-8,-4.835116195672889e-10,0.9999996310944222,-8.354821211754435e-9,-6.777457509072383e-9,-9.680963364771245e-9,5.641858908215543e-9,-7.471278426763586e-9,-5.1136126386095634e-9,-9.370139528682857e-9,5.808138916467832e-9,-8.079565850930497e-9,-6.099691077922213e-9,-9.540053652078688e-9,3.0958311799167024e-9,-1.8443521825981951e-9,1.896207729544604e-9,-4.331509439927533e-9,1.9224114748449783e-9,0.06758382024270514,7.493832909876967e-7,5.289179459070629e-7,-3.9300405037502455e-10,-4.366647983386551e-9,2.306518248794941e-8,3.757251220362764e-9,2.451607221098447e-9,0.14224862220770262,1.194135065015812e-7,1.760285894405628e-7,5.082444433300255e-11,9.341759571179553e-9,5.42588154874121e-8,1.157443254952811e-7,5.894340468982614e-11,1.0179879412792655e-8,5.615800129235198e-8,1.1886477473322017e-7,-8.142394246923308e-11,1.520209019426784e-9,3.7436379688386095e-8,4.121635804477803e-8,0.7936507851918027,-7.684286445811443e-17,0.14984384873049972,6.498823094402351e-14,2.4151568293548147e-13,1.5303357387875956e-14
full_TAC,17,18,,51.96016117085495,13.329342094867304,3,3,LOCALLY_SOLVED,Solve_Succeeded,0.088718791,0.8844049397474606,1.0614604082845706e7,51.96016185549571,10.133867105075769,503.57998774475305,2.2556912246352386e-16,1.5922526291542861e-16,9.880934619692432e-9,7.898983604647468e-9,1.000000001652588,0.38261441487538644,9.236525209239249e-7,8.62018638230354e-7,-1.0383053173626322e-9,0.04438351914057473,1.5727931311435973e-7,2.6129341997437684e-8,-6.193994669071134e-9,-3.98378966637181e-9,4.041172790633101e-9,1.5685502695015595e-11,-1.7648785494535517e-10,0.09341695296202193,2.9452025714208456e-8,1.1563709962078092e-8,-4.152218815158449e-9,8.034052959349252e-9,1.4052313586529302e-8,9.113542990823271e-9,-4.1400472721567585e-9,8.416839346636913e-9,1.449239176136852e-8,9.202513785892564e-9,-4.938273633859915e-9,-2.4553039924950185e-9,6.035957356477231e-9,8.399218297079826e-10,2.004901663721406e-7,0.03498140234422766,1.0125312485163517e-8,-8.691855458081896e-9,-3.614262101183137e-9,2.864546196860314e-9,9.948861662517526e-9,-2.1131582344977736e-10,0.9999998156927462,-9.4031625486151e-9,-8.726713877063088e-9,-9.880934619692432e-9,5.485259971177215e-9,-8.745570210076395e-9,-7.590347188014383e-9,-9.743336918299852e-9,5.5713035104576035e-9,-9.133284375171156e-9,-8.218348602272445e-9,-9.818825212948387e-9,9.599600464710751e-10,2.523677978517575e-9,1.6618175577800229e-9,-1.3470199683792368e-9,-1.1536725748473686e-10,0.06758399505496605,4.89313418578008e-7,3.882073668190741e-7,-6.882216298967923e-10,-6.066225173793438e-9,1.2572537570858536e-8,2.3304175432594594e-10,-1.960976166059501e-11,0.1422485420103516,9.162852444420408e-8,1.7180369086516018e-7,-4.6135764612871633e-10,1.223367155173636e-8,4.371830893586893e-8,1.3540121014937432e-7,-4.600052524618618e-10,1.2816550823288027e-8,4.5087441035368725e-8,1.3672306196183236e-7,-5.486970704288792e-10,-3.7387583522083236e-9,1.8778533997929163e-8,1.2478838612804311e-8,0.7936507842098404,-3.359527039108534e-16,0.14984384376832538,4.570668676032689e-14,1.8050185330731037e-13,-1.3976570061938665e-14
full_TAC,17,19,,51.96016117085495,12.11439527393116,3,3,LOCALLY_SOLVED,Solve_Succeeded,0.074137458,0.8844049831022802,1.0614604158023562e7,51.96016153563,10.133870091801445,503.57998833186605,4.511382449270477e-16,1.5922526291542861e-16,9.680963358411016e-9,4.208560587656672e-9,0.9999999865742109,0.38261427106445556,1.4045796945311664e-6,1.0105981942257442e-6,1.730170294397746e-8,0.04438340433854498,2.4087318784028234e-7,3.560022982573169e-8,-3.5370364294650578e-9,-2.8676493897805036e-9,7.4138086755924475e-9,2.528918630800695e-10,2.2064464540816634e-8,0.09341700562894018,3.8382912514052046e-8,1.1848077769046251e-8,4.5742012931810774e-10,6.134887146366757e-9,1.7440333881466325e-8,7.79048321893357e-9,5.304907726700877e-10,6.685294217401059e-9,1.8050786477520256e-8,8.000513464938556e-9,-7.328154394005577e-10,9.983463058428771e-10,1.2033122104567476e-8,2.7741774892168566e-9,3.0274606768290836e-7,0.03498141808856175,3.411045876258023e-8,-6.790981862026355e-9,-1.905694126350795e-9,-1.3181417988794934e-9,1.265449967537241e-8,-4.835116426869869e-10,0.9999996310944222,-8.354821209071606e-9,-6.7774575019637776e-9,-9.680963358411016e-9,5.641859319310698e-9,-7.471278407560994e-9,-5.113612592476068e-9,-9.37013950534977e-9,5.808139332545813e-9,-8.079565839379764e-9,-6.099691047221887e-9,-9.540053639353402e-9,3.095831347403898e-9,-1.8443521566810896e-9,1.896207761676221e-9,-4.331509057158774e-9,1.922411438219717e-9,0.06758382024278439,7.493832510586561e-7,5.289177002680136e-7,-3.930040477183396e-10,-4.366647934438493e-9,2.3065182546287613e-8,3.757250537189603e-9,2.4516071712018475e-9,0.14224862220770432,1.1941350559927302e-7,1.7602858399725855e-7,5.082445881312306e-11,9.34175997287665e-9,5.425881652011745e-8,1.1574432210987016e-7,5.894341918556529e-11,1.017987983104252e-8,5.615800237450745e-8,1.188647714790871e-7,-8.142393771117305e-11,1.520209147533472e-9,3.743637988087659e-8,4.121635126836472e-8,0.7936507851918027,-7.68428673574519e-17,0.1498438487304997,6.498822877908755e-14,2.4151567713362595e-13,1.5303355171395248e-14
full_TAC,17,20,,51.96016117085495,10.899448452995019,3,3,LOCALLY_SOLVED,Solve_Succeeded,0.0540175,0.8844049831022722,1.061460415802355e7,51.96016153563,10.133870091788017,503.5799883318662,1.5922526291542861e-16,1.5922526291542861e-16,9.680963340092517e-9,4.208560587656672e-9,0.9999999865742126,0.3826142710648328,1.4045795617785412e-6,1.0105973816071302e-6,1.7301702574388215e-8,0.04438340433869407,2.408731537870267e-7,3.560018222014042e-8,-3.5370363611868664e-9,-2.8676492976613626e-9,7.413808736660024e-9,2.5289173055748054e-10,2.2064463343140667e-8,0.09341700562894346,3.838291171268045e-8,1.184807671388708e-8,4.574205036667838e-10,6.134887904571525e-9,1.744033485288001e-8,7.790482561957327e-9,5.304911473867901e-10,6.685295006775104e-9,1.8050787494993675e-8,8.000512833373009e-9,-7.328153165385475e-10,9.983465480040863e-10,1.2033122294746118e-8,2.7741761759667906e-9,3.0274606771509503e-7,0.03498141808854946,3.411045956703558e-8,-6.790980658206662e-9,-1.9056939295134062e-9,-1.3181415040183837e-9,1.2654499869363903e-8,-4.835117098170399e-10,0.9999996310944217,-8.35482120134313e-9,-6.777457481995934e-9,-9.680963340092517e-9,5.6418605009297795e-9,-7.47127835240029e-9,-5.113612460340929e-9,-9.370139438169702e-9,5.808140528412281e-9,-8.079565806183254e-9,-6.099690959276682e-9,-9.540053602711435e-9,3.09583182873891e-9,-1.8443520830608188e-9,1.8962078523643876e-9,-4.331507955716844e-9,1.9224113971542454e-9,0.06758382024301142,7.493831451151941e-7,5.289169929849433e-7,-3.930040401318739e-10,-4.366647794166165e-9,2.3065182736275627e-8,3.7572485682825676e-9,2.45160703812674e-9,0.14224862220770937,1.1941350310611693e-7,1.7602856832060802e-7,5.082450040742041e-11,9.34176112741573e-9,5.425881954229336e-8,1.1574431234908028e-7,5.894346082075444e-11,1.0179881033043908e-8,5.6158005539980325e-8,1.1886476209582756e-7,-8.142392405983857e-11,1.5202095162789497e-9,3.7436380472543476e-8,4.1216331757220885e-8,0.7936507851918027,-7.684287706466718e-17,0.14984384873049958,6.498822252368801e-14,2.41515660470838e-13,1.5303348801433422e-14
full_TAC,17,21,,51.96016117085495,9.684501632058875,3,3,LOCALLY_SOLVED,Solve_Succeeded,0.012467167,0.9930437960642877,1.0803711525373947e7,43.26007517111355,9.684501869236458,503.57998766066953,3.1845052583085723e-16,3.1845052583085723e-16,9.801287191912427e-9,9.760821559252573e-9,1.000000008602517,0.35556732966936766,2.6096949982443967e-9,-9.631319413585258e-9,-8.015434779927728e-9,-4.885581590992738e-9,-9.067879640874102e-10,-4.068657837370633e-10,-8.201196300763315e-9,-5.391494578764148e-9,-1.1927315171590408e-9,-4.314153608158084e-10,-6.4596514083442756e-9,0.09171839771210884,2.280034230483631e-9,2.3850582710247953e-9,-7.481406338015146e-9,-3.495257068328596e-9,3.0058008329459736e-10,-1.1399337443456158e-12,-7.424975229763128e-9,-1.7309048854097909e-9,9.005253329616511e-10,4.269446647139465e-10,-7.85446982027293e-9,-5.066439226417364e-9,-7.907826881659555e-10,-3.566519911016047e-10,-2.588173839719975e-9,0.07936511212352211,-1.1059674322925693e-9,-8.851560276087506e-9,-4.651935677286604e-9,1.918101010820655e-8,3.0017321466968883e-9,-3.5113790393506514e-9,0.9999999984710654,0.04482171256687179,-3.705232460166399e-9,-8.988447787471729e-9,2.5715751701867703e-8,1.2208077980458448e-8,2.3703941506646367e-10,-5.166093546217887e-9,4.184202270068132e-8,9.947768473193495e-9,-1.3462700235838614e-9,-6.9836869085469795e-9,2.994913352010868e-10,1.2214619626615203e-8,3.099394834622041e-9,-1.754182593586375e-9,-8.906038644364139e-10,-7.439408331738942e-9,-2.8211181104941647e-9,-6.04486307266494e-9,-9.112440334181458e-10,-8.209775835845405e-9,-3.7107202756059047e-9,-6.409599646406295e-9,-7.177390453715859e-10,0.13966210560707482,7.093439828171296e-9,3.543515145522553e-8,-8.312673708905715e-10,-5.322323263136725e-9,9.351380369165251e-10,-1.6936158487420574e-11,-8.249972477514583e-10,-2.635696075510363e-9,2.801634369214025e-9,6.343177875750061e-9,-8.727188689192142e-10,-7.714805185680986e-9,-2.460212807627417e-9,-5.298829582080983e-9,0.7936507842211087,-1.796950950546732e-15,0.1669951113976401,-8.149184200691517e-13,-2.057074042300556e-12,-1.0986370497372665e-12
full_TAC,18,1,,47.6264342361525,33.98343805078173,3,3,LOCALLY_SOLVED,Solve_Succeeded,0.129857292,0.9067796887853383,1.0652909161705641e7,47.626434919332524,19.73403220057895,503.5799877473817,1.9910129198181441e-16,2.3702534759739807e-16,9.877879357556943e-9,7.88213051516831e-9,1.0000000016748145,0.11485877008795768,9.256136761439862e-7,0.5937690584510228,-1.0044712705957152e-9,0.0233093607031818,1.5730642260426657e-7,2.4473257566101298e-8,-6.18767790886016e-9,-3.968702842116816e-9,4.075471408515213e-9,1.1008610521987563e-11,-5.8608082888569e-11,1.4717573777254068e-8,2.9657270303574748e-8,0.037444854501459644,-4.132065372121824e-9,8.06243871102688e-9,1.4115876123106394e-8,9.090548798499438e-9,-4.119762945195948e-9,8.4475720678172e-9,1.4559457782593974e-8,9.180618386924507e-9,-4.923892682691155e-9,-2.419172769231728e-9,6.084903408961415e-9,8.20667891159456e-10,1.8540325391544385e-7,0.05605556941549094,1.0243299564619726e-8,-8.659422169073744e-9,-3.6286864185632853e-9,2.8546471801687e-9,9.942906291602787e-9,-2.1100296902690829e-10,0.9999998307034309,-9.42847840426534e-9,-8.716795934229123e-9,-9.877879357556943e-9,5.437276223555563e-9,-8.737002261186649e-9,-7.574261253664918e-9,-9.740309525150285e-9,5.523115807312749e-9,-9.127042478759128e-9,-8.205800725183701e-9,-9.816892806599068e-9,9.325108586270349e-10,2.490777414248857e-9,1.6378992733217631e-9,-1.3305071840926273e-9,-1.1160791895507941e-10,0.03549379925257228,4.893977592132737e-7,3.6360268383921927e-7,-6.875197676511287e-10,-6.043252055041515e-9,1.2679244382047328e-8,1.6355649918381517e-10,-6.512009209840999e-12,2.2410850979000508e-8,9.226706316667698e-8,0.5563235525931146,-4.591183746802025e-10,1.2276895309972749e-8,4.391605904966434e-8,1.3505958214913448e-7,-4.577514383551052e-10,1.286334837599437e-8,4.529609087918125e-8,1.363977588914498e-7,-5.470991869656837e-10,-3.6837403531483136e-9,1.8930810605657732e-8,1.21927800972262e-8,0.7936507842097801,-3.3235348797141547e-16,0.15318370967174788,4.534942047765146e-14,1.7911250555853475e-13,-1.380703983208612e-14
full_TAC,18,2,,47.6264342361525,32.76849122984559,3,2,LOCALLY_SOLVED,Solve_Succeeded,0.136593458,0.9067796887853383,1.0652909161705641e7,47.626434919332524,19.734032200578866,503.5799877473817,1.5922526291542861e-16,1.5922526291542861e-16,9.877879357559433e-9,7.88213051516831e-9,1.0000000016748145,0.11485877008796,9.25613675837164e-7,0.5937690584510176,-1.0044712777894203e-9,0.023309360703182708,1.573064224941836e-7,2.4473257412395086e-8,-6.1876779105654585e-9,-3.968702841598568e-9,4.075471409591698e-9,1.100861001928264e-11,-5.86080822204177e-11,1.4717573786089396e-8,2.965727032505935e-8,0.037444854501459464,-4.132065374181069e-9,8.062438715072646e-9,1.4115876129284196e-8,9.09054879677986e-9,-4.1197629472646555e-9,8.447572071842117e-9,1.4559457788890736e-8,9.180618385234934e-9,-4.923892685119367e-9,-2.4191727692188675e-9,6.0849034091098685e-9,8.206678881198209e-10,1.8540325239576426e-7,0.05605556941549092,1.0243299563552916e-8,-8.659422167252286e-9,-3.628686421306123e-9,2.8546471836999397e-9,9.942906292609305e-9,-2.110029697925888e-10,0.9999998307034327,-9.42847840436649e-9,-8.716795934398341e-9,-9.877879357559433e-9,5.4372762211542315e-9,-8.737002261352054e-9,-7.57426125377649e-9,-9.740309525099495e-9,5.523115804878662e-9,-9.127042478895471e-9,-8.205800725345224e-9,-9.816892806584943e-9,9.325108533005722e-10,2.4907774158782976e-9,1.637899274919707e-9,-1.3305071810523264e-9,-1.1160791975437999e-10,0.03549379925257366,4.893977588707933e-7,3.6360268155558414e-7,-6.875197678406063e-10,-6.0432520542523635e-9,1.2679244385396395e-8,1.6355649171505633e-10,-6.512009135601964e-12,2.2410850992454306e-8,9.226706323351796e-8,0.5563235525931121,-4.591183749090074e-10,1.2276895316133345e-8,4.3916059068884164e-8,1.3505958212358646e-7,-4.5775143858496157e-10,1.2863348382123223e-8,4.5296090898771175e-8,1.363977588663476e-7,-5.470991872354851e-10,-3.6837403531287292e-9,1.8930810606119586e-8,1.2192780052065907e-8,0.7936507842097801,-3.323534873016745e-16,0.15318370967174788,4.534942046892831e-14,1.791125055458228e-13,-1.3807039859538454e-14
full_TAC,18,3,,47.6264342361525,31.553544408909442,3,3,LOCALLY_SOLVED,Solve_Succeeded,0.131774417,0.9067796887853383,1.0652909161705641e7,47.62643491933252,19.734032200578756,503.5799877473817,1.1851267379869903e-16,2.3702534759739807e-16,9.87787935756243e-9,7.882130433190056e-9,1.0000000016748145,0.11485877008796283,9.256136754689486e-7,0.5937690584510111,-1.0044712867701456e-9,0.023309360703183818,1.5730642236142495e-7,2.447325722719022e-8,-6.1876779127290635e-9,-3.968702840948274e-9,4.075471410962404e-9,1.1008609421976138e-11,-5.86080823743161e-11,1.4717573796735698e-8,2.9657270350943752e-8,0.037444854501459256,-4.132065376789261e-9,8.062438720027813e-9,1.4115876136888094e-8,9.090548794739613e-9,-4.119762949884219e-9,8.44757207677289e-9,1.4559457796642226e-8,9.180618383230838e-9,-4.923892688171041e-9,-2.4191727691870032e-9,6.084903409343816e-9,8.206678844649683e-10,1.854032504532385e-7,0.056055569415490905,1.0243299562261722e-8,-8.659422165058136e-9,-3.6286864248757706e-9,2.8546471880257436e-9,9.942906293855975e-9,-2.1100297073277334e-10,0.9999998307034346,-9.428478404488362e-9,-8.7167959346022e-9,-9.87787935756243e-9,5.4372762176123524e-9,-8.73700226155048e-9,-7.574261253906199e-9,-9.74030952503827e-9,5.523115801294063e-9,-9.127042479059332e-9,-8.205800725537276e-9,-9.816892806567905e-9,9.325108464144386e-10,2.4907774178898842e-9,1.6378992769213663e-9,-1.3305071773738282e-9,-1.1160792075223835e-10,0.035493799252575356,4.893977584577665e-7,3.6360267880396897e-7,-6.875197680810069e-10,-6.043252053262143e-9,1.267924438966081e-8,1.6355648284078833e-10,-6.512009152701786e-12,2.2410851008665723e-8,9.226706331404722e-8,0.556323552593109,-4.591183751988066e-10,1.2276895323678716e-8,4.3916059092540735e-8,1.3505958209327425e-7,-4.577514388760242e-10,1.2863348389631446e-8,4.529609092288692e-8,1.3639775883657246e-7,-5.470991875745599e-10,-3.6837403530802085e-9,1.8930810606847426e-8,1.2192779997765242e-8,0.7936507842097801,-3.3235348604945206e-16,0.1531837096717479,4.534942045063432e-14,1.791125054895126e-13,-1.3807039893411052e-14
full_TAC,18,4,,47.6264342361525,30.3385975879733,3,3,LOCALLY_SOLVED,Solve_Succeeded,0.140560708,0.906779688785335,1.0652909161705635e7,47.62643491933252,19.734032200578312,503.57998774738155,1.9910129198181441e-16,2.3702534759739807e-16,9.877879357570401e-9,7.882130433190056e-9,1.0000000016748145,0.1148587700879745,9.256136777065149e-7,0.5937690584509835,-1.0044713050998217e-9,0.023309360703196474,1.5730642322593785e-7,2.4473256844844213e-8,-6.187677912264171e-9,-3.968702847636378e-9,4.075471430886473e-9,1.1008604736752055e-11,-5.860807917846153e-11,1.4717573817284618e-8,2.965727041872996e-8,0.037444854501458354,-4.132065381783574e-9,8.062438727990318e-9,1.4115876160629163e-8,9.090548790262193e-9,-4.1197629549009644e-9,8.447572084746581e-9,1.4559457820881574e-8,9.18061837883557e-9,-4.923892828605984e-9,-2.4191797104930378e-9,6.0849032340578235e-9,8.206674180565371e-10,1.8540324693485759e-7,0.05605556941548001,1.0243299529386429e-8,-8.659422159674444e-9,-3.628686437988346e-9,2.854647281436129e-9,9.942906227061465e-9,-2.1100299116533895e-10,0.9999998307034389,-9.428478404733689e-9,-8.71679593515486e-9,-9.877879357570401e-9,5.437276210916011e-9,-8.737002261810214e-9,-7.574261254293126e-9,-9.740309524895421e-9,5.523115794476834e-9,-9.127042479346847e-9,-8.205800726051534e-9,-9.816892806529373e-9,9.325100858427219e-10,2.4907853800452843e-9,1.637898224284012e-9,-1.330506849514062e-9,-1.1160792278886906e-10,0.03549379925259463,4.893977611473622e-7,3.636026731233997e-7,-6.87519768029352e-10,-6.043252063446302e-9,1.2679244451646802e-8,1.635564132317448e-10,-6.512008797606834e-12,2.2410851039956123e-8,9.226706352493764e-8,0.5563235525930955,-4.591183757537303e-10,1.2276895335803437e-8,4.391605916640184e-8,1.3505958202675254e-7,-4.5775143943344037e-10,1.2863348401773202e-8,4.529609099829822e-8,1.3639775877127133e-7,-5.470992031784424e-10,-3.683750922796216e-9,1.8930810061513228e-8,1.2192773068268549e-8,0.7936507842097801,-3.3235348663192906e-16,0.1531837096717474,4.534942043743878e-14,1.791125054774647e-13,-1.3807038052608908e-14
full_TAC,18,5,,47.6264342361525,29.12365076703716,3,2,LOCALLY_SOLVED,Solve_Succeeded,0.129330542,0.9067797319064509,1.0652909236164443e7,47.626434596901134,19.734039557664275,503.57998833911256,1.5922526291542861e-16,3.5553802139609715e-16,9.663375196034464e-9,4.162106216337057e-9,0.999999986661612,0.11485851115651109,1.4067982308347969e-6,0.593769473181293,1.7378049978109523e-8,0.02330925195510942,2.4084167666122936e-7,3.1965561914282465e-8,-3.518345370921966e-9,-2.8455504293518143e-9,7.469708584310867e-9,2.459889996968269e-10,2.2443546427224668e-8,1.5942616155104457e-8,3.8560255643846864e-8,0.03744487367484948,4.951600423005193e-10,6.18756110667068e-9,1.7543039142506222e-8,7.734717619317675e-9,5.68702994794224e-10,6.7412564279017025e-9,1.8158796652517084e-8,7.947844869929782e-9,-7.118177171402367e-10,1.0387707270212613e-9,1.2092427771217674e-8,2.684645471039029e-9,2.8667256520075385e-7,0.05605558449875953,3.431419005404868e-8,-6.668127337106412e-9,-1.894758767174071e-9,-1.3055927048705049e-9,1.2658728453986274e-8,-4.994413900877346e-10,0.9999996465831501,-8.542299043414648e-9,-6.753777396313422e-9,-9.663375196034464e-9,5.658139379875949e-9,-7.455883150702328e-9,-5.083549895003419e-9,-9.360499741172903e-9,5.824650271844853e-9,-8.066882844987062e-9,-6.074016397080705e-9,-9.533902932808173e-9,3.089758903917024e-9,-1.8623574741968802e-9,1.8879376975780558e-9,-4.257721206078107e-9,1.9308944420121686e-9,0.03549363365891661,7.492852162793801e-7,4.7491691986933947e-7,-3.9092726343577383e-10,-4.3329972446948074e-9,2.3239093373411587e-8,3.654693709781429e-9,2.49372738080274e-9,2.4276256417999967e-8,1.199652397808569e-7,0.5563238374549064,5.5017782477835467e-11,9.42196804879399e-9,5.4578343998908245e-8,1.1491580462986259e-7,6.318922164380265e-11,1.0265095015213956e-8,5.6494034030053146e-8,1.1808226663895676e-7,-7.909085746002627e-11,1.5817645161460115e-9,3.762088639934387e-8,3.9886161284008426e-8,0.7936507851916365,-7.405333979861233e-17,0.15318371463416222,6.452184489399046e-14,2.3983270781629693e-13,1.539544758772839e-14
full_TAC,18,6,,47.6264342361525,27.908703946101014,3,2,LOCALLY_SOLVED,Solve_Succeeded,0.139933834,0.9067796887853382,1.0652909161705641e7,47.62643491933249,19.734032200578262,503.5799877473817,2.654683893090859e-16,2.3702534759739807e-16,9.877879357576784e-9,7.88213010527704e-9,1.0000000016748145,0.11485877008797628,9.256136737074198e-7,0.5937690584509808,-1.004471329552033e-9,0.02330936070318904,1.5730642172651288e-7,2.447325634078896e-8,-6.187677923014539e-9,-3.968702837853297e-9,4.07547141747666e-9,1.1008606558128396e-11,-5.860808249256271e-11,1.4717573847688674e-8,2.965727047484057e-8,0.03744485450145827,-4.132065389191007e-9,8.062438743688575e-9,1.4115876173179928e-8,9.090548784955752e-9,-4.119762962340344e-9,8.447572100316724e-9,1.4559457833637828e-8,9.18061837362003e-9,-4.923892702697424e-9,-2.4191727690591434e-9,6.084903410422396e-9,8.20667866964027e-10,1.8540324122668855e-7,0.05605556941549089,1.024329955610491e-8,-8.659422154554349e-9,-3.6286864417912092e-9,2.8546472086814162e-9,9.942906299803245e-9,-2.1100297522071837e-10,0.999999830703444,-9.428478405071678e-9,-8.716795935578046e-9,-9.877879357576784e-9,5.4372762010736785e-9,-8.737002262500359e-9,-7.574261254529798e-9,-9.740309524745261e-9,5.523115784553034e-9,-9.127042479843766e-9,-8.205800726458118e-9,-9.81689280648639e-9,9.325108137480799e-10,2.490777427502325e-9,1.63789928645576e-9,-1.3305071597735564e-9,-1.1160792550578138e-10,0.03549379925258331,4.893977564824844e-7,3.6360266563457875e-7,-6.875197692238374e-10,-6.043252048549339e-9,1.2679244409927386e-8,1.635564402921933e-10,-6.512009165840298e-12,2.241085108625321e-8,9.226706369950399e-8,0.5563235525930943,-4.591183765767784e-10,1.2276895359707602e-8,4.3916059205448665e-8,1.35059581947914e-7,-4.5775144026003803e-10,1.2863348425482282e-8,4.529609103798435e-8,1.3639775869378327e-7,-5.470991891886023e-10,-3.6837403528855133e-9,1.8930810610203003e-8,1.2192779737751256e-8,0.7936507842097801,-3.3235349033122626e-16,0.1531837096717479,4.53494203760525e-14,1.7911250535565674e-13,-1.3807040054676903e-14
full_TAC,18,7,,47.6264342361525,26.693757125164872,3,2,LOCALLY_SOLVED,Solve_Succeeded,0.139329708,0.906779688785335,1.0652909161705635e7,47.6264349193325,19.734032200577666,503.5799877473818,1.9910129198181441e-16,2.3702534759739807e-16,9.877879357589191e-9,7.882130269233547e-9,1.0000000016748145,0.11485877008799225,9.2561367540065e-7,0.593769058450944,-1.004471361093149e-9,0.023309360703203417,1.5730642239474384e-7,2.447325568442723e-8,-6.187677925719693e-9,-3.96870284359508e-9,4.0754714394111045e-9,1.10086009877487e-11,-5.860807929118207e-11,1.4717573883988961e-8,2.9657270580927385e-8,0.03744485450145708,-4.132065398013539e-9,8.062438758961997e-9,1.4115876208132875e-8,9.09054877745239e-9,-4.1197629712021375e-9,8.447572115565143e-9,1.4559457869306453e-8,9.180618366252315e-9,-4.923892847618564e-9,-2.4191797103285194e-9,6.0849032354643e-9,8.206673951464374e-10,1.8540323486095667e-7,0.0560555694154799,1.024329952132624e-8,-8.659422145923604e-9,-3.62868646010324e-9,2.854647308420019e-9,9.94290623519633e-9,-2.1100299706030414e-10,0.9999998307034512,-9.428478405497329e-9,-8.716795936432373e-9,-9.877879357589191e-9,5.437276189293199e-9,-8.737002263053784e-9,-7.574261255109715e-9,-9.740309524511836e-9,5.523115772589275e-9,-9.127042480373797e-9,-8.205800727257155e-9,-9.81689280642266e-9,9.325100430976223e-10,2.490785392629671e-9,1.6378982367623128e-9,-1.330506826474467e-9,-1.1160792901034985e-10,0.0354937992526052,4.893977585614252e-7,3.636026558829188e-7,-6.875197695244101e-10,-6.043252057292508e-9,1.267924447816788e-8,1.6355635753226639e-10,-6.512008810131338e-12,2.2410851141528644e-8,9.226706402955185e-8,0.5563235525930765,-4.591183775570597e-10,1.2276895382964857e-8,4.3916059314191165e-8,1.350595818364355e-7,-4.577514412446818e-10,1.2863348448701467e-8,4.5296091148953414e-8,1.3639775858432012e-7,-5.470992052909515e-10,-3.6837509225457e-9,1.893081006588893e-8,1.2192772727889925e-8,0.7936507842097801,-3.3235348764226094e-16,0.15318370967174746,4.534942032353451e-14,1.7911250531018773e-13,-1.3807038266036465e-14
full_TAC,18,8,,47.6264342361525,25.47881030422873,3,3,LOCALLY_SOLVED,Solve_Succeeded,0.136746458,0.9067796887853371,1.065290916170564e7,47.62643491933254,19.734032200577552,503.5799877473816,3.1845052583085723e-16,3.5553802139609715e-16,9.877879357596472e-9,7.882130679124818e-9,1.0000000016748147,0.11485877008799533,9.25613671291221e-7,0.5937690584509377,-1.0044713882159087e-9,0.023309360703196603,1.5730642085566742e-7,2.447325512498262e-8,-6.187677937116474e-9,-3.968702833609522e-9,4.075471426407804e-9,1.1008602629554511e-11,-5.860808260313479e-11,1.4717573917577022e-8,2.9657270644780424e-8,0.03744485450145683,-4.1320654061946915e-9,8.062438776137967e-9,1.4115876222950026e-8,9.090548771534264e-9,-4.119762979418624e-9,8.447572132605668e-9,1.4559457884373023e-8,9.1806183604359e-9,-4.9238927226153194e-9,-2.4191727688843606e-9,6.08490341189907e-9,8.206678429590471e-10,1.8540322857738688e-7,0.05605556941549048,1.0243299547658974e-8,-8.659422140147157e-9,-3.6286864649785864e-9,2.854647237009402e-9,9.942906307958824e-9,-2.1100298137554708e-10,0.9999998307034569,-9.428478405871768e-9,-8.716795936916542e-9,-9.877879357596472e-9,5.4372761784236866e-9,-8.7370022638033e-9,-7.574261255385416e-9,-9.740309524343369e-9,5.5231157616257064e-9,-9.127042480919739e-9,-8.205800727721314e-9,-9.816892806374583e-9,9.325107689675746e-10,2.4907774406840735e-9,1.6378992995290897e-9,-1.3305071356335957e-9,-1.1160793202398981e-10,0.03549379925259483,4.893977537731876e-7,3.6360264757117027e-7,-6.87519770790719e-10,-6.043252042087227e-9,1.2679244437713167e-8,1.6355638192480985e-10,-6.5120091781260845e-12,2.2410851192674098e-8,9.226706422820576e-8,0.5563235525930728,-4.5911837846607656e-10,1.2276895409119176e-8,4.391605936028896e-8,1.3505958174850905e-7,-4.5775144215762473e-10,1.2863348474649537e-8,4.529609119582718e-8,1.363977584979048e-7,-5.470991914017019e-10,-3.683740352619367e-9,1.8930810614797105e-8,1.2192779381105841e-8,0.7936507842097801,-3.323534899234138e-16,0.15318370967174785,4.534942026346193e-14,1.791125051797137e-13,-1.3807040277771434e-14
full_TAC,18,9,,47.6264342361525,24.26386348329259,3,3,LOCALLY_SOLVED,Solve_Succeeded,0.135401416,0.906779688785335,1.0652909161705635e7,47.626434919332496,19.734032200576614,503.57998774738167,3.1845052583085723e-16,3.1845052583085723e-16,9.87787935761852e-9,7.882130187255293e-9,1.0000000016748147,0.11485877008802015,9.256136717999841e-7,0.5937690584508801,-1.0044714482342029e-9,0.02330936070321438,1.5730642109754745e-7,2.447325387335709e-8,-6.187677946636931e-9,-3.968702837285222e-9,4.075471452679898e-9,1.1008595131956327e-11,-5.860807870480546e-11,1.4717573988094968e-8,2.9657270834071582e-8,0.03744485450145494,-4.132065423242811e-9,8.062438807236498e-9,1.4115876282144897e-8,9.090548757434608e-9,-4.119762996542562e-9,8.447572163599996e-9,1.4559457944752733e-8,9.180618346588108e-9,-4.923892877188237e-9,-2.419179710073083e-9,6.0849032376257405e-9,8.206673593835485e-10,1.8540321610602695e-7,0.056055569415479546,1.0243299508745288e-8,-8.659422124462557e-9,-3.6286864944211994e-9,2.8546473505029927e-9,9.942906247192633e-9,-2.110030061889771e-10,0.9999998307034705,-9.428478406689147e-9,-8.71679593842621e-9,-9.87787935761852e-9,5.437276156062181e-9,-8.737002264995409e-9,-7.574261256388002e-9,-9.740309523913197e-9,5.5231157389476524e-9,-9.127042481976922e-9,-8.205800729140834e-9,-9.816892806256124e-9,9.325099767623858e-10,2.4907854122183403e-9,1.6378982561761601e-9,-1.3305067905289638e-9,-1.1160793869268915e-10,0.035493799252621895,4.893977545257032e-7,3.63602628975591e-7,-6.875197718485476e-10,-6.043252047684315e-9,1.267924451944857e-8,1.6355627053192256e-10,-6.512008744978382e-12,2.24108513000537e-8,9.226706481711158e-8,0.5563235525930448,-4.591183803603122e-10,1.2276895456473757e-8,4.3916059544450785e-8,1.3505958153902846e-7,-4.5775144406028443e-10,1.2863348521845449e-8,4.5296091383675164e-8,1.3639775829216615e-7,-5.470992085764706e-10,-3.6837509221567396e-9,1.8930810072613413e-8,1.2192772196555576e-8,0.7936507842097801,-3.3235349082655567e-16,0.1531837096717474,4.5349420164130735e-14,1.791125050104798e-13,-1.3807038596995079e-14
full_TAC,18,10,,47.6264342361525,23.048916662356444,3,1,ALMOST_LOCALLY_SOLVED,Solved_To_Acceptable_Level,0.051789542,0.9124380289448196,1.0663105771824775e7,47.624267927172625,14.73294442806303,503.5839683890772,1.5922526291542861e-16,2.6382353504505714e-16,8.237658679690426e-9,0.0,0.9999079905820191,0.1670294199791086,0.4661074966461995,0.26401760261912754,0.00015440385696230478,0.022246804121033702,0.00218881852058728,7.584880277531382e-5,1.521855161845497e-8,3.4951771349949046e-9,3.010851764271334e-8,1.906530609895505e-9,0.00022618426548640512,0.021767952798615535,0.11113787942176417,0.016573033306846684,1.5191374505356936e-8,3.4872897974239455e-9,3.007278817203215e-8,1.9054474911237746e-9,1.5307151488753904e-8,3.531374426111371e-9,3.021365271414005e-8,1.9171710941916166e-9,1.518150317664832e-8,3.483612022901249e-9,3.0061041524641894e-8,1.9044703169369625e-9,0.0003400865981758676,0.05598509754193534,0.0001918469374243152,1.236903233670257e-5,1.0346969952946495e-8,-4.862990755289716e-9,5.700127828267757e-9,-8.237658679690426e-9,0.9991449192225141,7.0787963631342695e-6,1.64842456394063e-5,1.4434139135065945e-6,1.0328260120134506e-8,-4.8328167450286955e-9,5.815614664708825e-9,-8.22036376369415e-9,1.0407936198443209e-8,-4.848248619505033e-9,5.739825696191999e-9,-8.232427785515122e-9,1.0321463240527357e-8,-4.810551696490065e-9,5.903233523955655e-9,-8.208073523224767e-9,1.715598410692275e-5,0.0338758153661195,0.006809657619604869,0.0011268964983760907,1.6909501798283294e-9,5.322201546469514e-9,9.367094377733038e-8,2.8325597632733213e-8,2.5131585054045002e-5,0.033146655397891835,0.34576229153437743,0.24622792341600785,1.6879305005952147e-9,5.310191282441007e-9,9.355978542410001e-8,2.830950558241036e-8,1.700794609861544e-9,5.377320148851406e-9,9.399803066621348e-8,2.848368482798973e-8,1.686833686294257e-9,5.304591034872356e-9,9.352324029888589e-8,2.8294987565920578e-8,0.7936575318148072,1.2811323285775874e-12,0.15320289523469313,1.318983986137596e-10,4.2429702007645375e-10,2.0396076873846003e-10
full_TAC,18,11,,47.6264342361525,21.833969841420302,3,2,LOCALLY_SOLVED,Solve_Succeeded,0.147523083,0.9067876338176314,1.0652922916807253e7,47.62637117509249,19.734884138788875,503.58010473421444,1.9910129198181441e-16,1.1851267379869903e-16,8.245503182773375e-9,0.0,0.9999968768689618,0.11482936540944769,6.575576163787023e-5,0.5938153228772058,4.3549619496218846e-6,0.023297568944315592,1.3548596272665757e-5,1.1382651305579763e-6,1.4836716587785113e-8,3.449468228385006e-9,2.985731974956452e-8,1.9077492577992903e-9,6.795978367919418e-6,4.264484488282001e-7,1.424164573685745e-6,0.037446650651781994,1.4882874878260707e-8,3.547320774142018e-9,2.9813409232795066e-8,1.9700362924035765e-9,1.498782103016761e-8,3.589177627852231e-9,2.994436396822071e-8,1.9817118214287366e-9,1.4709686881813258e-8,3.478187836887715e-9,2.9597489397004257e-8,1.9508285304055793e-9,8.312645645667742e-6,0.05605476419745023,3.4138109284880075e-6,2.6079329508167254e-7,1.0215212318588838e-8,-4.788955578277516e-9,5.926937513690197e-9,-8.193121314323006e-9,0.9999760673607581,9.668198427835799e-8,2.7461469062868497e-7,3.253033270610393e-8,1.0247501202486836e-8,-4.855203620245409e-9,5.504910713248503e-9,-8.220101553517358e-9,1.0320869210928541e-8,-4.895944939505736e-9,5.338209302245887e-9,-8.245503182773375e-9,1.0126289892655393e-8,-4.78710988884662e-9,5.786309905887395e-9,-8.176762841963852e-9,4.838846610690981e-7,0.03547584361975329,4.215118840384902e-5,1.6911367654004217e-5,1.6485240653094564e-9,5.252599347768076e-9,9.288943922086738e-8,2.8343703258732305e-8,7.551087075466017e-7,6.493646834429409e-7,4.430734229244539e-6,0.5563502382550466,1.6536527642511892e-9,5.401602087898072e-9,9.275282872425131e-8,2.9269110629995992e-8,1.6653134477964001e-9,5.4653386605931695e-9,9.316024345668666e-8,2.944257563265551e-8,1.6344096535348058e-9,5.296331478897201e-9,9.208107812401323e-8,2.8983738166025746e-8,0.7936509783267933,3.649822700774477e-14,0.15318420320431345,3.8332653864637766e-12,1.2289381836755965e-11,5.7906828830374395e-12
full_TAC,18,12,,47.6264342361525,20.61902302048416,3,3,LOCALLY_SOLVED,Solve_Succeeded,0.149025083,0.9067796887853301,1.0652909161705628e7,47.62643491933255,19.73403220056434,503.5799877473817,1.5922526291542861e-16,1.5922526291542861e-16,9.877879357964477e-9,7.882130843081326e-9,1.0000000016748165,0.11485877008834998,9.256136293292735e-7,0.5937690584501347,-1.004472476787647e-9,0.02330936070334418,1.5730640579547827e-7,2.4473232509549208e-8,-6.187678193648439e-9,-3.968702762893153e-9,4.075471609060889e-9,1.1008526036517012e-11,-5.860807368872289e-11,1.4717575216153368e-8,2.9657273820215788e-8,0.03744485450143021,-4.132065721104838e-9,8.062439376851499e-9,1.411587715552598e-8,9.090548521363412e-9,-4.119763295715723e-9,8.447572730389833e-9,1.4559458835061308e-8,9.180618114687709e-9,-4.923893226263915e-9,-2.4191797070864495e-9,6.084903263182593e-9,8.206669375310262e-10,1.8540299464684467e-7,0.056055569415475084,1.0243299360339898e-8,-8.659421871302888e-9,-3.628686899972369e-9,2.8546478478515353e-9,9.942906389973243e-9,-2.1100311420789385e-10,0.9999998307036986,-9.428478420748117e-9,-8.71679596194593e-9,-9.877879357964477e-9,5.437275762776017e-9,-8.737002287897337e-9,-7.574261271457433e-9,-9.740309516851439e-9,5.5231153408114085e-9,-9.127042500886872e-9,-8.205800751356011e-9,-9.81689280429159e-9,9.325091933059928e-10,2.49078564345642e-9,1.6378984853400766e-9,-1.3305063664716408e-9,-1.1160805297640517e-10,0.03549379925281955,4.893977069192657e-7,3.636023115704453e-7,-6.875197992942708e-10,-6.043251934405482e-9,1.2679245005967209e-8,1.6355524397110989e-10,-6.512008187635874e-12,2.2410853170051718e-8,9.226707410733799e-8,0.5563235525926773,-4.5911841345609296e-10,1.2276896323842055e-8,4.3916062261636375e-8,1.3505957803168496e-7,-4.5775147730174684e-10,1.286334938491179e-8,4.529609415352407e-8,1.3639775484678877e-7,-5.47099247362657e-10,-3.6837509176089122e-9,1.8930810152123625e-8,1.2192765929032387e-8,0.7936507842097801,-3.323535124886382e-16,0.15318370967174721,4.5349418295131174e-14,1.7911250166609088e-13,-1.3807042514571734e-14
full_TAC,18,13,,47.6264342361525,19.404076199548015,3,3,LOCALLY_SOLVED,Solve_Succeeded,0.148273083,0.9059170551718074,1.065210651400838e7,47.62643491872281,9.989617268233147,503.57998774847897,1.5922526291542861e-16,1.5922526291542861e-16,9.879621348416036e-9,7.875095961183453e-9,1.000000001514044,0.3717090237012609,9.23554997025051e-7,8.619780631601662e-7,-9.087409197311154e-10,0.02331413247755395,1.5738391605035202e-7,2.614269033758805e-8,-6.1608016314639026e-9,-3.975401723901034e-9,4.052658489806141e-9,1.604695982582166e-11,-6.981314729886848e-11,0.10181165417171356,2.9299178050592782e-8,1.1542702858351376e-8,-4.1005742712686554e-9,8.01403565583904e-9,1.402144368041475e-8,9.107021542847516e-9,-4.088161611583671e-9,8.399658121828143e-9,1.4463510023297698e-8,9.196838940232526e-9,-4.887343256903633e-9,-2.416496500463413e-9,6.075300427566101e-9,8.564449465962002e-10,2.1080628069279235e-7,0.0560507858910533,1.0290220089188158e-8,-8.6790061621677e-9,-3.5776928212214182e-9,2.8146513087521797e-9,9.922694712062102e-9,-2.0197166868595662e-10,0.9999998046013,-9.396433873471e-9,-8.713829893487862e-9,-9.879621348416036e-9,5.513932029079705e-9,-8.734176468615446e-9,-7.571230794477232e-9,-9.740644412038901e-9,5.6004766196257784e-9,-9.124782610549776e-9,-8.20253949218836e-9,-9.816882628826239e-9,1.0313416483785097e-9,2.467131099172125e-9,1.6127658800550855e-9,-1.3686334745567413e-9,-1.0097121330345724e-10,0.03550106536354806,4.896388499344285e-7,3.8840568501559386e-7,-6.845335146070999e-10,-6.053452625031118e-9,1.2608270857174661e-8,2.3841197455506463e-10,-7.757016366540939e-12,0.15503138248874562,9.115299837962198e-8,1.7149158532407755e-7,-4.5561936347429497e-10,1.2203190657754903e-8,4.3622269227956996e-8,1.3530432006516307e-7,-4.5424017906485216e-10,1.2790388503692852e-8,4.499758673914839e-8,1.3663874996916893e-7,-5.43038139655959e-10,-3.6796651257056513e-9,1.890093466353898e-8,1.272432492085783e-8,0.7936507842097552,-3.301291507894019e-16,0.15318264411169963,4.5353279954315866e-14,1.7894451629157896e-13,-1.3603419990781559e-14
full_TAC,18,14,,47.6264342361525,18.189129378611874,3,3,LOCALLY_SOLVED,Solve_Succeeded,0.107633375,0.9059170984207011,1.0652106589002151e7,47.62643459522045,9.989620254603393,503.5799883421363,1.1278456123176193e-16,1.5379712895240266e-16,9.67755700561106e-9,4.14271549000204e-9,0.9999999861674188,0.3717088801717487,1.404475371085246e-6,1.010429980843794e-6,1.7747178651901875e-8,0.023314017410091037,2.4091782161986115e-7,3.5603364648063037e-8,-3.485415756800357e-9,-2.8498316378821907e-9,7.457842318412775e-9,2.5742017698585306e-10,2.2479236329853216e-8,0.10181170714232836,3.823299691568774e-8,1.182540103066659e-8,5.174442180887872e-10,6.112820557708918e-9,1.740971788512022e-8,7.77998639038233e-9,5.914282336478999e-10,6.663977133257329e-9,1.8020164539700586e-8,7.991359886388861e-9,-6.705868829909426e-10,1.0258815222061444e-9,1.2057756515372599e-8,2.798620684051312e-9,3.1311997497645323e-7,0.0560508017629108,3.439462599374147e-8,-6.763050934330355e-9,-1.8576815104238182e-9,-1.3305817328303488e-9,1.2618173355197982e-8,-5.012975029652557e-10,0.999999618986353,-8.33627366519875e-9,-6.748213255432443e-9,-9.67755700561106e-9,5.653766875885875e-9,-7.4556647839862e-9,-5.08660590457587e-9,-9.364344663695453e-9,5.820480722870492e-9,-8.065059563422618e-9,-6.073181212417914e-9,-9.535552435184913e-9,3.1342083384177116e-9,-1.8827786008211244e-9,1.8635618438729937e-9,-4.361496990949849e-9,1.9719087391002072e-9,0.03550089014718408,7.495221117062347e-7,5.289642747712222e-7,-3.872684174222617e-10,-4.339516357684244e-9,2.320217610172863e-8,3.824528343789816e-9,2.4976929255392452e-9,0.15503146314854543,1.1894710151547296e-7,1.756916724556179e-7,5.749380200986522e-11,9.308158576511306e-9,5.4163566753707355e-8,1.1558836922853745e-7,6.571424818309995e-11,1.014741972564184e-8,5.6062734123512927e-8,1.1872877545492023e-7,-7.450965366566026e-11,1.562137772450265e-9,3.751302027004808e-8,4.15795073059052e-8,0.7936507851915678,-7.191254387526156e-17,0.1531826491224074,6.464458467154957e-14,2.3998320314777406e-13,1.570475036467707e-14
full_TAC,18,15,,47.6264342361525,16.974182557675732,3,3,LOCALLY_SOLVED,Solve_Succeeded,0.105728917,0.9059170551718074,1.065210651400838e7,47.62643491872281,9.989617268232905,503.57998774847886,3.1845052583085723e-16,3.1845052583085723e-16,9.87962134828854e-9,7.875095961183453e-9,1.000000001514044,0.3717090237012678,9.235549947042296e-7,8.619780484937665e-7,-9.087409248997742e-10,0.023314132477556596,1.573839154534578e-7,2.6142689472790115e-8,-6.160801630150745e-9,-3.97540172181002e-9,4.052658492138165e-9,1.6046956526477143e-11,-6.981315354564264e-11,0.10181165417171364,2.929917803568231e-8,1.154270284011141e-8,-4.100574268791533e-9,8.014035670651228e-9,1.4021443700229365e-8,9.107021530663337e-9,-4.088161609135806e-9,8.399658136782357e-9,1.4463510043701557e-8,9.196838928303e-9,-4.887343256538424e-9,-2.4164964969592665e-9,6.075300429203598e-9,8.56444930615965e-10,2.108062806789797e-7,0.056050785891053174,1.0290220101139516e-8,-8.679006150824954e-9,-3.5776928149445186e-9,2.814651318243777e-9,9.922694712447094e-9,-2.019716707537549e-10,0.9999998046012999,-9.396433873423016e-9,-8.713829893315634e-9,-9.87962134828854e-9,5.5139320614308705e-9,-8.73417646834895e-9,-7.571230793323525e-9,-9.740644411471556e-9,5.600476652061525e-9,-9.124782610403857e-9,-8.20253949152371e-9,-9.81688262853889e-9,1.0313416577396568e-9,2.4671310985744178e-9,1.6127658784421898e-9,-1.368633460661832e-9,-1.0097121387775266e-10,0.03550106536355209,4.896388480774243e-7,3.884056721671674e-7,-6.845335144611935e-10,-6.053452621847075e-9,1.2608270864429845e-8,2.3841192553623183e-10,-7.757017060626957e-12,0.15503138248874573,9.115299833323384e-8,1.7149158505308378e-7,-4.556193631990591e-10,1.2203190680309822e-8,4.3622269289602465e-8,1.35304319884141e-7,-4.542401787928672e-10,1.2790388526464043e-8,4.4997586802627064e-8,1.3663874979193028e-7,-5.430381396153803e-10,-3.679665120369792e-9,1.8900934668633413e-8,1.2724324683437192e-8,0.7936507842097552,-3.301291539131146e-16,0.15318264411169963,4.5353279875461254e-14,1.789445160083425e-13,-1.3603420086649835e-14
full_TAC,18,16,,47.6264342361525,15.759235736739589,3,3,LOCALLY_SOLVED,Solve_Succeeded,0.102533708,0.9059170984183429,1.0652106588998053e7,47.62643459522043,9.989620254564581,503.5799883421365,1.5922526291542861e-16,1.5922526291542861e-16,9.677557003967095e-9,4.1427152440672775e-9,0.9999999861673732,0.3717088801702812,1.4044752520546002e-6,1.0104298974548912e-6,1.7733219562603328e-8,0.023314017411998195,2.409178087151761e-7,3.560336130125212e-8,-3.485412722619279e-9,-2.849832071305209e-9,7.457841131108202e-9,2.574200562345573e-10,2.2471088230348692e-8,0.1018117071404827,3.8232988586743374e-8,1.1825400970476708e-8,5.174493169727728e-10,6.112819282249755e-9,1.7409715453571185e-8,7.779985693620118e-9,5.914333670941958e-10,6.663975801760379e-9,1.8020161996235158e-8,7.991359186424809e-9,-6.705823708219734e-10,1.025881030390985e-9,1.2057755174202246e-8,2.7986203510360215e-9,3.1313293721860196e-7,0.056050801761298806,3.439462651172762e-8,-6.763050825600431e-9,-1.8576773248147917e-9,-1.3305825473335245e-9,1.2618172356017218e-8,-5.012974209385363e-10,0.9999996189978584,-8.336273664043225e-9,-6.74821235142125e-9,-9.677557003967095e-9,5.6537761911116394e-9,-7.45566486401221e-9,-5.086606106990285e-9,-9.36434466365581e-9,5.820490155697336e-9,-8.065059609008057e-9,-6.073181342067427e-9,-9.535552435295907e-9,3.134215891477315e-9,-1.8827793094534863e-9,1.8635608639629076e-9,-4.36149720335379e-9,1.9703577291781467e-9,0.03550089015008816,7.495220715583256e-7,5.289642250471744e-7,-3.8726808029103086e-10,-4.3395170176692944e-9,2.320217240789218e-8,3.824526549770566e-9,2.496787581149854e-9,0.155031463145735,1.189470756032016e-7,1.756916715613682e-7,5.749436855253029e-11,9.308156634334853e-9,5.4163559188888125e-8,1.1558835887664172e-7,6.571481856602173e-11,1.014741769813512e-8,5.606272621050938e-8,1.1872876505545427e-7,-7.450915231355258e-11,1.5621370235499086e-9,3.7513016097518094e-8,4.157950235824946e-8,0.7936507851915678,-7.191251292924387e-17,0.15318264912205065,6.464458853276587e-14,2.3998321370881187e-13,1.5704756218332775e-14
full_TAC,18,17,,47.6264342361525,14.544288915803445,3,3,LOCALLY_SOLVED,Solve_Succeeded,0.091513709,0.9059170551718074,1.065210651400838e7,47.6264349187228,9.989617268232406,503.57998774847886,1.5922526291542861e-16,1.5922526291542861e-16,9.879621348025011e-9,7.875095879205199e-9,1.000000001514044,0.3717090237012818,9.235549899063774e-7,8.619780181796372e-7,-9.087409354747738e-10,0.02331413247756202,1.5738391421969441e-7,2.614268768535872e-8,-6.160801627394833e-9,-3.975401717497699e-9,4.052658496929863e-9,1.604694970376305e-11,-6.981316609563037e-11,0.1018116541717138,2.929917800486165e-8,1.1542702802410951e-8,-4.100574263623126e-9,8.014035701236856e-9,1.4021443741122728e-8,9.107021505467616e-9,-4.0881616040278875e-9,8.39965816766115e-9,1.4463510085811135e-8,9.19683890363361e-9,-4.8873432557349e-9,-2.41649648971795e-9,6.075300432569477e-9,8.564448975858388e-10,2.1080628069656075e-7,0.05605078589105293,1.0290220125832712e-8,-8.679006127381453e-9,-3.5776928018691506e-9,2.814651337835331e-9,9.922694713228917e-9,-2.0197167502108266e-10,0.9999998046013,-9.396433873323833e-9,-8.713829892959627e-9,-9.879621348025011e-9,5.5139321285440504e-9,-8.734176467798615e-9,-7.571230790940871e-9,-9.740644410298933e-9,5.600476719350716e-9,-9.124782610102454e-9,-8.202539490150944e-9,-9.816882627944974e-9,1.0313416772702915e-9,2.467131097315154e-9,1.6127658750780219e-9,-1.3686334319508958e-9,-1.0097121505275261e-10,0.03550106536356035,4.896388442390492e-7,3.884056456110438e-7,-6.845335141549812e-10,-6.053452615280587e-9,1.260827087933735e-8,2.3841182417019383e-10,-7.757018455070039e-12,0.155031382488746,9.115299823734734e-8,1.714915844929627e-7,-4.5561936262479155e-10,1.2203190726883394e-8,4.3622269416826265e-8,1.3530431950980456e-7,-4.5424017822532075e-10,1.2790388573484021e-8,4.499758693363464e-8,1.3663874942541364e-7,-5.430381395260998e-10,-3.679665109343242e-9,1.8900934679105036e-8,1.272432419270389e-8,0.7936507842097552,-3.301291509403823e-16,0.15318264411169966,4.535327966863956e-14,1.7894451546312602e-13,-1.3603420286179038e-14
full_TAC,18,18,,47.6264342361525,13.329342094867304,3,3,LOCALLY_SOLVED,Solve_Succeeded,0.079068667,0.9059170551718074,1.065210651400838e7,47.62643491872283,9.989617268231882,503.5799877484791,1.1278456123176193e-16,1.0253141930160176e-16,9.879621347749436e-9,7.875096207118215e-9,1.000000001514044,0.37170902370129666,9.23554984890217e-7,8.619779864795779e-7,-9.087409466602418e-10,0.023314132477567823,1.573839129295586e-7,2.6142685816174515e-8,-6.160801624561982e-9,-3.975401712976889e-9,4.052658501973983e-9,1.6046942572959965e-11,-6.981317964453803e-11,0.10181165417171394,2.9299177972634066e-8,1.1542702762986942e-8,-4.100574258275332e-9,8.01403573325598e-9,1.4021443783958148e-8,9.107021479134206e-9,-4.0881615987433325e-9,8.399658199987302e-9,1.446351012992033e-8,9.196838877850614e-9,-4.887343254951769e-9,-2.4164964821433384e-9,6.075300436111521e-9,8.564448630464138e-10,2.1080628066077694e-7,0.05605078589105256,1.0290220151663083e-8,-8.679006102865119e-9,-3.5776927883154216e-9,2.8146513583540705e-9,9.92269471406275e-9,-2.0197167949131429e-10,0.9999998046012998,-9.396433873220122e-9,-8.713829892587375e-9,-9.879621347749436e-9,5.513932198436088e-9,-8.734176467222569e-9,-7.57123078844701e-9,-9.740644409072666e-9,5.600476789425348e-9,-9.124782609787043e-9,-8.202539488714237e-9,-9.816882627323893e-9,1.0313416974802385e-9,2.4671310960257746e-9,1.6127658715956554e-9,-1.368633401917578e-9,-1.0097121629558239e-10,0.03550106536356919,4.896388402252934e-7,3.8840561784030703e-7,-6.845335138402199e-10,-6.053452608396626e-9,1.2608270895030171e-8,2.3841171822683374e-10,-7.757019960504222e-12,0.1550313824887462,9.115299813708377e-8,1.7149158390723452e-7,-4.5561936203059235e-10,1.2203190775639787e-8,4.362226955009201e-8,1.3530431911856531e-7,-4.542401776381479e-10,1.2790388622707935e-8,4.499758707086324e-8,1.3663874904235194e-7,-5.430381394390853e-10,-3.6796650978091737e-9,1.890093469012473e-8,1.2724323679546716e-8,0.7936507842097552,-3.301291535434739e-16,0.15318264411169963,4.535327945970433e-14,1.7894451489015347e-13,-1.3603420495205645e-14
full_TAC,18,19,,47.6264342361525,12.11439527393116,3,3,LOCALLY_SOLVED,Solve_Succeeded,0.071913042,0.9059170984204319,1.0652106589001684e7,47.626434595220445,9.989620254593163,503.57998834213646,1.5922526291542861e-16,1.5922526291542861e-16,9.677556997400846e-9,4.142715408023786e-9,0.9999999861674123,0.3717088801717403,1.404475310492587e-6,1.0104296227644978e-6,1.7745828989724144e-8,0.023314017410291835,2.4091780827575386e-7,3.5603343929968476e-8,-3.4854152414167114e-9,-2.849831669082374e-9,7.457842182900154e-9,2.574201004691731e-10,2.2478026919580343e-8,0.10181170714219996,3.823299551874462e-8,1.1825400572188259e-8,5.174451922131402e-10,6.1128206690308325e-9,1.7409717964008403e-8,7.779985996096291e-9,5.914292133042395e-10,6.663977248342082e-9,1.8020164620954442e-8,7.991359502424361e-9,-6.705861077075363e-10,1.0258815459896475e-9,1.205775643342869e-8,2.7986200704852954e-9,3.131214999969257e-7,0.056050801762719336,3.4394626248875086e-8,-6.763050398470188e-9,-1.8576807560772118e-9,-1.3305817441070707e-9,1.2618173292115435e-8,-5.012975200076321e-10,0.999999618987655,-8.336273661714176e-9,-6.748213108926825e-9,-9.677556997400846e-9,5.653768866479054e-9,-7.455664773721183e-9,-5.086605883499499e-9,-9.36434463470161e-9,5.8204827381856814e-9,-8.06505955666741e-9,-6.0731811972877756e-9,-9.53555241934163e-9,3.134209755905094e-9,-1.882778686135768e-9,1.8635617141732032e-9,-4.3614965585997316e-9,1.9717587766360154e-9,0.03550089014748983,7.495220701912341e-7,5.289639669595315e-7,-3.8726836015741225e-10,-4.339516405193614e-9,2.320217568013381e-8,3.824527206970571e-9,2.497558546620037e-9,0.15503146314834992,1.189470971694277e-7,1.7569166564393984e-7,5.7493910245904455e-11,9.30815874602422e-9,5.416356699913724e-8,1.1558836337057344e-7,6.571435703380438e-11,1.0147419900884534e-8,5.6062734376302703e-8,1.1872876975030478e-7,-7.450956752305957e-11,1.5621378086660541e-9,3.751302001511147e-8,4.157949819006724e-8,0.7936507851915678,-7.191254105258951e-17,0.15318264912236612,6.464458266929163e-14,2.3998319784833393e-13,1.5704748642078553e-14
full_TAC,18,20,,47.6264342361525,10.899448452995019,3,3,LOCALLY_SOLVED,Solve_Succeeded,0.055851041,0.9059170551718062,1.0652106514008379e7,47.626434918722794,9.989617268226633,503.5799877484787,3.1845052583085723e-16,3.1845052583085723e-16,9.87962134499035e-9,7.875095797226945e-9,1.0000000015140442,0.3717090237014436,9.235549346664595e-7,8.619776690940337e-7,-9.087410585190637e-10,0.02331413247762503,1.573839000124573e-7,2.6142667101668466e-8,-6.1608015961479904e-9,-3.975401667726001e-9,4.052658552441731e-9,1.6046871174428935e-11,-6.98133148529109e-11,0.10181165417171527,2.9299177649968128e-8,1.1542702368268884e-8,-4.100574204673243e-9,8.014036053798328e-9,1.4021444212756812e-8,9.107021215465872e-9,-4.0881615457743596e-9,8.399658523603181e-9,1.4463510571470513e-8,9.196838619693085e-9,-4.887343247052016e-9,-2.4164964063118403e-9,6.0753004715491986e-9,8.564445172299465e-10,2.108062803585484e-7,0.0560507858910497,1.0290220410284852e-8,-8.679005857404458e-9,-3.5776926524891104e-9,2.8146515637571895e-9,9.922694722395e-9,-2.0197172423961312e-10,0.9999998046012987,-9.396433872181742e-9,-8.71382988886034e-9,-9.87962134499035e-9,5.513932898506566e-9,-8.734176461455551e-9,-7.57123076348037e-9,-9.740644396795142e-9,5.6004774913257065e-9,-9.124782606629303e-9,-8.20253947433095e-9,-9.816882621105566e-9,1.0313419000450698e-9,2.4671310830922975e-9,1.6127658366941283e-9,-1.3686331012275538e-9,-1.0097122872434036e-10,0.0355010653636563,4.896388000387561e-7,3.884053397962171e-7,-6.845335106831097e-10,-6.053452539491864e-9,1.2608271052040941e-8,2.3841065744865844e-10,-7.757034983656764e-12,0.15503138248874823,9.115299713323418e-8,1.7149157804285197e-7,-4.5561935607480457e-10,1.220319126373836e-8,4.3622270884132294e-8,1.353043152012072e-7,-4.542401717527065e-10,1.2790389115486661e-8,4.499758844457493e-8,1.3663874520686867e-7,-5.430381385613348e-10,-3.6796649823384838e-9,1.890093480037528e-8,1.2724318541702062e-8,0.7936507842097552,-3.30129158436233e-16,0.15318264411169957,4.535327728588333e-14,1.789445090844734e-13,-1.3603422583907863e-14
full_TAC,18,21,,47.6264342361525,9.684501632058875,3,1,LOCALLY_SOLVED,Solve_Succeeded,0.012072917,0.9930455536370768,1.0803714580460204e7,43.260124113492125,9.68450175077967,503.5799943298966,9.022764898540955e-17,5.126570965080088e-17,7.93087155659047e-9,4.8858432701269566e-9,0.9999999804976016,0.35556717327216913,1.0765953823229777e-6,2.7604934597735733e-9,3.4641427705142706e-8,2.7380194139894042e-8,4.000651883148265e-8,4.2730170009391156e-10,9.487405426736518e-9,4.051146978919435e-9,1.9587206149801203e-8,1.583431567787786e-10,9.872374814958802e-8,0.0917179659277387,7.260710077690325e-8,6.471658573053049e-10,1.1285635966382608e-8,5.316383157696658e-9,2.135358603485964e-8,1.8939171842955955e-10,1.1712006638801143e-8,5.622263495631017e-9,2.1761376418333575e-8,1.962601805572422e-10,1.0206438621260365e-8,4.5529706159081655e-9,2.030662305024762e-8,1.712982597180783e-10,6.653841919472145e-8,0.07936493926844833,1.5118193033739087e-7,8.544244266608205e-9,1.2722976001785653e-8,-1.2614177841334736e-9,1.3302808686880782e-8,-7.3290077973841735e-9,0.9999996605973184,0.04482270895211871,7.6378377246105e-8,-3.5317414646041216e-9,1.531984735554668e-8,-2.1336484073668146e-9,1.0135030921474037e-8,-7.826118475485224e-9,1.595329799943981e-8,-2.3622932668583333e-9,9.39406147957816e-9,-7.93087155659047e-9,1.374722874466329e-8,-1.6098424969803981e-9,1.197770513152297e-8,-7.546505354199091e-9,3.849047522793633e-9,4.16925683493841e-8,1.2446472525350156e-7,6.348482401395257e-9,1.0541561585262794e-9,6.16879199062732e-9,6.09379746882704e-8,2.3525269007132818e-9,1.096930534995422e-8,0.1396614481172385,2.2588875797258788e-7,9.615035594250245e-9,1.2539595518202893e-9,8.095401626492638e-9,6.643337877511886e-8,2.813819816667742e-9,1.3013340709779043e-9,8.56117395925632e-9,6.770205996814889e-8,2.9158655397075976e-9,1.1340487356955957e-9,6.932932528769252e-9,6.317616060077035e-8,2.545002715811449e-9,0.7936508025333536,1.149245147162966e-12,0.16699533269851352,-1.2045551951218263e-10,-1.541116186325159e-10,-1.3823864368209285e-10
full_TAC,19,1,,43.292707301450044,33.98343805078173,3,3,LOCALLY_SOLVED,Solve_Succeeded,0.125797542,0.92812446503008,1.0690063129951507e7,43.292707982609286,20.393241159247374,503.57998775101737,1.1278456123176193e-16,2.3702534759739807e-16,9.876549265423213e-9,7.858815899700498e-9,1.000000001547038,0.0827752377308939,9.255516598292068e-7,0.642727182972703,-8.794789464102757e-10,0.002239580100052131,1.5740382709877085e-7,2.4484880825870887e-8,-6.156454108065115e-9,-3.960340072465582e-9,4.087224175647605e-9,1.1424600529847955e-11,4.474174510886709e-11,1.4664763902281002e-8,2.95172092404336e-8,0.04053230377893887,-4.083056767770706e-9,8.043630228938808e-9,1.4087121111764604e-8,9.084449412533626e-9,-4.070518658139128e-9,8.431525476249046e-9,1.4532669301278332e-8,9.175354067763454e-9,-4.875613562134829e-9,-2.3812674360987546e-9,6.123338692582359e-9,8.362085295488141e-10,1.9400545160074246e-7,0.07712534739740282,1.0403661261334845e-8,-8.646448649895441e-9,-3.5955570494646705e-9,2.807193484930854e-9,9.917900667722434e-9,-2.0220460489995625e-10,0.9999998213786007,-9.422622596259453e-9,-8.704202768421316e-9,-9.876549265423213e-9,5.459882816287833e-9,-8.725899931068427e-9,-7.555615269819471e-9,-9.737661286220157e-9,5.546182033821714e-9,-9.118754108147204e-9,-8.190379826854297e-9,-9.814986527147578e-9,9.973448255376437e-10,2.436337184104142e-9,1.5912495477268375e-9,-1.3507966590919601e-9,-9.771988293447506e-11,0.003410269697806654,4.897007954183981e-7,3.637753722700817e-7,-6.840504564516792e-10,-6.030517837618046e-9,1.2715808546459214e-8,1.6973692215774104e-10,4.971305012096342e-12,2.2330435942109707e-8,9.183131763690452e-8,0.6021942275728059,-4.536729741967449e-10,1.2248255121338638e-8,4.382659901437876e-8,1.3496896270049957e-7,-4.5227985090434743e-10,1.2838913793379227e-8,4.521274893731036e-8,1.3631954614962844e-7,-5.417348402372029e-10,-3.6260208686049212e-9,1.905038704358956e-8,1.2423669581868093e-8,0.7936507842096981,-3.267701464536303e-16,0.1565225978747499,4.500836420763972e-14,1.7761210346448574e-13,-1.3450613204655162e-14
full_TAC,19,2,,43.292707301450044,32.76849122984559,3,3,LOCALLY_SOLVED,Solve_Succeeded,0.136873875,0.92812446503008,1.0690063129951507e7,43.2927079826093,20.393241159247275,503.57998775101737,1.1278456123176193e-16,0.0,9.876549265426023e-9,7.858816063657006e-9,1.000000001547038,0.08277523773089664,9.255516594920447e-7,0.6427271829726969,-8.794789547063754e-10,0.002239580100053224,1.5740382697712638e-7,2.4484880656048824e-8,-6.156454110095307e-9,-3.960340071860648e-9,4.087224176922607e-9,1.1424599983366429e-11,4.474174481370244e-11,1.4664763912033766e-8,2.9517209264116903e-8,0.04053230377893866,-4.083056770216556e-9,8.043630233496573e-9,1.4087121118757147e-8,9.084449410668932e-9,-4.070518660595662e-9,8.431525480784593e-9,1.4532669308408518e-8,9.17535406593266e-9,-4.875613564993016e-9,-2.381267436070744e-9,6.123338692810253e-9,8.362085261309534e-10,1.9400544974875757e-7,0.07712534739740276,1.0403661260139906e-8,-8.646448647844525e-9,-3.595557052804945e-9,2.8071934889044503e-9,9.917900668880616e-9,-2.0220460576110284e-10,0.9999998213786025,-9.42262259637341e-9,-8.7042027686115e-9,-9.876549265426023e-9,5.459882812962534e-9,-8.725899931253078e-9,-7.555615269938824e-9,-9.737661286162892e-9,5.5461820304567775e-9,-9.118754108300089e-9,-8.190379827032664e-9,-9.814986527131638e-9,9.973448191326196e-10,2.4363371859670722e-9,1.5912495495797088e-9,-1.3507966556466253e-9,-9.771988385626391e-11,0.003410269697808318,4.897007950399487e-7,3.6377536974701104e-7,-6.84050456677256e-10,-6.030517836696896e-9,1.2715808550425888e-8,1.6973691403858693e-10,4.9713049793002685e-12,2.2330435956960504e-8,9.183131771058591e-8,0.6021942275728029,-4.536729744685061e-10,1.2248255128278872e-8,4.382659903613334e-8,1.3496896267279556e-7,-4.5227985117729553e-10,1.2838913800285628e-8,4.521274895949317e-8,1.363195461224281e-7,-5.417348405547793e-10,-3.6260208685622693e-9,1.9050387044298562e-8,1.242366953108845e-8,0.7936507842096981,-3.267701518011582e-16,0.1565225978747499,4.5008364179369085e-14,1.77612103422996e-13,-1.345061323755069e-14
full_TAC,19,3,,43.292707301450044,31.553544408909442,3,3,LOCALLY_SOLVED,Solve_Succeeded,0.134661334,0.9281244650300767,1.0690063129951501e7,43.292707982609286,20.393241159246806,503.5799877510173,1.3273419465454294e-16,1.281642741270022e-17,9.87654926543404e-9,7.858815899700498e-9,1.000000001547038,0.08277523773090904,9.255516618121008e-7,0.6427271829726675,-8.794789724143727e-10,0.0022395801000664253,1.5740382783082866e-7,2.4484880285448464e-8,-6.156454103297796e-9,-3.9603400737554456e-9,4.087224209333049e-9,1.1424594063788329e-11,4.4741748175357475e-11,1.4664763931750272e-8,2.9517209329549576e-8,0.040532303778937746,-4.083056775056511e-9,8.043630241104914e-9,1.4087121141774042e-8,9.084449406334996e-9,-4.070518665457583e-9,8.43152548841168e-9,1.453266933192209e-8,9.175354061681434e-9,-4.875613700906652e-9,-2.3812743880262746e-9,6.123338548545807e-9,8.362079504624414e-10,1.9400544626771741e-7,0.07712534739739128,1.0403661228339998e-8,-8.646448642460141e-9,-3.595557063455086e-9,2.80719358337016e-9,9.917900600838834e-9,-2.0220462933570248e-10,0.9999998213786071,-9.422622596614598e-9,-8.704202769157158e-9,-9.87654926543404e-9,5.459882806710834e-9,-8.725899931495727e-9,-7.555615270305028e-9,-9.73766128602005e-9,5.546182024089497e-9,-9.118754108578577e-9,-8.190379827534122e-9,-9.814986527092979e-9,9.973440743233731e-10,2.4363451402939606e-9,1.5912484607775682e-9,-1.3507962132456725e-9,-9.771988582381914e-11,0.0034102696978284205,4.897007976959113e-7,3.637753642409486e-7,-6.840504559219771e-10,-6.030517839582155e-9,1.2715808651258374e-8,1.6973682609056944e-10,4.971305352817495e-12,2.233043598698337e-8,9.183131791415422e-8,0.6021942275727893,-4.536729750062788e-10,1.22482551398643e-8,4.382659910774145e-8,1.3496896260840562e-7,-4.5227985171750904e-10,1.2838913811899603e-8,4.5212749032646495e-8,1.3631954605926701e-7,-5.417348556562945e-10,-3.6260314544945543e-9,1.9050386595475847e-8,1.2423660978299129e-8,0.7936507842096981,-3.26770147937672e-16,0.15652259787474945,4.5008364157157065e-14,1.776121034008349e-13,-1.3450611467508333e-14
full_TAC,19,4,,43.292707301450044,30.3385975879733,3,3,LOCALLY_SOLVED,Solve_Succeeded,0.135403709,0.928124508050386,1.0690063204232719e7,43.29270765662908,20.39324854958373,503.5799883491338,1.5922526291542861e-16,1.5922526291542861e-16,9.659708843682707e-9,4.0978473978993805e-9,0.9999999862845141,0.08277497818014427,1.4067138710804044e-6,0.6427275996303227,1.7792609357963774e-8,0.002239471045265108,2.408793012814806e-7,3.1965465673811204e-8,-3.4689533876437588e-9,-2.827944650915673e-9,7.513210541948465e-9,2.50360830946509e-10,2.2841863811860744e-8,1.5885938352017292e-8,3.8422152122631584e-8,0.0405323230825737,5.519682833667599e-10,6.166464154543219e-9,1.7513843360046895e-8,7.724608889181066e-9,6.263906724219436e-10,6.720897792458845e-9,1.8129618737683113e-8,7.939077686384768e-9,-6.528015625226255e-10,1.065504568739289e-9,1.211659630190172e-8,2.7073985981708315e-9,2.955600738876509e-7,0.07712536259526827,3.4590033449467626e-8,-6.639174597398795e-9,-1.8491225760077617e-9,-1.3173015705112472e-9,1.2623644493239465e-8,-5.168645776604753e-10,0.9999996360682005,-8.52875557729145e-9,-6.72519140612095e-9,-9.659708843682707e-9,5.6672899814916594e-9,-7.4406805890216095e-9,-5.057236920195248e-9,-9.354760650565491e-9,5.834194494878727e-9,-8.052751737663503e-9,-6.048182597580108e-9,-9.529461961221582e-9,3.124903441816479e-9,-1.8990415947339223e-9,1.8569455293032224e-9,-4.285831903096286e-9,1.9769565953293076e-9,0.003410103637108232,7.494022706534952e-7,4.7491549001090927e-7,-3.854392652937508e-10,-4.306188445712502e-9,2.3374432797172998e-8,3.719646631205276e-9,2.5379848679845264e-9,2.418995158148087e-8,1.1953558438152047e-7,0.6021945143696663,6.132980926297329e-11,9.389843144418083e-9,5.448751267570145e-8,1.147656177821187e-7,6.959896360243816e-11,1.0234094365789604e-8,5.640325829501413e-8,1.1795201134057368e-7,-7.253350694695837e-11,1.6224728660348264e-9,3.769607738369424e-8,4.0224207744252355e-8,0.7936507851914106,-6.933774828777999e-17,0.1565226028834487,6.419062096923252e-14,2.3835741925510325e-13,1.5778894668652e-14
full_TAC,19,5,,43.292707301450044,29.12365076703716,3,2,LOCALLY_SOLVED,Solve_Succeeded,0.138626041,0.928124465030079,1.0690063129951505e7,43.29270798260927,20.393241159246813,503.57998775101726,1.5922526291542861e-16,1.5922526291542861e-16,9.87654926543914e-9,7.85881573574399e-9,1.000000001547038,0.08277523773090913,9.255516579180625e-7,0.6427271829726688,-8.794789935448403e-10,0.002239580100058124,1.5740382640903954e-7,2.448487986298891e-8,-6.156454119610327e-9,-3.960340069027596e-9,4.087224182899853e-9,1.1424597434000657e-11,4.4741743131234036e-11,1.4664763957577875e-8,2.951720937471452e-8,0.04053230377893772,-4.083056781678356e-9,8.043630254805555e-9,1.4087121151461447e-8,9.084449401970943e-9,-4.0705186721073284e-9,8.431525501990086e-9,1.45326693417569e-8,9.17535405739299e-9,-4.875613578380134e-9,-2.3812674359358873e-9,6.123338693891283e-9,8.362085101719678e-10,1.940054410645264e-7,0.07712534739740264,1.0403661254559465e-8,-8.646448638266946e-9,-3.5955570684864583e-9,2.807193507482659e-9,9.917900674300125e-9,-2.0220460978801558e-10,0.9999998213786113,-9.422622596905573e-9,-8.704202769499634e-9,-9.87654926543914e-9,5.459882797232545e-9,-8.72589993211506e-9,-7.555615270494651e-9,-9.737661285895448e-9,5.54618201454066e-9,-9.118754109013894e-9,-8.190379827864788e-9,-9.814986527057193e-9,9.9734478907524e-10,2.4363371946829817e-9,1.5912495582563884e-9,-1.3507966395521285e-9,-9.771988817164891e-11,0.0034102696978157796,4.897007932725673e-7,3.637753579644066e-7,-6.840504577344805e-10,-6.03051783238293e-9,1.2715808569021763e-8,1.6973687616229545e-10,4.9713047923593355e-12,2.233043602631176e-8,9.18313180546674e-8,0.6021942275727888,-4.536729757420394e-10,1.2248255160726638e-8,4.382659913788006e-8,1.349689625435683e-7,-4.5227985245636966e-10,1.2838913832575811e-8,4.521274906324369e-8,1.3631954599555296e-7,-5.41734842042237e-10,-3.626020868356919e-9,1.9050387047661766e-8,1.2423669293983521e-8,0.7936507842096981,-3.2677015301930477e-16,0.1565225978747499,4.500836410800514e-14,1.7761210329037982e-13,-1.3450613382482145e-14
full_TAC,19,6,,43.292707301450044,27.908703946101014,3,2,LOCALLY_SOLVED,Solve_Succeeded,0.136259208,0.928124508050386,1.0690063204232719e7,43.29270765662908,20.393248549582502,503.5799883491337,1.5922526291542861e-16,3.5553802139609715e-16,9.659708843778752e-9,4.0978473978993805e-9,0.9999999862845147,0.08277497818017712,1.4067138668526978e-6,0.6427275996302483,1.779260898350689e-8,0.002239471045278136,2.408792998318237e-7,3.1965463771960166e-8,-3.468953422334766e-9,-2.827944648554128e-9,7.513210541235627e-9,2.503608248354695e-10,2.2841863732536145e-8,1.5885938467876692e-8,3.842215239180609e-8,0.040532323082571,5.519682442998363e-10,6.166464203382059e-9,1.7513843429512587e-8,7.724608868631151e-9,6.26390632862885e-10,6.720897842922445e-9,1.8129618810080074e-8,7.9390776666587e-9,-6.528016090569414e-10,1.0655045755645945e-9,1.2116596313268572e-8,2.707398537924375e-9,2.9556004988242855e-7,0.07712536259526766,3.459003340831447e-8,-6.6391745519662606e-9,-1.8491226130818148e-9,-1.3173015483882442e-9,1.2623644519151041e-8,-5.168645760108201e-10,0.9999996360682257,-8.52875558009088e-9,-6.725191410501777e-9,-9.659708843778752e-9,5.6672899579928256e-9,-7.440680590228135e-9,-5.057236920134618e-9,-9.354760649111286e-9,5.834194470998672e-9,-8.05275173982561e-9,-6.04818259993765e-9,-9.529461960806094e-9,3.124903393834046e-9,-1.899041576064482e-9,1.8569455495970335e-9,-4.285831846064624e-9,1.976956553722987e-9,0.0034101036371280706,7.494022661434514e-7,4.749154617548367e-7,-3.854392691483072e-10,-4.3061884421165125e-9,2.337443279495528e-8,3.7196465404126886e-9,2.5379848591706816e-9,2.4189951757903142e-8,1.1953558521895227e-7,0.6021945143696262,6.1329804922204e-11,9.389843218786317e-9,5.448751289181693e-8,1.1476561747680567e-7,6.959895920698719e-11,1.0234094442631904e-8,5.6403258520249114e-8,1.1795201104750068e-7,-7.253351211743793e-11,1.622472876427905e-9,3.7696077419057775e-8,4.022420684916213e-8,0.7936507851914106,-6.933775482197237e-17,0.1565226028834487,6.419062076485582e-14,2.3835741887650464e-13,1.5778894250221678e-14
full_TAC,19,7,,43.292707301450044,26.693757125164872,3,3,LOCALLY_SOLVED,Solve_Succeeded,0.143153417,0.9281244650300788,1.0690063129951505e7,43.2927079826093,20.39324115924621,503.57998775101737,3.1845052583085723e-16,3.1845052583085723e-16,9.876549265456317e-9,7.858816063657006e-9,1.0000000015470383,0.08277523773092554,9.255516558558616e-7,0.6427271829726321,-8.794790441986428e-10,0.0022395801000645783,1.5740382566519877e-7,2.448487882452801e-8,-6.1564541319971285e-9,-3.96034006533494e-9,4.087224190677692e-9,1.1424594090150155e-11,4.474174157012545e-11,1.4664764017214692e-8,2.951720951953488e-8,0.040532303778936477,-4.083056796602287e-9,8.04363028265607e-9,1.4087121194180174e-8,9.084449390560407e-9,-4.070518687096573e-9,8.43152552970457e-9,1.4532669385316178e-8,9.175354046189754e-9,-4.875613595825678e-9,-2.3812674357678025e-9,6.123338695271332e-9,8.362084892702506e-10,1.9400542976863819e-7,0.07712534739740243,1.0403661247251435e-8,-8.646448625725688e-9,-3.59555708884511e-9,2.8071935317632425e-9,9.917900681373712e-9,-2.0220461504949926e-10,0.999999821378623,-9.422622597602404e-9,-8.704202770662584e-9,-9.876549265456317e-9,5.4598827770611e-9,-8.725899933244416e-9,-7.55561527122567e-9,-9.737661285545264e-9,5.546181994127602e-9,-9.118754109948872e-9,-8.190379828956117e-9,-9.814986526959722e-9,9.973447500274678e-10,2.436337206061497e-9,1.5912495695671544e-9,-1.3507966184882432e-9,-9.771989379984917e-11,0.0034102696978256073,4.897007909583961e-7,3.637753425358447e-7,-6.840504591107917e-10,-6.030517826760022e-9,1.2715808593219484e-8,1.6973682648223086e-10,4.971304618902825e-12,2.233043611712237e-8,9.183131850521962e-8,0.6021942275727704,-4.536729774002539e-10,1.2248255203135377e-8,4.382659927078277e-8,1.3496896237404032e-7,-4.5227985412184127e-10,1.2838913874777411e-8,4.521274919876144e-8,1.3631954582910487e-7,-5.417348439806306e-10,-3.6260208681009718e-9,1.9050387051955253e-8,1.242366898344372e-8,0.7936507842096981,-3.267701485351762e-16,0.15652259787474992,4.5008364030606036e-14,1.7761210316933347e-13,-1.3450613572743968e-14
full_TAC,19,8,,43.292707301450044,25.47881030422873,3,3,LOCALLY_SOLVED,Solve_Succeeded,0.13428525,0.9281244650300788,1.0690063129951505e7,43.292707982609286,20.39324115924567,503.57998775101726,3.1845052583085723e-16,3.1845052583085723e-16,9.876549265471058e-9,7.858815899700498e-9,1.0000000015470383,0.0827752377309396,9.255516540838147e-7,0.6427271829725992,-8.794790873732451e-10,0.002239580100070119,1.5740382502674445e-7,2.4484877933274607e-8,-6.156454142521029e-9,-3.960340062190714e-9,4.087224197280357e-9,1.1424591211943585e-11,4.474174117704428e-11,1.4664764068397616e-8,2.9517209643823962e-8,0.040532303778935345,-4.083056809285865e-9,8.043630306482395e-9,1.4087121230687242e-8,9.084449380735966e-9,-4.07051869983626e-9,8.431525553413284e-9,1.4532669422540452e-8,9.175354036543223e-9,-4.875613610673883e-9,-2.3812674356327206e-9,6.123338696404644e-9,8.362084713258496e-10,1.9400542018570613e-7,0.07712534739740222,1.0403661240974833e-8,-8.646448614962674e-9,-3.5955571060589903e-9,2.8071935525341253e-9,9.917900687410248e-9,-2.022046195483187e-10,0.9999998213786333,-9.422622598200445e-9,-8.704202771660648e-9,-9.876549265471058e-9,5.4598827603783485e-9,-8.725899934214724e-9,-7.555615271857838e-9,-9.737661285244746e-9,5.546181977240619e-9,-9.118754110751773e-9,-8.190379829895275e-9,-9.814986526876074e-9,9.973447169751133e-10,2.4363372157725168e-9,1.5912495791989461e-9,-1.3507966004273836e-9,-9.771989859702719e-11,0.003410269697834045,4.897007889720938e-7,3.637753292943656e-7,-6.84050460280114e-10,-6.030517821972223e-9,1.271580861376111e-8,1.6973678372030467e-10,4.9713045752271405e-12,2.2330436195060007e-8,9.183131889189676e-8,0.6021942275727535,-4.5367297880954036e-10,1.2248255239416372e-8,4.382659938436031e-8,1.3496896222807722e-7,-4.5227985553736195e-10,1.2838913910879318e-8,4.5212749314570294e-8,1.36319545685785e-7,-5.417348456304313e-10,-3.6260208678952793e-9,1.9050387055481114e-8,1.2423668716841193e-8,0.7936507842096981,-3.267701532002114e-16,0.1565225978747499,4.500836393760571e-14,1.7761210302127945e-13,-1.3450613736842791e-14
full_TAC,19,9,,43.292707301450044,24.26386348329259,3,2,LOCALLY_SOLVED,Solve_Succeeded,0.136828584,0.9281245080503836,1.0690063204232715e7,43.292707656629105,20.393248549577727,503.5799883491337,3.1845052583085723e-16,3.1845052583085723e-16,9.659708844148954e-9,4.097847725812397e-9,0.9999999862845168,0.08277497818030431,1.4067138505534717e-6,0.6427275996299588,1.7792607541127987e-8,0.0022394710453287003,2.408792942435768e-7,3.19654564415852e-8,-3.468953555946009e-9,-2.827944639466833e-9,7.513210538446232e-9,2.5036080127771663e-10,2.2841863429817786e-8,1.588593891489924e-8,3.842215342932185e-8,0.04053232308256047,5.519680938906094e-10,6.166464391580846e-9,1.7513843697172477e-8,7.724608789403701e-9,6.263904805579471e-10,6.720898037381626e-9,1.812961908903426e-8,7.939077590606399e-9,-6.528017882672692e-10,1.0655046018538603e-9,1.2116596357032795e-8,2.7073983057059554e-9,2.955599574489091e-7,0.07712536259526497,3.459003324973228e-8,-6.639174376854673e-9,-1.8491227558410928e-9,-1.3173014631460455e-9,1.262364461898972e-8,-5.168645696490843e-10,0.9999996360683231,-8.528755591002698e-9,-6.725191427387492e-9,-9.659708844148954e-9,5.6672898677242895e-9,-7.440680594881915e-9,-5.057236919908808e-9,-9.354760643506638e-9,5.834194379264562e-9,-8.052751748161223e-9,-6.0481826090297435e-9,-9.529461959204902e-9,3.124903209139774e-9,-1.8990415041281298e-9,1.8569456277844892e-9,-4.285831626254416e-9,1.9769563934586647e-9,0.003410103637205066,7.494022487577945e-7,4.749153528464086e-7,-3.8543928399400086e-10,-4.306188428279041e-9,2.3374432786277163e-8,3.71964619041179e-9,2.5379848255353085e-9,2.4189952438596563e-8,1.1953558844677908e-7,0.6021945143694697,6.132978821006769e-11,9.389843505361743e-9,5.448751372453659e-8,1.1476561629971211e-7,6.959894228421632e-11,1.0234094738740203e-8,5.6403259388106584e-8,1.1795200991758076e-7,-7.253353202969654e-11,1.6224729164592872e-9,3.7696077555213133e-8,4.0224203399059905e-8,0.7936507851914106,-6.933776143715285e-17,0.1565226028834486,6.419061999276245e-14,2.383574174437174e-13,1.577889263679709e-14
full_TAC,19,10,,43.292707301450044,23.048916662356444,3,3,LOCALLY_SOLVED,Solve_Succeeded,0.138869666,0.9281245080503802,1.069006320423271e7,43.29270765662912,20.393248549573208,503.57998834913366,1.3273419465454294e-16,2.3702534759739807e-16,9.659708844498176e-9,4.097847889768905e-9,0.9999999862845187,0.08277497818042427,1.4067138351776702e-6,0.6427275996296845,1.7792606180865532e-8,0.0022394710453763887,2.4087928897206553e-7,3.196544952667004e-8,-3.4689536819455623e-9,-2.8279446309002655e-9,7.51321053580003e-9,2.503607790537169e-10,2.2841863145401033e-8,1.5885939336620665e-8,3.842215440803625e-8,0.040532323082550455,5.519679520716185e-10,6.1664645690961415e-9,1.7513843949631223e-8,7.724608714658086e-9,6.263903369511261e-10,6.720898220801738e-9,1.8129619352145698e-8,7.939077518855915e-9,-6.528019572624164e-10,1.0655046266463429e-9,1.2116596398299862e-8,2.707398086645834e-9,2.9555987028972824e-7,0.07712536259526244,3.4590033100141127e-8,-6.639174211667529e-9,-1.849122890455628e-9,-1.3173013827458802e-9,1.2623644713157125e-8,-5.168645636468644e-10,0.9999996360684152,-8.528755601305258e-9,-6.725191443316214e-9,-9.659708844498176e-9,5.66728978269032e-9,-7.440680599273043e-9,-5.05723691969858e-9,-9.354760638219698e-9,5.834194292849577e-9,-8.052751756025035e-9,-6.0481826176083146e-9,-9.529461957694492e-9,3.124903035009591e-9,-1.899041436277747e-9,1.8569457015277304e-9,-4.285831418906137e-9,1.9769562423183916e-9,0.003410103637277682,7.494022323575371e-7,4.7491525011052636e-7,-3.854392979939512e-10,-4.306188415234494e-9,2.3374432778044533e-8,3.7196458602266515e-9,2.5379847939334473e-9,2.4189953080763286e-8,1.195355914916683e-7,0.6021945143693209,6.132977245240203e-11,9.389843775669124e-9,5.44875145099638e-8,1.1476561518920582e-7,6.959892632790287e-11,1.0234095018039009e-8,5.64032602066755e-8,1.1795200885157359e-7,-7.253355080693512e-11,1.6224729542114765e-9,3.769607768359957e-8,4.0224200144452384e-8,0.7936507851914106,-6.933776927085615e-17,0.15652260288344838,6.419061926137196e-14,2.3835741609790813e-13,1.5778891105409876e-14
full_TAC,19,11,,43.292707301450044,21.833969841420302,3,2,LOCALLY_SOLVED,Solve_Succeeded,0.126795583,0.9271909896958302,1.0689194796560623e7,43.29270632409196,9.84537819948043,503.57999079389515,1.5922526291542861e-16,1.5922526291542861e-16,8.939721794897513e-9,0.0,0.9999999202391783,0.36080315830187704,2.5990586469342794e-6,1.3831792803829173e-6,1.0896663226291365e-7,0.0022443370798928483,4.546399566301896e-7,6.225591542435842e-8,4.563763625029482e-9,7.340469015388092e-10,1.9170053707055832e-8,1.3960024928045613e-9,1.4772660660955597e-7,0.11020655441879547,6.221481366159085e-8,1.2911910541192102e-8,7.487694640113334e-9,4.62307047277277e-9,2.346402458576284e-8,4.7626701670478004e-9,7.745405903968251e-9,5.003926094859284e-9,2.4142246016401957e-8,5.035446740303122e-9,6.0841700956332926e-9,2.948754004596499e-9,2.0318993068173734e-8,3.3572380561299374e-9,5.31632476909307e-7,0.07712021664214214,1.0238537988912927e-7,-7.262496927467417e-10,4.781304931080152e-9,-2.5716207493565905e-9,1.268773878135636e-8,-5.404206023935803e-9,0.9999990473732947,-3.957145009113312e-9,-1.992919091072384e-10,-8.939721794897513e-9,7.903387436858608e-9,-5.846207779819892e-9,-5.840659928189791e-10,-8.581251879053539e-9,8.182527671776711e-9,-6.321515125371246e-9,-1.628851712927341e-9,-8.83249694703446e-9,6.394772125904438e-9,-4.0470018763474424e-9,3.4918219053727513e-9,-7.026701825670158e-9,1.2107403584768179e-8,0.003417513280745928,1.4144354206272564e-6,9.249450291618964e-7,5.070848472254978e-10,1.1177532364340957e-9,5.964016708861814e-8,2.0740608464524906e-8,1.6414067401061768e-8,0.1678145260468022,1.935571980582826e-7,1.918340994691398e-7,8.319660711237035e-10,7.039675492631261e-9,7.299918760015107e-8,7.07596710532816e-8,8.606006559964721e-10,7.61961473535391e-9,7.510920982880607e-8,7.481235157021781e-8,6.7601889951481e-10,4.490148143362851e-9,6.321464510098493e-8,4.9878965405359063e-8,0.7936507891856359,6.525621445154834e-16,0.15652146609383083,1.3998393194515968e-13,4.796075887506477e-13,1.3401389159871396e-13
full_TAC,19,12,,43.292707301450044,20.61902302048416,3,3,LOCALLY_SOLVED,Solve_Succeeded,0.123154125,0.9271907851711328,1.068919444167127e7,43.29270798198614,9.84536743169044,503.5799877521381,1.3534147347811433e-16,1.0253141930160176e-16,9.878331708089721e-9,7.85162640681538e-9,1.000000001378488,0.360803632510879,9.234862050046703e-7,8.619557702862475e-7,-7.826613877649182e-10,0.0022447459657307374,1.5748107697777533e-7,2.6155096161762874e-8,-6.1287041175208465e-9,-3.967207659623422e-9,4.063986272501175e-9,1.6428881335894797e-11,3.7428957256983166e-11,0.11020635522359708,2.915980964988061e-8,1.1523529445260617e-8,-4.0505665802281576e-9,7.994817760954704e-9,1.3992025762385385e-8,9.100777427423286e-9,-4.037915209213027e-9,8.383201965304437e-9,1.4436021353648143e-8,9.191423583122068e-9,-4.838004850488726e-9,-2.378604803263654e-9,6.113381838492104e-9,8.726977206546688e-10,2.2063034633101272e-7,0.07712016943391493,1.0451300489843748e-8,-8.666414558486723e-9,-3.5429982408934674e-9,2.7668892791654275e-9,9.897428381294601e-9,-1.9313807876706328e-10,0.9999997940280385,-9.38982375843229e-9,-8.701184481581289e-9,-9.878331708089721e-9,5.5390125918661385e-9,-8.723031314830518e-9,-7.552567928820113e-9,-9.73800328670299e-9,5.626031971551265e-9,-9.116454337507768e-9,-8.1870784111431e-9,-9.814976290555923e-9,1.0985270544042181e-9,2.412329891325716e-9,1.565732663603181e-9,-1.3897668441634989e-9,-8.696237641832421e-11,0.0034181359023627133,4.899411283753009e-7,3.8859000011761975e-7,-6.809671241689827e-10,-6.040975299881119e-9,1.2643512847781432e-8,2.440862369904369e-10,4.158773028553684e-12,0.167814222726841,9.071940779962855e-8,1.7120672318672913e-7,-4.5006295335868396e-10,1.2173927045090115e-8,4.353074681631008e-8,1.352115503502888e-7,-4.48657245468114e-10,1.2765330265349933e-8,4.4912066433572e-8,1.365582932349564e-7,-5.375560944987472e-10,-3.621966404969654e-9,1.9019410164197653e-8,1.2965794706869364e-8,0.7936507842096733,-3.2453868185704803e-16,0.15652144445434504,4.5013189832909165e-14,1.7744672131607306e-13,-1.3245398909619722e-14
full_TAC,19,13,,43.292707301450044,19.404076199548015,3,3,LOCALLY_SOLVED,Solve_Succeeded,0.109731208,0.9271907851711328,1.068919444167127e7,43.29270798198614,9.845367431690365,503.5799877521381,4.5113824492704774e-17,5.126570965080088e-17,9.878331708048142e-9,7.85162640681538e-9,1.000000001378488,0.36080363251088143,9.234862042630779e-7,8.619557656003982e-7,-7.826613894646578e-10,0.0022447459657315644,1.5748107678707595e-7,2.6155095885546942e-8,-6.128704117101695e-9,-3.967207658968245e-9,4.0639862732519575e-9,1.6428880280110192e-11,3.7428955204595335e-11,0.11020635522359715,2.9159809645129303e-8,1.1523529439439513e-8,-4.050566579429829e-9,7.994817765681371e-9,1.3992025768700636e-8,9.100777423530046e-9,-4.0379152084241726e-9,8.383201970077318e-9,1.4436021360153459e-8,9.191423579311854e-9,-4.838004850375172e-9,-2.37860480212702e-9,6.1133818390183204e-9,8.726977154495014e-10,2.2063034632457648e-7,0.07712016943391489,1.0451300493722714e-8,-8.666414554795717e-9,-3.5429982388900393e-9,2.7668892822637082e-9,9.897428381252848e-9,-1.931380794267256e-10,0.9999997940280385,-9.389823758416633e-9,-8.7011844815253e-9,-9.878331708048142e-9,5.5390126021911715e-9,-8.723031314743814e-9,-7.552567928445854e-9,-9.738003286518164e-9,5.626031981903475e-9,-9.116454337460243e-9,-8.187078410927097e-9,-9.81497629046227e-9,1.098527057410582e-9,2.4123298911189642e-9,1.5657326630900903e-9,-1.3897668396269616e-9,-8.696237660718417e-11,0.003418135902363973,4.899411277820139e-7,3.8858999601384025e-7,-6.809671241224104e-10,-6.040975298883463e-9,1.2643512850117198e-8,2.440862213044942e-10,4.158772800510591e-12,0.1678142227268411,9.071940778484671e-8,1.7120672310024419e-7,-4.500629532699809e-10,1.217392705228754e-8,4.3530746835957534e-8,1.3521155029244637e-7,-4.4865724538046344e-10,1.2765330272617733e-8,4.491206645381075e-8,1.3655829317834753e-7,-5.3755609448613e-10,-3.621966403238871e-9,1.9019410165834775e-8,1.2965794629535447e-8,0.7936507842096733,-3.2453868377191474e-16,0.15652144445434504,4.5013189797007114e-14,1.7744672122693248e-13,-1.3245398939600837e-14
full_TAC,19,14,,43.292707301450044,18.189129378611874,3,3,LOCALLY_SOLVED,Solve_Succeeded,0.103977292,0.9271907851711361,1.0689194441671276e7,43.29270798198614,9.845367431690585,503.57998775213804,1.5922526291542861e-16,1.5922526291542861e-16,9.878331708012648e-9,7.85162640681538e-9,1.000000001378488,0.36080363251087466,9.234862008526155e-7,8.619557805157801e-7,-7.826613893353572e-10,0.0022447459657181615,1.5748107560660501e-7,2.6155095703138377e-8,-6.128704132636256e-9,-3.967207659410515e-9,4.063986234583454e-9,1.6428885184908462e-11,3.742895035742517e-11,0.11020635522359858,2.915980962453674e-8,1.152352943484711e-8,-4.0505665787991294e-9,7.994817770879909e-9,1.3992025765099978e-8,9.100777421043453e-9,-4.037915207800571e-9,8.383201975222054e-9,1.4436021356453606e-8,9.191423576870062e-9,-4.838004722038861e-9,-2.3785980891150177e-9,6.113381927485347e-9,8.726989119776322e-10,2.2063034625018412e-7,0.07712016943392917,1.0451300520789734e-8,-8.666414553349418e-9,-3.54299823403186e-9,2.7668892009368465e-9,9.897428448843511e-9,-1.9313805651464325e-10,0.9999997940280377,-9.389823758391227e-9,-8.70118448132115e-9,-9.878331708012648e-9,5.539012610000802e-9,-8.72303131484215e-9,-7.552567928099914e-9,-9.738003286407767e-9,5.626031989763286e-9,-9.11645433746344e-9,-8.187078410643422e-9,-9.814976290397564e-9,1.098527814542476e-9,2.4123222849856066e-9,1.5657339201276472e-9,-1.3897679566563321e-9,-8.696237659281743e-11,0.003418135902343564,4.899411241094378e-7,3.885899933037701e-7,-6.809671258484726e-10,-6.0409752995569196e-9,1.264351272981519e-8,2.4408629417578283e-10,4.158772261936129e-12,0.1678142227268433,9.071940772078095e-8,1.712067230320142e-7,-4.500629531999032e-10,1.2173927060203494e-8,4.353074682475548e-8,1.3521155025550274e-7,-4.486572453111744e-10,1.2765330280451762e-8,4.4912066442300104e-8,1.3655829314206948e-7,-5.375560802265399e-10,-3.621956181152413e-9,1.9019410441065525e-8,1.296581240652482e-8,0.7936507842096733,-3.245386811827612e-16,0.15652144445434554,4.5013189757829145e-14,1.7744672113811576e-13,-1.324540077450297e-14
full_TAC,19,15,,43.292707301450044,16.974182557675732,3,3,LOCALLY_SOLVED,Solve_Succeeded,0.107712584,0.9271907851711328,1.068919444167127e7,43.292707981986155,9.845367431690129,503.579987752138,1.5922526291542861e-16,1.5922526291542861e-16,9.878331707922469e-9,7.851626570771889e-9,1.000000001378488,0.36080363251088776,9.234862020219779e-7,8.619557514372567e-7,-7.826613945959701e-10,0.0022447459657342025,1.5748107621070965e-7,2.6155095050671756e-8,-6.128704115836565e-9,-3.967207656935526e-9,4.06398627549612e-9,1.6428877090436894e-11,3.742894902131244e-11,0.11020635522359712,2.9159809630767754e-8,1.152352942184482e-8,-4.050566577014076e-9,7.99481777996651e-9,1.3992025787785335e-8,9.1007774117618e-9,-4.03791520603708e-9,8.383201984502066e-9,1.4436021379812546e-8,9.191423567794572e-9,-4.838004850027834e-9,-2.3786047986936824e-9,6.1133818406098176e-9,8.726976997201174e-10,2.2063034630772627e-7,0.07712016943391468,1.0451300505445004e-8,-8.666414543639678e-9,-3.5429982328535142e-9,2.766889291451908e-9,9.897428381529249e-9,-1.9313808141824096e-10,0.9999997940280384,-9.389823758369312e-9,-8.701184481356068e-9,-9.878331707922469e-9,5.539012633412719e-9,-8.7230313144818e-9,-7.552567927314756e-9,-9.738003285959523e-9,5.626032013207278e-9,-9.116454337316613e-9,-8.18707841027427e-9,-9.814976290179195e-9,1.0985270664983055e-9,2.4123298904980155e-9,1.5657326615371185e-9,-1.389766825919581e-9,-8.696237717732998e-11,0.0034181359023679895,4.899411259888745e-7,3.885899836099803e-7,-6.809671239818404e-10,-6.040975295788186e-9,1.264351285709904e-8,2.440861739150624e-10,4.158772113479158e-12,0.16781422272684104,9.071940774016635e-8,1.7120672283883732e-7,-4.500629530015639e-10,1.2173927074039911e-8,4.3530746895332155e-8,1.3521155011760387e-7,-4.486572451152309e-10,1.276533029458269e-8,4.491206651497237e-8,1.3655829300723364e-7,-5.375560944475369e-10,-3.6219663980108343e-9,1.9019410170786097e-8,1.2965794395841744e-8,0.7936507842096733,-3.245386822686754e-16,0.156521444454345,4.501318969285437e-14,1.77446720967054e-13,-1.3245399033326816e-14
full_TAC,19,16,,43.292707301450044,15.759235736739589,3,3,LOCALLY_SOLVED,Solve_Succeeded,0.098020916,0.9271908283163433,1.068919451648487e7,43.29270765491137,9.845370417494129,503.57998835222276,1.1278456123176193e-16,1.0253141930160176e-16,9.674213801308322e-9,4.078029482882216e-9,0.9999999857710937,0.3608034892575774,1.404391212529267e-6,1.01027488349539e-6,1.8152844239802426e-8,0.002244630694775707,2.409549601401637e-7,3.56054906047316e-8,-3.4352062958711034e-9,-2.8321675776760015e-9,7.501507906307514e-9,2.619342046171994e-10,2.2875606899476072e-8,0.11020640843692375,3.809563077653927e-8,1.180457217998139e-8,5.747520110865842e-10,6.0916660861590775e-9,1.7380511457447163e-8,7.769884897657912e-9,6.496190302742776e-10,6.643522368130972e-9,1.7990932519493665e-8,7.982564351083887e-9,-6.109965982518232e-10,1.052400813688793e-9,1.2081499282629408e-8,2.8223011222485115e-9,3.2284891165834183e-7,0.07712018542724153,3.467142672807541e-8,-6.735726401321174e-9,-1.8111690197536719e-9,-1.342241518565922e-9,1.2582870006950606e-8,-5.190723752494912e-10,0.9999996076181319,-8.318052990746391e-9,-6.719543043248151e-9,-9.674213801308322e-9,5.663357903780548e-9,-7.440478398346376e-9,-5.060357513671574e-9,-9.358674894328112e-9,5.830459664640228e-9,-8.050913235544394e-9,-6.047359005324346e-9,-9.531143429551372e-9,3.1696024810458712e-9,-1.9195790280434525e-9,1.8323356836532495e-9,-4.390422316505162e-9,2.0169826933113798e-9,0.0034179603761357357,7.496376537693982e-7,5.289958604131551e-7,-3.8168958843012244e-10,-4.312618811461183e-9,2.3338024597401152e-8,3.8915938971698195e-9,2.541734099941785e-9,0.1678143037562248,1.1851974019367774e-7,1.7538221524543776e-7,6.386133456517601e-11,9.275946085742231e-9,5.407270231205783e-8,1.1543828990806038e-7,7.217989225269749e-11,1.0116272696926705e-8,5.5971790060646956e-8,1.1859809893038917e-7,-6.788851091686921e-11,1.6025194208442986e-9,3.7586886657069266e-8,4.193133095912074e-8,0.7936507851913421,-6.720297164497815e-17,0.15652144951190303,6.43137909043485e-14,2.3850914828289475e-13,1.6089916868981336e-14
full_TAC,19,17,,43.292707301450044,14.544288915803445,3,2,LOCALLY_SOLVED,Solve_Succeeded,0.096958042,0.9271907851711328,1.068919444167127e7,43.29270798198614,9.84536743168965,503.579987752138,1.5922526291542861e-16,1.5922526291542861e-16,9.878331707666819e-9,7.85162640681538e-9,1.000000001378488,0.3608036325109011,9.234861974623339e-7,8.619557226253304e-7,-7.826614048774926e-10,0.0022447459657393264,1.5748107503821324e-7,2.615509335233367e-8,-6.128704113165621e-9,-3.967207652818438e-9,4.0639862799715286e-9,1.642887060214738e-11,3.742893699337164e-11,0.11020635522359727,2.9159809601553905e-8,1.1523529386053176e-8,-4.0505665720270316e-9,7.994817808980794e-9,1.399202582651764e-8,9.100777387804309e-9,-4.03791520110833e-9,8.383202013799907e-9,1.443602141971085e-8,9.1914235443476e-9,-4.838004849249036e-9,-2.378604791716023e-9,6.113381843820723e-9,8.726976677168443e-10,2.206303463433711e-7,0.07712016943391448,1.0451300529290676e-8,-8.666414520945506e-9,-3.5429982203096458e-9,2.7668893098820897e-9,9.89742838278209e-9,-1.9313808547484938e-10,0.9999997940280385,-9.389823758273045e-9,-8.701184481011816e-9,-9.878331707666819e-9,5.539012697290931e-9,-8.723031313949354e-9,-7.552567925016606e-9,-9.738003284823129e-9,5.626032077254592e-9,-9.116454337024696e-9,-8.18707840894777e-9,-9.814976289603367e-9,1.098527085257135e-9,2.4123298892028645e-9,1.5657326583315438e-9,-1.389766798042751e-9,-8.696237831972135e-11,0.0034181359023757922,4.899411223411078e-7,3.8858995837752875e-7,-6.809671236850687e-10,-6.0409752895189836e-9,1.2643512871022532e-8,2.4408607751761815e-10,4.158770777041292e-12,0.1678142227268413,9.07194076492788e-8,1.7120672230707573e-7,-4.500629524474478e-10,1.2173927118220753e-8,4.353074701583266e-8,1.35211549761664e-7,-4.48657244567592e-10,1.276533033919531e-8,4.491206663910042e-8,1.365582926588786e-7,-5.375560943610038e-10,-3.621966387385762e-9,1.901941018077558e-8,1.2965793920364542e-8,0.7936507842096733,-3.245386827981901e-16,0.15652144445434504,4.501318949885165e-14,1.7744672043725677e-13,-1.3245399222796593e-14
full_TAC,19,18,,43.292707301450044,13.329342094867304,3,3,LOCALLY_SOLVED,Solve_Succeeded,0.089490834,0.9271907851711328,1.068919444167127e7,43.29270798198615,9.845367431689164,503.57998775213787,1.5922526291542861e-16,1.5922526291542861e-16,9.878331707405266e-9,7.851626488793635e-9,1.0000000013784882,0.3608036325109147,9.234861927982899e-7,8.619556931489404e-7,-7.826614155583802e-10,0.002244745965744639,1.5748107383863219e-7,2.615509161478908e-8,-6.128704110491067e-9,-3.9672076485922164e-9,4.063986284712172e-9,1.6428863961043908e-11,3.742892412049693e-11,0.11020635522359737,2.9159809571664882e-8,1.152352934943517e-8,-4.050566566999986e-9,7.994817838711298e-9,1.3992025866237395e-8,9.100777363312409e-9,-4.037915196140912e-9,8.383202043820996e-9,1.4436021460626054e-8,9.191423520378007e-9,-4.838004848528048e-9,-2.3786047845690883e-9,6.1133818471338796e-9,8.726976349788989e-10,2.2063034630770078e-7,0.07712016943391421,1.0451300553687354e-8,-8.666414497727513e-9,-3.542998207552848e-9,2.7668893288025455e-9,9.897428383388491e-9,-1.9313808957725946e-10,0.9999997940280384,-9.389823758174557e-9,-8.701184480659613e-9,-9.878331707405266e-9,5.539012762266335e-9,-8.723031313404033e-9,-7.552567922662533e-9,-9.738003283660483e-9,5.626032142401131e-9,-9.11645433672577e-9,-8.187078407589097e-9,-9.814976289014234e-9,1.0985271041723466e-9,2.41232988790715e-9,1.5657326550984422e-9,-1.3897667695122721e-9,-8.696237950648664e-11,0.0034181359023838817,4.899411186090778e-7,3.885899325625806e-7,-6.80967123387896e-10,-6.040975283083602e-9,1.2643512885771199e-8,2.440859788497952e-10,4.1587693467218805e-12,0.16781422272684143,9.071940755629074e-8,1.712067217630368e-7,-4.500629518888872e-10,1.2173927163492204e-8,4.353074713940522e-8,1.3521154939778434e-7,-4.4865724401565674e-10,1.2765330384909243e-8,4.491206676639217e-8,1.3655829230275895e-7,-5.375560942808941e-10,-3.6219663765029294e-9,1.901941019108318e-8,1.296579343397221e-8,0.7936507842096733,-3.245386872904423e-16,0.15652144445434504,4.501318930018567e-14,1.7744671991848406e-13,-1.3245399415665765e-14
full_TAC,19,19,,43.292707301450044,12.11439527393116,3,1,ALMOST_LOCALLY_SOLVED,Solved_To_Acceptable_Level,0.065794792,0.9274850283636558,1.0689703369372072e7,43.290494491976595,9.883733773632244,503.584100449373,1.1278456123176193e-16,5.152803418848772e-19,8.237686730171104e-9,0.0,0.9998914698280851,0.35921299894662756,0.0042651234785061306,0.002029192373014009,0.00017691368632516416,0.0014204457102971867,0.0008702653864721627,0.00011342524402471862,1.52193195308789e-8,3.495038536841673e-9,3.0108414623896914e-8,1.9065634556302544e-9,0.00022881194851723195,0.1104259389505963,0.00011794162385268185,1.3614029132381996e-5,1.519194526620516e-8,3.4870771171111725e-9,3.007244587027432e-8,1.9054603800580505e-9,1.530769180740164e-8,3.5311465798676203e-9,3.0213264645849234e-8,1.9171805079261004e-9,1.51821773371152e-8,3.483438938845842e-9,3.0060825461493316e-8,1.904493678706596e-9,0.0005899769608364412,0.07704770841870615,0.0001889330792335074,1.3420556739198326e-5,1.0347332354504004e-8,-4.863077966334187e-9,5.699891437509323e-9,-8.237686730171104e-9,0.998850577532664,7.349632840763666e-6,1.3043216675782587e-5,1.2037632290211559e-6,1.0328487207835673e-8,-4.832830124544319e-9,5.8156911201264406e-9,-8.220345820170187e-9,1.0408140663773684e-8,-4.848248455240511e-9,5.739958214508762e-9,-8.23240176918612e-9,1.03217616686139e-8,-4.810603895176053e-9,5.903145902012795e-9,-8.208079697138147e-9,1.9657076258351567e-5,0.0021629514224979886,0.0027074923134689506,0.0016851750540815337,1.6910355034309884e-9,5.321990499281638e-9,9.367062327434597e-8,2.8326085626506635e-8,2.542354983524798e-5,0.1681485888565898,0.00036692949643056576,0.00020226557568110394,1.6879939184672395e-9,5.309867428328377e-9,9.355872048529788e-8,2.8309697075148177e-8,1.7008546452668483e-9,5.376973201162058e-9,9.399682334264206e-8,2.848382468918777e-8,1.6869085930127993e-9,5.304327475060714e-9,9.352256810242364e-8,2.8295334655069424e-8,0.7936575243239256,1.2811453647131732e-12,0.15654050327269994,1.3189781112770277e-10,4.242941242095057e-10,2.0396194409821524e-10
full_TAC,19,20,,43.292707301450044,10.899448452995019,3,3,LOCALLY_SOLVED,Solve_Succeeded,0.053015041,0.9271907851711358,1.0689194441671276e7,43.29270798198613,9.845367431685146,503.579987752138,1.5922526291542861e-16,1.5922526291542861e-16,9.878331705091532e-9,7.851626324837127e-9,1.0000000013784882,0.36080363251102754,9.234861487603505e-7,8.619554513108398e-7,-7.826615083736134e-10,0.0022447459657775407,1.5748106220935993e-7,2.6155076297538252e-8,-6.1287041028077924e-9,-3.967207612331177e-9,4.063986286689124e-9,1.642881105985983e-11,3.7428807465617605e-11,0.11020635522360013,2.9159809290730066e-8,1.1523529025883557e-8,-4.050566522539213e-9,7.994818102849367e-9,1.3992026208562776e-8,9.100777147479646e-9,-4.0379151522066356e-9,8.383202310436102e-9,1.4436021813263814e-8,9.191423309139582e-9,-4.838004713864947e-9,-2.3785980092919645e-9,6.11338196444481e-9,8.726985463349795e-10,2.2063034596311433e-7,0.07712016943392613,1.0451300793273657e-8,-8.666414294040345e-9,-3.542998092058614e-9,2.7668894129953494e-9,9.89742845748219e-9,-1.9313810267093906e-10,0.9999997940280366,-9.389823757291275e-9,-8.70118447738766e-9,-9.878331705091532e-9,5.539013336254189e-9,-8.723031308752573e-9,-7.55256790181304e-9,-9.738003273422902e-9,5.626032717931036e-9,-9.116454334125293e-9,-8.187078395471635e-9,-9.814976283817922e-9,1.0985280262301184e-9,2.412322270454371e-9,1.5657338839483556e-9,-1.3897676380281361e-9,-8.696238981929035e-11,0.003418135902433982,4.899410824291197e-7,3.885897049919968e-7,-6.809671225341989e-10,-6.040975227867928e-9,1.2643512891921719e-8,2.44085192889346e-10,4.15875638506862e-12,0.16781422272684562,9.071940668227132e-8,1.7120671695598424e-7,-4.500629469488012e-10,1.2173927565702444e-8,4.3530748204417525e-8,1.3521154619112618e-7,-4.486572391340704e-10,1.2765330790891337e-8,4.4912067863487426e-8,1.3655828916435948e-7,-5.375560793183272e-10,-3.621956059603673e-9,1.9019410556050516e-8,1.2965806974119692e-8,0.7936507842096733,-3.245386861657788e-16,0.15652144445434552,4.501318751093721e-14,1.774467151480707e-13,-1.3245402939540105e-14
full_TAC,19,21,,43.292707301450044,9.684501632058875,3,2,LOCALLY_SOLVED,Solve_Succeeded,0.011113375,0.9930452233339805,1.0803714006098673e7,43.260125704166676,9.684501752022294,503.57999391076476,7.177199351112124e-17,5.126570965080088e-17,7.932193423546859e-9,4.93698228955714e-9,0.9999999809507929,0.35556718406642146,1.034558040409485e-6,2.5022722297566667e-9,3.562190694112109e-8,2.9406977269960464e-8,4.0856577051135505e-8,4.4383982730164555e-10,9.460388108325544e-9,4.133001525374758e-9,1.9610777755061006e-8,1.6650634458885267e-10,9.598636869450757e-8,0.09171796771729988,6.735111868599585e-8,6.67418593305709e-10,1.1293775424026966e-8,5.511491705689477e-9,2.1396495839694083e-8,2.0743391969693864e-10,1.1721877986068472e-8,5.832080892164475e-9,2.1817166854265864e-8,2.148375572296811e-10,1.019322907797866e-8,4.702297997462538e-9,2.0303190068229954e-8,1.8767215646145619e-10,7.174191184711609e-8,0.07936494404745935,1.4016630272693185e-7,6.494280257357127e-9,1.2833850953678711e-8,-1.2851293771360586e-9,1.3031146369952422e-8,-7.338567494516174e-9,0.9999996571606733,0.04482270399432426,6.482817461277357e-8,-3.314269328207122e-9,1.5517825115926968e-8,-2.221452310192575e-9,9.598132296597942e-9,-7.821378390546202e-9,1.616349101690945e-8,-2.462366136657558e-9,8.853244924210487e-9,-7.932193423546859e-9,1.3891322430540056e-8,-1.657540924942803e-9,1.148025376655836e-8,-7.519261139763449e-9,3.957989660124565e-9,4.477880629743979e-8,1.271093508257549e-7,6.594191719910161e-9,1.0511542342583933e-9,6.293434140911563e-9,6.10113085713009e-8,2.47380854817724e-9,1.0665152077167503e-8,0.1396614508422521,2.0953681368976486e-7,9.915933386256245e-9,1.2548639360029958e-9,8.392498733663521e-9,6.656687594571492e-8,3.0818753783545167e-9,1.3024308873409407e-9,8.88066863125045e-9,6.787563021327157e-8,3.191872278840976e-9,1.132581008664295e-9,7.1603174052270465e-9,6.316548021227096e-8,2.78827203885592e-9,0.793650800631761,1.6689263061659192e-14,0.16699532888307067,-1.7541000785749601e-12,-2.3012382850018118e-12,-2.027345888323914e-12
full_TAC,20,1,,38.958980366747596,33.98343805078173,3,3,LOCALLY_SOLVED,Solve_Succeeded,0.089645834,0.957842063917796,1.0742562315317454e7,38.95898110663956,10.060172068545281,503.57998773080516,5.3828995133340925e-17,5.126570965080088e-17,9.881238243959823e-9,8.536439622404166e-9,0.9999999976190133,0.34946995079548654,4.1502943535906155e-7,0.013773162400156953,-5.154004215220612e-9,-3.865279664396294e-9,5.802225071990053e-9,2.7318189864302773e-11,-6.043079746962922e-9,-4.469520190944449e-9,3.0242470708281105e-9,-1.0115416710551541e-10,6.034480115866225e-9,0.12191316378973185,2.9652729311030992e-8,1.1468451753281343e-8,-4.413172142867945e-9,6.5225613774293636e-9,1.2475161781311028e-8,8.647492850050652e-9,-4.396406734451156e-9,7.52779618832926e-9,1.3349657263261058e-8,8.85508756411375e-9,-6.212447289240986e-9,-4.907916756742418e-9,1.2636973436629026e-9,-2.568662642930463e-10,3.6946376510788264e-9,0.04191630436649185,1.5257248577922686e-7,0.01377273713177146,-1.6326361412794052e-9,3.202385118134462e-9,1.0436407419301663e-8,-2.0064989910741863e-10,0.9999999961768073,-9.390156343968465e-9,-8.726018048635782e-9,-9.881238243959823e-9,1.1951113715949904e-8,-7.885238350234934e-9,-6.656522018329224e-9,-9.609456937367514e-9,1.2213357251264028e-8,-8.924410870931761e-9,-7.94411994445752e-9,-9.785515713427079e-9,-2.356899789280435e-9,4.19213372278681e-9,5.7910288211651676e-9,5.914431749810849e-10,-5.726671350245123e-10,-5.8857667616943576e-9,1.805136689063572e-8,4.058702494124982e-10,-6.714533052181022e-10,-6.805860290756319e-9,9.408768664798566e-9,-1.5028619112819432e-9,6.704977906518025e-10,0.1856404994070917,9.225293563431862e-8,1.703884260487513e-7,-4.903524603186604e-10,9.932082097449258e-9,3.8811614430745417e-8,1.2847703662932395e-7,-4.884896371612394e-10,1.1462780559501372e-8,4.1532267041256626e-8,1.3156130095254715e-7,-6.902719210267759e-10,-7.473418697766863e-9,3.931502846951252e-9,-3.816298783782401e-9,0.7936507841990815,-6.951315470873722e-16,0.16117758494963572,2.7061028317600384e-14,1.4619719739495796e-13,-5.1800692871186264e-14
full_TAC,20,2,,38.958980366747596,32.76849122984559,3,3,LOCALLY_SOLVED,Solve_Succeeded,0.088390334,0.9578420639177971,1.0742562315317456e7,38.95898110663957,10.06017206854528,503.57998773080516,2.2556912246352386e-16,1.0253141930160176e-16,9.881238243952451e-9,8.53643970438242e-9,0.9999999976190133,0.3494699507954865,4.150294353318111e-7,0.01377316240015687,-5.154004212611813e-9,-3.865279664657089e-9,5.802225070697173e-9,2.73181895233239e-11,-6.043079745655865e-9,-4.469520191282613e-9,3.0242470695909473e-9,-1.0115416739171589e-10,6.0344801470677734e-9,0.12191316378973185,2.9652729310121242e-8,1.1468451752144082e-8,-4.413172141795738e-9,6.52256137696576e-9,1.2475161779982682e-8,8.647492848703433e-9,-4.396406733385833e-9,7.527796187942621e-9,1.334965726192085e-8,8.855087562833667e-9,-6.2124472883045015e-9,-4.90791675694446e-9,1.2636973430005607e-9,-2.56866264442318e-10,3.6946376708129793e-9,0.04191630436649189,1.5257248578077394e-7,0.013772737131771452,-1.6326361358599185e-9,3.2023851172339195e-9,1.043640741873524e-8,-2.0064989885652875e-10,0.9999999961768073,-9.39015634396624e-9,-8.726018048628357e-9,-9.881238243952451e-9,1.1951113729566339e-8,-7.885238350128876e-9,-6.6565220182497495e-9,-9.609456937273955e-9,1.2213357264997892e-8,-8.924410870911915e-9,-7.94411994443813e-9,-9.785515713400396e-9,-2.3568997858236462e-9,4.192133722391317e-9,5.791028820662895e-9,5.914431750279552e-10,-5.726671347346456e-10,-5.885766762091475e-9,1.8051366886613425e-8,4.0587024434652646e-10,-6.714533050728736e-10,-6.805860291271251e-9,9.408768660949613e-9,-1.5028619155340645e-9,6.704977941186411e-10,0.18564049940709165,9.225293563148829e-8,1.7038842603185488e-7,-4.903524601995263e-10,9.932082096743314e-9,3.881161442661278e-8,1.2847703660930814e-7,-4.884896370428701e-10,1.1462780558912626e-8,4.153226703708708e-8,1.3156130093352877e-7,-6.902719209227222e-10,-7.473418698074518e-9,3.931502844890633e-9,-3.816298786000153e-9,0.7936507841990815,-6.951315458292318e-16,0.1611775849496357,2.706102830657429e-14,1.4619719739560745e-13,-5.180069287788129e-14
full_TAC,20,3,,38.958980366747596,31.553544408909442,3,1,ALMOST_LOCALLY_SOLVED,Solved_To_Acceptable_Level,0.042090583,0.9653532761949347,1.075530755245855e7,38.95747242112367,14.465729508648534,503.5837930861799,3.1845052583085723e-16,3.1845052583085723e-16,8.236847086193481e-9,0.0,0.9999145301764911,0.15960986183588352,0.4319446351347483,0.2589717256100492,7.429794129737617e-5,4.4700928708740826e-5,0.00011773871064018146,1.5836463347449034e-5,1.5214384786925894e-8,3.4937860969940213e-9,3.0104039273565535e-8,1.906191430891404e-9,0.00018991186883788672,0.046860343494705047,0.10485389325959749,0.015438781344089467,1.518951926619127e-8,3.4867768182255186e-9,3.007114197583751e-8,1.90534340396292e-9,1.5305730150843662e-8,3.5310283301542615e-9,3.021254022666644e-8,1.9171116446997094e-9,1.5178374127037934e-8,3.4826146853860956e-9,3.005784834434352e-8,1.9042375346041816e-9,7.0656462506062e-5,0.04127397373088221,0.0003777996398912538,0.013904138398714657,1.0345236250838484e-8,-4.861591274989077e-9,5.7058021480093185e-9,-8.236847086193481e-9,0.999550198203044,7.23735736129991e-6,1.627461376476644e-5,1.416697242353162e-6,1.0328115472126866e-8,-4.83229949762515e-9,5.8175795663745816e-9,-8.220093913631583e-9,1.0408100181648457e-8,-4.847896429167183e-9,5.7410852820746154e-9,-8.232262393094157e-9,1.0320440498004406e-8,-4.809567937608473e-9,5.907194503092499e-9,-8.207507768561136e-9,8.255326810819571e-6,6.806732326103717e-5,0.0003662982108805645,0.00023528459830495706,1.6904871985473209e-9,5.320083374968168e-9,9.365701107331498e-8,2.8320558401815143e-8,2.1101318759765182e-5,0.0713555230487554,0.32621211236319214,0.2293761799693292,1.6877243629101405e-9,5.309410155025221e-9,9.355466392482779e-8,2.8307959144591943e-8,1.700636683427073e-9,5.376793139098535e-9,9.399456959407335e-8,2.8482801578395678e-8,1.6864860141153253e-9,5.303072361837918e-9,9.351330596017984e-8,2.829152908554784e-8,0.7936574005756288,1.2807841566255985e-12,0.16120634047990526,1.3188052216113659e-10,4.2426102749854346e-10,2.0390361219097184e-10
full_TAC,20,4,,38.958980366747596,30.3385975879733,3,3,LOCALLY_SOLVED,Solve_Succeeded,0.099753667,0.957842063917795,1.0742562315317452e7,38.95898110663957,10.060172068545274,503.579987730805,3.1845052583085723e-16,3.1845052583085723e-16,9.881238243935504e-9,8.53643970438242e-9,0.9999999976190134,0.3494699507954864,4.150294354069924e-7,0.013773162400156736,-5.1540042197824486e-9,-3.865279665298853e-9,5.802225067768364e-9,2.7318188722588377e-11,-6.0430797485237784e-9,-4.469520190406307e-9,3.024247072201766e-9,-1.0115416747932719e-10,6.034480067060494e-9,0.1219131637897317,2.965272930860058e-8,1.146845174952084e-8,-4.413172144513972e-9,6.522561381312182e-9,1.2475161787820764e-8,8.64749284787417e-9,-4.39640673610049e-9,7.527796192695953e-9,1.3349657270438799e-8,8.855087562158165e-9,-6.212447290837691e-9,-4.9079167566524065e-9,1.263697343827745e-9,-2.5686626455847133e-10,3.6946376356125544e-9,0.04191630436649204,1.5257248578798306e-7,0.013772737131771396,-1.6326361453932253e-9,3.2023851218703823e-9,1.0436407420572782e-8,-2.0064990002220106e-10,0.9999999961768073,-9.390156343960355e-9,-8.726018048615792e-9,-9.881238243935504e-9,1.1951113711330611e-8,-7.885238349646891e-9,-6.656522017375106e-9,-9.609456937051703e-9,1.2213357246612244e-8,-8.92441087081189e-9,-7.944119944145167e-9,-9.785515713337273e-9,-2.3568997933002663e-9,4.192133724014622e-9,5.791028822534185e-9,5.914431751684594e-10,-5.72667135531383e-10,-5.8857667630687066e-9,1.8051366877501578e-8,4.058702324498844e-10,-6.714533053915306e-10,-6.8058602899368755e-9,9.40876866907216e-9,-1.502861916835718e-9,6.704977852289436e-10,0.18564049940709146,9.225293562675736e-8,1.7038842599288102e-7,-4.903524605015522e-10,9.93208210336173e-9,3.8811614450997935e-8,1.2847703659698765e-7,-4.884896373444988e-10,1.1462780566150654e-8,4.1532267063587366e-8,1.315613009234927e-7,-6.902719212041875e-10,-7.473418697629801e-9,3.9315028474640954e-9,-3.816298787725859e-9,0.7936507841990815,-6.951315442280133e-16,0.16117758494963566,2.706102829628091e-14,1.46197197330596e-13,-5.180069291166567e-14
full_TAC,20,5,,38.958980366747596,29.12365076703716,3,3,LOCALLY_SOLVED,Solve_Succeeded,0.09542525,0.9578421113452432,1.0742562397718152e7,38.95898088382226,10.060173052391498,503.57998829341926,1.5922526291542861e-16,1.5922526291542861e-16,9.680995471050834e-9,5.96570421040694e-9,0.9999999859000701,0.34946991351821377,6.61636692683341e-7,0.013773187601980973,2.163557872939241e-9,2.334884644035961e-9,2.5131069223958275e-8,1.46849288786542e-9,-4.26963945626762e-9,-3.5199864825997687e-9,5.907956528177943e-9,7.863918783882799e-11,2.2217935031206788e-8,0.12191318542880077,3.8966864039036874e-8,1.1706863356491337e-8,-2.2734422969257803e-11,5.126026567572736e-9,1.6869671191908098e-8,7.306008315654491e-9,1.040583388253635e-10,6.221884366431426e-9,1.7993529638043844e-8,7.750168664444138e-9,-3.1420945372487073e-9,-2.5153441366755148e-9,6.66177745545781e-9,3.375002984667732e-10,1.560066022085725e-8,0.04191619971094908,2.0010064876895906e-7,0.013772762146042594,-2.4341008981519325e-9,-1.4600637100995053e-9,1.3544881059201004e-8,1.8593061448882908e-10,0.9999999388343782,-8.318969682291896e-9,-6.781250377484711e-9,-9.680995471050834e-9,7.4397686358451065e-9,-6.4862798725190864e-9,-3.857685220530974e-9,-9.094014755612729e-9,7.835853884526102e-9,-7.735258654816727e-9,-5.620944114143909e-9,-9.461858026402245e-9,-3.221375961368865e-10,7.290753142676694e-10,5.73525158583329e-9,-7.633626826290966e-10,2.403953192154711e-10,3.555392526145667e-9,7.818554869675908e-8,2.1817608619714806e-8,-4.744043840297354e-10,-5.359979416686011e-9,1.838030919877582e-8,1.1683536478911586e-9,2.4686594479118643e-9,0.18564053235749206,1.212302436770036e-7,1.739305412964427e-7,-2.5260469965841993e-12,7.805540455167573e-9,5.2483421485936296e-8,1.0854640926115242e-7,1.1562037647262606e-11,9.474233012520579e-9,5.597986998502529e-8,1.1514536301459861e-7,-3.491216152498562e-10,-3.830183117210443e-9,2.07255298614243e-8,5.014290148649201e-9,0.7936507851621459,-4.117915581017122e-16,0.16117759123634665,4.5488157181014984e-14,2.042915996240412e-13,-2.138939486662791e-14
full_TAC,20,6,,38.958980366747596,27.908703946101014,3,3,LOCALLY_SOLVED,Solve_Succeeded,0.08803725,0.957842063917795,1.0742562315317452e7,38.958981106639555,10.06017206854527,503.579987730805,1.1278456123176193e-16,5.126570965080088e-17,9.881238243912933e-9,8.536439540425912e-9,0.9999999976190133,0.3494699507954863,4.150294353204013e-7,0.013773162400156556,-5.15400421398707e-9,-3.865279666055384e-9,5.802225063613372e-9,2.7318187695207412e-11,-6.043079745313614e-9,-4.46952019119501e-9,3.0242470690237256e-9,-1.0115416826951118e-10,6.034480148472544e-9,0.12191316378973174,2.9652729304870065e-8,1.146845174604684e-8,-4.413172141678447e-9,6.522561380575749e-9,1.2475161784372136e-8,8.64749284405883e-9,-4.3964067332828965e-9,7.527796192217728e-9,1.334965726701081e-8,8.855087558546742e-9,-6.2124472885163665e-9,-4.907916757174869e-9,1.2636973419914556e-9,-2.568662649859973e-10,3.6946376659548864e-9,0.04191630436649195,1.5257248578486548e-7,0.013772737131771424,-1.6326361320275282e-9,3.202385120207987e-9,1.0436407419103722e-8,-2.006498995166074e-10,0.9999999961768073,-9.390156343954303e-9,-8.726018048585731e-9,-9.881238243912933e-9,1.1951113747215774e-8,-7.885238349301998e-9,-6.656522017020912e-9,-9.6094569367668e-9,1.2213357282834083e-8,-8.924410870744711e-9,-7.944119944040186e-9,-9.785515713255712e-9,-2.3568997847688694e-9,4.1921337231548525e-9,5.791028821343649e-9,5.914431753259568e-10,-5.72667134887452e-10,-5.885766764220698e-9,1.8051366864574935e-8,4.0587021718593865e-10,-6.714533050348457e-10,-6.8058602911378566e-9,9.408768659184922e-9,-1.5028619285755946e-9,6.704977942747267e-10,0.1856404994070915,9.225293561515131e-8,1.7038842594126736e-7,-4.903524601864939e-10,9.932082102240345e-9,3.8811614440268866e-8,1.2847703654030261e-7,-4.884896370314328e-10,1.1462780565422449e-8,4.153226705292251e-8,1.3156130086983732e-7,-6.902719209462626e-10,-7.473418698425367e-9,3.931502841751195e-9,-3.816298794077674e-9,0.7936507841990815,-6.951315500035567e-16,0.16117758494963566,2.70610282852059e-14,1.461971972794505e-13,-5.180069292672592e-14
full_TAC,20,7,,38.958980366747596,26.693757125164872,3,3,LOCALLY_SOLVED,Solve_Succeeded,0.091014458,0.957842063917796,1.0742562315317454e7,38.95898110663955,10.06017206854527,503.5799877308051,1.3534147347811433e-16,1.0253141930160176e-16,9.881238243899889e-9,8.536439458447658e-9,0.9999999976190133,0.3494699507954864,4.1502943537806404e-7,0.01377316240015651,-5.154004218896774e-9,-3.865279666559112e-9,5.8022250614051094e-9,2.7318187075034277e-11,-6.0430797472938394e-9,-4.4695201905907764e-9,3.024247070849521e-9,-1.0115416836121705e-10,6.034480091273634e-9,0.1219131637897318,2.9652729303919968e-8,1.1468451744025913e-8,-4.413172143629209e-9,6.522561383722212e-9,1.2475161790184097e-8,8.64749284333166e-9,-4.3964067352317795e-9,7.527796195670496e-9,1.3349657273327709e-8,8.855087557938321e-9,-6.212447290304718e-9,-4.907916756978056e-9,1.263697342566623e-9,-2.5686626508395203e-10,3.694637646541762e-9,0.04191630436649191,1.5257248579224295e-7,0.013772737131771446,-1.6326361384504188e-9,3.202385123473671e-9,1.0436407420439071e-8,-2.0064990034068676e-10,0.9999999961768073,-9.390156343949598e-9,-8.726018048577769e-9,-9.881238243899889e-9,1.195111373489465e-8,-7.8852383489374e-9,-6.656522016378696e-9,-9.609456936595412e-9,1.2213357270405836e-8,-8.924410870669611e-9,-7.944119943827204e-9,-9.785515713207105e-9,-2.3568997899316725e-9,4.192133724303762e-9,5.791028822681009e-9,5.914431754305759e-10,-5.726671354329747e-10,-5.885766764987738e-9,1.8051366857704786e-8,4.058702079719378e-10,-6.714533052548707e-10,-6.805860290217773e-9,9.408768664865175e-9,-1.5028619299380818e-9,6.704977879192924e-10,0.18564049940709157,9.225293561219545e-8,1.703884259112421e-7,-4.903524604032452e-10,9.932082107031549e-9,3.881161445835052e-8,1.2847703652949895e-7,-4.884896372479753e-10,1.1462780570680073e-8,4.153226707257509e-8,1.315613008607979e-7,-6.902719211449683e-10,-7.473418698125676e-9,3.931502843540604e-9,-3.816298795533001e-9,0.7936507841990815,-6.951315489891941e-16,0.1611775849496357,2.7061028274442385e-14,1.4619719724183963e-13,-5.1800692950711294e-14
full_TAC,20,8,,38.958980366747596,25.47881030422873,3,3,LOCALLY_SOLVED,Solve_Succeeded,0.10111425,0.957842063917795,1.0742562315317452e7,38.958981106639555,10.060172068545269,503.57998773080493,3.1845052583085723e-16,3.1845052583085723e-16,9.881238243884276e-9,8.536439540425912e-9,0.9999999976190134,0.3494699507954866,4.150294354274001e-7,0.01377316240015641,-5.154004225585122e-9,-3.865279667111539e-9,5.80222505854564e-9,2.7318186352768426e-11,-6.0430797498248186e-9,-4.469520189794286e-9,3.0242470730521217e-9,-1.0115416844533108e-10,6.03448002547876e-9,0.12191316378973181,2.9652729301695673e-8,1.1468451741616958e-8,-4.413172145835622e-9,6.5225613875869306e-9,1.2475161796523263e-8,8.647492842528076e-9,-4.396406737434841e-9,7.527796199899063e-9,1.3349657280249325e-8,8.855087557275132e-9,-6.2124472924817e-9,-4.907916756727924e-9,1.2636973431848286e-9,-2.568662651960923e-10,3.694637600362653e-9,0.04191630436649199,1.5257248579216195e-7,0.013772737131771422,-1.6326361470270776e-9,3.202385127769609e-9,1.0436407421924896e-8,-2.0064990140155647e-10,0.9999999961768073,-9.390156343944883e-9,-8.726018048559799e-9,-9.881238243884276e-9,1.195111371972418e-8,-7.885238348507392e-9,-6.656522015572067e-9,-9.609456936392819e-9,1.2213357255131933e-8,-8.924410870579225e-9,-7.944119943552375e-9,-9.785515713149292e-9,-2.356899796506876e-9,4.192133725759093e-9,5.7910288242995055e-9,5.91443175566993e-10,-5.726671361761244e-10,-5.885766765828934e-9,1.8051366848808657e-8,4.0587019724113085e-10,-6.714533055360907e-10,-6.805860289004935e-9,9.408768671717713e-9,-1.502861931187776e-9,6.704977806087509e-10,0.18564049940709162,9.225293560527543e-8,1.7038842587545192e-7,-4.903524606484022e-10,9.93208211291646e-9,3.881161447807237e-8,1.2847703651755997e-7,-4.884896374927599e-10,1.1462780577119029e-8,4.1532267094109e-8,1.315613008509448e-7,-6.902719213868554e-10,-7.473418697744793e-9,3.931502845463911e-9,-3.816298797199085e-9,0.7936507841990815,-6.951315472381736e-16,0.1611775849496357,2.7061028241430146e-14,1.4619719717174836e-13,-5.180069298309428e-14
full_TAC,20,9,,38.958980366747596,24.26386348329259,3,3,LOCALLY_SOLVED,Solve_Succeeded,0.098323084,0.957842063917796,1.0742562315317454e7,38.95898110663956,10.060172068545267,503.57998773080493,1.5922526291542861e-16,1.5922526291542861e-16,9.881238243865992e-9,8.536439622404166e-9,0.9999999976190134,0.34946995079548654,4.1502943537897513e-7,0.013773162400156238,-5.154004221298135e-9,-3.865279667758592e-9,5.8022250553164364e-9,2.731818550691693e-11,-6.043079747530745e-9,-4.4695201903641314e-9,3.0242470708440507e-9,-1.0115416906190665e-10,6.034480079288842e-9,0.1219131637897318,2.965272929938602e-8,1.14684517387959e-8,-4.413172143976483e-9,6.522561387303469e-9,1.2475161794864713e-8,8.647492839552713e-9,-4.396406735589571e-9,7.527796199842403e-9,1.3349657278669989e-8,8.855087554465996e-9,-6.212447290902622e-9,-4.9079167571078885e-9,1.2636973419031668e-9,-2.5686626552989833e-10,3.694637633575985e-9,0.04191630436649199,1.5257248579541705e-7,0.013772737131771415,-1.6326361371697437e-9,3.2023851266469475e-9,1.0436407421019861e-8,-2.0064990106617325e-10,0.9999999961768073,-9.390156343939361e-9,-8.726018048540982e-9,-9.881238243865992e-9,1.1951113745631662e-8,-7.885238348207559e-9,-6.656522015260769e-9,-9.609456936159944e-9,1.2213357281267833e-8,-8.924410870521347e-9,-7.944119943462477e-9,-9.785515713082869e-9,-2.35689979041698e-9,4.1921337251880525e-9,5.791028823533284e-9,5.914431756899228e-10,-5.726671356997925e-10,-5.885766766814219e-9,1.8051366838762244e-8,4.0587018467419435e-10,-6.714533052811936e-10,-6.805860289872654e-9,9.408768664848157e-9,-1.5028619403483273e-9,6.704977865876489e-10,0.18564049940709157,9.225293559808983e-8,1.7038842583353906e-7,-4.903524604418313e-10,9.932082112484828e-9,3.881161447291244e-8,1.2847703647335456e-7,-4.884896372877299e-10,1.146278057703275e-8,4.1532267089195514e-8,1.3156130080920906e-7,-6.902719212114022e-10,-7.473418698323374e-9,3.931502841476519e-9,-3.816298802158489e-9,0.7936507841990815,-6.95131547480589e-16,0.1611775849496357,2.7061028228627918e-14,1.4619719716120936e-13,-5.180069299543341e-14
full_TAC,20,10,,38.958980366747596,23.048916662356444,3,3,LOCALLY_SOLVED,Solve_Succeeded,0.088504583,0.957842063917795,1.0742562315317452e7,38.95898110663956,10.06017206854526,503.579987730805,1.5922526291542861e-16,1.5922526291542861e-16,9.881238243844287e-9,8.536439622404166e-9,0.9999999976190134,0.3494699507954865,4.150294353608394e-7,0.013773162400156046,-5.154004220700483e-9,-3.8652796685265205e-9,5.802225051439497e-9,2.7318184502866095e-11,-6.043079746756126e-9,-4.469520190483703e-9,3.024247069997139e-9,-1.0115416960182953e-10,6.0344800946683805e-9,0.12191316378973174,2.965272929653481e-8,1.1468451735447074e-8,-4.413172143416103e-9,6.522561388749384e-9,1.2475161796261778e-8,8.647492836774655e-9,-4.396406735039044e-9,7.527796201631376e-9,1.3349657280384486e-8,8.85508755188459e-9,-6.212447290558116e-9,-4.90791675730953e-9,1.2636973411250885e-9,-2.5686626585110415e-10,3.6946376406533997e-9,0.04191630436649208,1.525724857980273e-7,0.013772737131771389,-1.632636132843801e-9,3.2023851275947583e-9,1.0436407420925804e-8,-2.006499012527637e-10,0.9999999961768073,-9.390156343932805e-9,-8.726018048517818e-9,-9.881238243844287e-9,1.1951113760200384e-8,-7.885238347776178e-9,-6.656522014656566e-9,-9.60945693588189e-9,1.2213357295978042e-8,-8.924410870434872e-9,-7.944119943269808e-9,-9.785515713003547e-9,-2.356899788298278e-9,4.192133725353416e-9,5.79102882361003e-9,5.914431758494695e-10,-5.726671356333868e-10,-5.885766767983565e-9,1.8051366826700657e-8,4.058701697568677e-10,-6.714533051951248e-10,-6.805860290054729e-9,9.40876866221332e-9,-1.5028619483700385e-9,6.704977882964863e-10,0.1856404994070915,9.225293558921941e-8,1.7038842578378509e-7,-4.903524603795668e-10,9.932082114686561e-9,3.881161447725887e-8,1.2847703643208055e-7,-4.884896372265602e-10,1.1462780579756868e-8,4.1532267094529506e-8,1.3156130077085676e-7,-6.902719211731237e-10,-7.47341869863042e-9,3.931502839055831e-9,-3.816298806930689e-9,0.7936507841990815,-6.951315473714427e-16,0.16117758494963566,2.7061028206305603e-14,1.4619719710794204e-13,-5.18006930171398e-14
full_TAC,20,11,,38.958980366747596,21.833969841420302,3,3,LOCALLY_SOLVED,Solve_Succeeded,0.088246417,0.957842063917796,1.0742562315317454e7,38.95898110663955,10.060172068545262,503.57998773080504,3.1845052583085723e-16,3.1845052583085723e-16,9.881238243818104e-9,8.536439458447658e-9,0.9999999976190134,0.34946995079548676,4.150294354141885e-7,0.013773162400155957,-5.154004228562119e-9,-3.8652796694530025e-9,5.802225046677115e-9,2.7318183291579014e-11,-6.043079749545133e-9,-4.4695201895639045e-9,3.0242470723657276e-9,-1.0115416988631253e-10,6.034480020552971e-9,0.12191316378973188,2.9652729292886322e-8,1.1468451731407124e-8,-4.413172145886407e-9,6.5225613938993865e-9,1.247516180437874e-8,8.647492834863834e-9,-4.396406737508666e-9,7.527796207336385e-9,1.3349657289311345e-8,8.855087550209723e-9,-6.212447293066144e-9,-4.907916757076314e-9,1.2636973416066532e-9,-2.568662660952231e-10,3.694637587374072e-9,0.041916304366491935,1.5257248579882754e-7,0.013772737131771452,-1.6326361417180951e-9,3.202385133095794e-9,1.0436407422685365e-8,-2.0064990259513e-10,0.9999999961768073,-9.390156343924897e-9,-8.726018048488299e-9,-9.881238243818104e-9,1.1951113746848706e-8,-7.88523834711144e-9,-6.656522013479136e-9,-9.609456935543342e-9,1.2213357282549687e-8,-8.924410870296573e-9,-7.944119942873117e-9,-9.785515712906944e-9,-2.356899795507781e-9,4.192133727164204e-9,5.791028825587506e-9,5.91443176068052e-10,-5.72667136506902e-10,-5.885766769394345e-9,1.8051366811884354e-8,4.0587015176060245e-10,-6.714533055050145e-10,-6.805860288654127e-9,9.408768669582262e-9,-1.5028619525966431e-9,6.70497780061441e-10,0.18564049940709174,9.225293557786855e-8,1.7038842572376296e-7,-4.903524606540451e-10,9.932082122528609e-9,3.8811614502511626e-8,1.2847703640369124e-7,-4.884896375009628e-10,1.146278058844404e-8,4.153226712230196e-8,1.3156130074597302e-7,-6.902719214517937e-10,-7.473418698275297e-9,3.931502840554032e-9,-3.816298810557599e-9,0.7936507841990815,-6.951315521684417e-16,0.16117758494963572,2.706102817078982e-14,1.4619719703423226e-13,-5.1800693065302574e-14
full_TAC,20,12,,38.958980366747596,20.61902302048416,3,3,LOCALLY_SOLVED,Solve_Succeeded,0.088764167,0.9578421113452432,1.0742562397718152e7,38.958980883822264,10.060173052391432,503.5799882934195,1.1278456123176193e-16,1.258008647179876e-22,9.680995470078288e-9,5.965704292385194e-9,0.9999999859000702,0.3494699135182154,6.616366921843031e-7,0.013773187601977252,2.1635578299003177e-9,2.33488460204244e-9,2.513106902839569e-8,1.4684928293836737e-9,-4.2696394556430125e-9,-3.51998648096494e-9,5.9079565250056005e-9,7.863918242219878e-11,2.221793496313477e-8,0.12191318542880092,3.8966863993119e-8,1.1706863297701225e-8,-2.27344081077808e-11,5.126026600300492e-9,1.6869671236084268e-8,7.306008272994111e-9,1.0405835404375353e-10,6.221884406730839e-9,1.7993529690241737e-8,7.750168627349318e-9,-3.1420945443610197e-9,-2.5153441426225215e-9,6.6617774374889906e-9,3.3750028638798467e-10,1.560066010871254e-8,0.041916199710950265,2.001006488997134e-7,0.013772762146042254,-2.434100889911231e-9,-1.4600636935950032e-9,1.3544881073638796e-8,1.8593061099845658e-10,0.9999999388343785,-8.318969681972327e-9,-6.781250376720358e-9,-9.680995470078288e-9,7.439768719783918e-9,-6.486279861412148e-9,-3.857685203314325e-9,-9.094014746519031e-9,7.835853972260986e-9,-7.735258650821002e-9,-5.620944106254441e-9,-9.46185802332424e-9,-3.221375986952659e-10,7.290753247063207e-10,5.735251599194909e-9,-7.633626706580629e-10,2.403953144333685e-10,3.555392462200988e-9,7.818554808834215e-8,2.1817607750843152e-8,-4.744043839603345e-10,-5.359979414196613e-9,1.8380309188906306e-8,1.1683535674155246e-9,2.4686594403483068e-9,0.18564053235749228,1.2123024353414797e-7,1.739305404229896e-7,-2.526045345308977e-12,7.805540505003021e-9,5.248342162337327e-8,1.0854640862734106e-7,1.1562039338194833e-11,9.474233073885596e-9,5.5979870147418726e-8,1.1514536246347558e-7,-3.491216160401131e-10,-3.830183126266112e-9,2.0725529805521304e-8,5.014289969192915e-9,0.7936507851621459,-4.1179156299472573e-16,0.16117759123634665,4.548815677908337e-14,2.0429159860196338e-13,-2.1389395310817362e-14
full_TAC,20,13,,38.958980366747596,19.404076199548015,3,3,LOCALLY_SOLVED,Solve_Succeeded,0.091695416,0.957842063917795,1.0742562315317452e7,38.958981106639555,10.06017206854525,503.57998773080493,1.794299837778031e-17,5.126570965080088e-17,9.881238243745308e-9,8.536439540425912e-9,0.9999999976190134,0.34946995079548687,4.1502943535909813e-7,0.013773162400155326,-5.154004227211599e-9,-3.865279672028965e-9,5.8022250336660336e-9,2.7318179923973047e-11,-6.043079747230633e-9,-4.469520189883965e-9,3.0242470697833446e-9,-1.0115417166924852e-10,6.034480065079774e-9,0.12191316378973183,2.9652729283307865e-8,1.1468451720175424e-8,-4.4131721442465335e-9,6.522561399007983e-9,1.2475161809553975e-8,8.647492825656078e-9,-4.39640673590092e-9,7.52779621360642e-9,1.3349657295583784e-8,8.85508754166143e-9,-6.212447292133389e-9,-4.90791675771642e-9,1.2636973391049838e-9,-2.5686626716162914e-10,3.694637606401231e-9,0.04191630436649214,1.5257248580741823e-7,0.013772737131771377,-1.6326361282819878e-9,3.20238513660645e-9,1.0436407422512437e-8,-2.0064990330599122e-10,0.9999999961768073,-9.39015634390291e-9,-8.726018048410493e-9,-9.881238243745308e-9,1.1951113793356877e-8,-7.885238345653495e-9,-6.656522011418425e-9,-9.60945693461051e-9,1.221335732951382e-8,-8.924410870003933e-9,-7.944119942214393e-9,-9.785515712640832e-9,-2.3568997891455535e-9,4.192133727841537e-9,5.7910288259886165e-9,5.914431766052208e-10,-5.726671363568442e-10,-5.885766773316833e-9,1.8051366771405433e-8,4.058701017275995e-10,-6.714533052478477e-10,-6.805860289141491e-9,9.408768661548182e-9,-1.5028619790859777e-9,6.704977850088637e-10,0.18564049940709162,9.225293554806891e-8,1.7038842555689199e-7,-4.903524604718369e-10,9.93208213030761e-9,3.8811614518612366e-8,1.2847703626689028e-7,-4.884896373223242e-10,1.1462780597991592e-8,4.153226714181621e-8,1.3156130061896978e-7,-6.902719213481541e-10,-7.473418699250002e-9,3.93150283277106e-9,-3.816298826401347e-9,0.7936507841990815,-6.951315533167929e-16,0.1611775849496357,2.706102811191913e-14,1.4619719686502463e-13,-5.180069314704516e-14
full_TAC,20,14,,38.958980366747596,18.189129378611874,3,2,LOCALLY_SOLVED,Solve_Succeeded,0.096118459,0.957842063917796,1.0742562315317454e7,38.95898110663957,10.060172068545246,503.57998773080516,1.5922526291542861e-16,1.5922526291542861e-16,9.881238243692147e-9,8.53643970438242e-9,0.9999999976190134,0.3494699507954873,4.150294353207627e-7,0.013773162400154935,-5.1540042289972795e-9,-3.865279673868072e-9,5.802225023962735e-9,2.7318177481396027e-11,-6.043079746583338e-9,-4.469520189796909e-9,3.024247068739099e-9,-1.0115417286038462e-10,6.0344800772209444e-9,0.121913163789732,2.9652729275354153e-8,1.1468451711981505e-8,-4.41317214370917e-9,6.522561403651851e-9,1.2475161814386712e-8,8.64749281933908e-9,-4.396406735383024e-9,7.527796219130582e-9,1.334965730130358e-8,8.855087535824258e-9,-6.212447292195903e-9,-4.907916758055476e-9,1.2636973375658732e-9,-2.5686626790116205e-10,3.6946375860493943e-9,0.04191630436649215,1.525724858056605e-7,0.013772737131771379,-1.6326361226503034e-9,3.2023851405571467e-9,1.0436407422746884e-8,-2.0064990415982142e-10,0.9999999961768073,-9.390156343887618e-9,-8.72601804834624e-9,-9.881238243692147e-9,1.1951113819422714e-8,-7.885238344558913e-9,-6.656522009772419e-9,-9.609456933930655e-9,1.221335735587302e-8,-8.92441086978152e-9,-7.944119941676648e-9,-9.785515712446579e-9,-2.356899787212218e-9,4.192133728796221e-9,5.791028826756219e-9,5.914431770132304e-10,-5.72667136555253e-10,-5.88576677611729e-9,1.8051366741217398e-8,4.058700654378837e-10,-6.714533051759261e-10,-6.805860289008929e-9,9.408768658299417e-9,-1.5028619967828571e-9,6.704977863578824e-10,0.1856404994070919,9.225293552332401e-8,1.703884254351538e-7,-4.903524604121298e-10,9.932082137378954e-9,3.8811614533647545e-8,1.2847703617303773e-7,-4.884896372647802e-10,1.1462780606403385e-8,4.153226715961113e-8,1.315613005322461e-7,-6.902719213551001e-10,-7.473418699766293e-9,3.9315028279827165e-9,-3.816298837388693e-9,0.7936507841990815,-6.951315534717243e-16,0.1611775849496357,2.7061028061353052e-14,1.461971967266351e-13,-5.180069320678679e-14
full_TAC,20,15,,38.958980366747596,16.974182557675732,3,3,LOCALLY_SOLVED,Solve_Succeeded,0.091447625,0.957842063917796,1.0742562315317454e7,38.95898110663954,10.060172068545235,503.5799877308051,1.5922526291542861e-16,1.5922526291542861e-16,9.881238243621346e-9,8.536439376469404e-9,0.9999999976190134,0.34946995079548737,4.1502943535610546e-7,0.013773162400154436,-5.15400423527577e-9,-3.8652796764155075e-9,5.802225011407319e-9,2.7318174189317633e-11,-6.043079747785686e-9,-4.46952018914405e-9,3.0242470694798797e-9,-1.0115417426236552e-10,6.034480028998805e-9,0.12191316378973201,2.9652729266744635e-8,1.146845170104909e-8,-4.4131721452534456e-9,6.52256141182008e-9,1.2475161826133494e-8,8.64749281171591e-9,-4.3964067369473355e-9,7.52779622856671e-9,1.3349657314547247e-8,8.855087528842701e-9,-6.2124472940754785e-9,-4.907916758231026e-9,1.2636973365600373e-9,-2.5686626880445047e-10,3.694637564154638e-9,0.04191630436649218,1.5257248581918408e-7,0.013772737131771374,-1.6326361224203368e-9,3.2023851478468917e-9,1.0436407424479872e-8,-2.0064990586571375e-10,0.9999999961768073,-9.39015634386547e-9,-8.726018048276094e-9,-9.881238243621346e-9,1.1951113835208061e-8,-7.885238342996556e-9,-6.656522007367674e-9,-9.609456933018258e-9,1.2213357371842628e-8,-8.924410869464578e-9,-7.944119940894316e-9,-9.785515712186574e-9,-2.3568997901038224e-9,4.192133730940699e-9,5.791028828947725e-9,5.91443177551455e-10,-5.72667137252863e-10,-5.88576677999634e-9,1.80513667021561e-8,4.058700165270048e-10,-6.714533053095204e-10,-6.805860288014802e-9,9.408768660604072e-9,-1.5028620176122876e-9,6.704977809998671e-10,0.18564049940709187,9.225293549653887e-8,1.7038842527272932e-7,-4.90352460583716e-10,9.93208214981694e-9,3.881161457019309e-8,1.284770360597792e-7,-4.884896374385926e-10,1.1462780620772033e-8,4.153226720081366e-8,1.3156130042852013e-7,-6.902719215639418e-10,-7.473418700033606e-9,3.931502824853449e-9,-3.816298850808978e-9,0.7936507841990815,-6.95131550270695e-16,0.16117758494963572,2.7061027974202426e-14,1.4619719654097612e-13,-5.1800693307119655e-14
full_TAC,20,16,,38.958980366747596,15.759235736739589,3,3,LOCALLY_SOLVED,Solve_Succeeded,0.089074833,0.957842063917796,1.0742562315317454e7,38.95898110663955,10.060172068545224,503.57998773080516,1.5922526291542861e-16,1.5922526291542861e-16,9.881238243519281e-9,8.536439458447658e-9,0.9999999976190134,0.3494699507954878,4.150294353175229e-7,0.01377316240015367,-5.1540042403466235e-9,-3.865279679985022e-9,5.80222499292223e-9,2.7318169484433135e-11,-6.043079747402454e-9,-4.469520188752274e-9,3.0242470683575148e-9,-1.0115417647200302e-10,6.034480025783585e-9,0.12191316378973209,2.9652729252254092e-8,1.1468451685309741e-8,-4.413172145151348e-9,6.5225614215596e-9,1.2475161837584804e-8,8.647492799916878e-9,-4.396406736880139e-9,7.527796240035701e-9,1.334965732783126e-8,8.855087517965892e-9,-6.2124472949395e-9,-4.907916758767317e-9,1.2636973340341582e-9,-2.568662701903459e-10,3.694637526387762e-9,0.04191630436649228,1.5257248582205591e-7,0.013772737131771346,-1.632636114646976e-9,3.202385156283766e-9,1.0436407425515674e-8,-2.0064990774290205e-10,0.9999999961768073,-9.390156343835406e-9,-8.726018048158803e-9,-9.881238243519281e-9,1.1951113877410206e-8,-7.885238340852079e-9,-6.656522004118229e-9,-9.609456931710217e-9,1.2213357414523488e-8,-8.924410869028981e-9,-7.944119939833812e-9,-9.785515711813104e-9,-2.3568997886666255e-9,4.192133733137506e-9,5.791028830905479e-9,5.914431783330577e-10,-5.726671378162913e-10,-5.885766785431738e-9,1.8051366644646936e-8,4.058699466258637e-10,-6.71453305266939e-10,-6.805860287418235e-9,9.408768657112268e-9,-1.5028620504411877e-9,6.704977806426204e-10,0.185640499407092,9.225293545145717e-8,1.7038842503888756e-7,-4.903524605723719e-10,9.93208216464757e-9,3.881161460581939e-8,1.2847703588447928e-7,-4.884896374311264e-10,1.1462780638236183e-8,4.153226724214169e-8,1.315613002669218e-7,-6.902719216599442e-10,-7.473418700850232e-9,3.931502816995158e-9,-3.816298871399425e-9,0.7936507841990815,-6.951315506846512e-16,0.16117758494963572,2.7061027889252015e-14,1.461971962805581e-13,-5.1800693431667577e-14
full_TAC,20,17,,38.958980366747596,14.544288915803445,3,3,LOCALLY_SOLVED,Solve_Succeeded,0.085373334,0.957842063917796,1.0742562315317454e7,38.95898110663954,10.060172068545203,503.57998773080527,1.5922526291542861e-16,1.5922526291542861e-16,9.881238243362592e-9,8.536439376469404e-9,0.9999999976190135,0.34946995079548826,4.150294352927277e-7,0.013773162400152509,-5.154004248140411e-9,-3.86527968552951e-9,5.802224964811159e-9,2.7318162235848022e-11,-6.043079747062975e-9,-4.46952018811459e-9,3.024247067025132e-9,-1.01154179852276e-10,6.034480006081575e-9,0.1219131637897322,2.9652729231376503e-8,1.1468451661134005e-8,-4.413172145544455e-9,6.522561436802028e-9,1.2475161856743347e-8,8.647492781893739e-9,-4.3964067373266996e-9,7.527796257953987e-9,1.3349657349883787e-8,8.855087501360615e-9,-6.212447296576954e-9,-4.907916759550977e-9,1.2636973304203182e-9,-2.568662723069576e-10,3.6946374902679955e-9,0.041916304366492414,1.5257248583761297e-7,0.013772737131771316,-1.6326361032961274e-9,3.2023851692743247e-9,1.0436407427472318e-8,-2.006499106656394e-10,0.9999999961768073,-9.390156343788081e-9,-8.726018047989364e-9,-9.881238243362592e-9,1.1951113938956263e-8,-7.885238337534064e-9,-6.656521999123478e-9,-9.609456929698476e-9,1.2213357476742379e-8,-8.924410868356738e-9,-7.944119938211155e-9,-9.785515711239176e-9,-2.3568997871478193e-9,4.192133736604398e-9,5.7910288341188424e-9,5.914431795217934e-10,-5.726671386822677e-10,-5.885766793874481e-9,1.805136655719027e-8,4.0586983893259913e-10,-6.714533052292191e-10,-6.805860286447215e-9,9.408768652967077e-9,-1.5028621006623863e-9,6.704977784535081e-10,0.1856404994070922,9.225293538650467e-8,1.703884246797052e-7,-4.903524606160504e-10,9.932082187857631e-9,3.8811614665423736e-8,1.2847703561670697e-7,-4.884896374807442e-10,1.1462780665520843e-8,4.153226731074956e-8,1.3156130002021484e-7,-6.902719218418834e-10,-7.473418702043533e-9,3.931502805752101e-9,-3.816298902846227e-9,0.7936507841990815,-6.951315500246379e-16,0.16117758494963572,2.7061027709651724e-14,1.461971958752031e-13,-5.1800693627558e-14
full_TAC,20,18,,38.958980366747596,13.329342094867304,3,3,LOCALLY_SOLVED,Solve_Succeeded,0.082720666,0.957842063917795,1.0742562315317452e7,38.95898110663956,10.060172068545164,503.5799877308051,1.5922526291542861e-16,1.5922526291542861e-16,9.881238243089884e-9,8.536439622404166e-9,0.9999999976190135,0.34946995079548876,4.150294353217242e-7,0.013773162400150356,-5.1540042673810175e-9,-3.865279695221493e-9,5.802224916003357e-9,2.7318149603346418e-11,-6.043079749094664e-9,-4.469520186277786e-9,3.02424706720404e-9,-1.0115418548527989e-10,6.034479900956397e-9,0.12191316378973206,2.965272919579338e-8,1.1468451619049095e-8,-4.413172148665552e-9,6.522561465769875e-9,1.247516189536544e-8,8.647492751536245e-9,-4.396406740532429e-9,7.527796291685802e-9,1.3349657393877099e-8,8.85508747347133e-9,-6.2124473015610105e-9,-4.907916760574256e-9,1.2636973252408624e-9,-2.56866275888907e-10,3.694637400808773e-9,0.04191630436649307,1.525724858703778e-7,0.013772737131771103,-1.632636093237345e-9,3.2023851947847258e-9,1.0436407432376133e-8,-2.0064991651867058e-10,0.9999999961768073,-9.39015634370495e-9,-8.726018047700345e-9,-9.881238243089884e-9,1.1951114023528787e-8,-7.885238331647076e-9,-6.656521990130023e-9,-9.609456926192726e-9,1.221335756228209e-8,-8.924410867161993e-9,-7.944119935282018e-9,-9.785515710239308e-9,-2.3568997914039725e-9,4.192133743764341e-9,5.791028841092161e-9,5.914431816006728e-10,-5.726671408201128e-10,-5.885766808632726e-9,1.8051366405343774e-8,4.058696512497181e-10,-6.714533054549623e-10,-6.805860283650265e-9,9.408768653523677e-9,-1.5028621843527295e-9,6.704977667729329e-10,0.185640499407092,9.225293527580162e-8,1.7038842405444368e-7,-4.903524609628389e-10,9.932082231967762e-9,3.881161478558136e-8,1.2847703516568135e-7,-4.884896378369364e-10,1.1462780716885196e-8,4.153226744761764e-8,1.3156129960585977e-7,-6.902719223956676e-10,-7.473418703601708e-9,3.931502789638238e-9,-3.816298956063761e-9,0.7936507841990815,-6.951315520434701e-16,0.16117758494963566,2.706102742762113e-14,1.46197195162674e-13,-5.180069398074457e-14
full_TAC,20,19,,38.958980366747596,12.11439527393116,3,3,LOCALLY_SOLVED,Solve_Succeeded,0.065572333,0.9578421113452442,1.0742562397718154e7,38.95898088382226,10.06017305239071,503.57998829341926,2.2556912246352386e-16,1.5922526291542861e-16,9.680995461062662e-9,5.96570421040694e-9,0.9999999859000778,0.34946991351817847,6.616369622711416e-7,0.01377318760192349,2.163565778542811e-9,2.3348842214020404e-9,2.5131046749369268e-8,1.4684922945391108e-9,-4.26963944137844e-9,-3.519986445672382e-9,5.90795635942495e-9,7.863913439389184e-11,2.2217921911406716e-8,0.12191318542880544,3.896686254357827e-8,1.1706862753152333e-8,-2.2734231090940516e-11,5.126026947181597e-9,1.686967121906503e-8,7.306007903612363e-9,1.0405853430601019e-10,6.221884831695446e-9,1.7993529730438932e-8,7.750168310746782e-9,-3.142094613725253e-9,-2.5153441898332267e-9,6.661777100974744e-9,3.3750017634414583e-10,1.5600671763137536e-8,0.04191619971090051,2.0010101814604766e-7,0.013772762146018773,-2.4341007990581766e-9,-1.4600634904663324e-9,1.3544881019200612e-8,1.8593058601151625e-10,0.9999999388343781,-8.318969679000258e-9,-6.781250354333972e-9,-9.680995461062662e-9,7.439769474014217e-9,-6.486279751099237e-9,-3.857685016535055e-9,-9.094014662092609e-9,7.835854769608241e-9,-7.735258610759902e-9,-5.620944016822869e-9,-9.461857994715368e-9,-3.2213765372889237e-10,7.290754484996711e-10,5.735251715197018e-9,-7.633625501366039e-10,2.4039619761586777e-10,3.55539188258947e-9,7.81854787758155e-8,2.1817599804581074e-8,-4.744043823753821e-10,-5.359979360455673e-9,1.838030867376651e-8,1.1683528538521072e-9,2.4686579901563007e-9,0.18564053235749917,1.212302390244657e-7,1.7393053233254891e-7,-2.5260256767711676e-12,7.805541033208342e-9,5.2483421570424544e-8,1.0854640313938367e-7,1.1562059367334461e-11,9.474233720990793e-9,5.597987027247667e-8,1.1514535775966648e-7,-3.491216237472502e-10,-3.830183198155141e-9,2.0725528758588094e-8,5.0142883342558805e-9,0.7936507851621459,-4.117915835747175e-16,0.1611775912363462,4.548815280903861e-14,2.042915885926101e-13,-2.138939960417212e-14
full_TAC,20,20,,38.958980366747596,10.899448452995019,3,2,LOCALLY_SOLVED,Solve_Succeeded,0.045155083,0.9578421113452421,1.074256239771815e7,38.95898088382226,10.060173052389676,503.57998829341926,1.5922526291542861e-16,1.5922526291542861e-16,9.680995444842362e-9,5.96570421040694e-9,0.9999999859000798,0.34946991351821677,6.616368706745262e-7,0.013773187601868466,2.1635652321579466e-9,2.334883520463425e-9,2.5131049254331493e-8,1.4684913181407847e-9,-4.269639445464878e-9,-3.519986421673465e-9,5.907956359784224e-9,7.863904333102646e-11,2.221792010067293e-8,0.12191318542880678,3.896686212777352e-8,1.1706861772623274e-8,-2.2734004162381645e-11,5.12602748398849e-9,1.6869672116010764e-8,7.3060071871617235e-9,1.0405876646624668e-10,6.2218854930520536e-9,1.799353076774478e-8,7.750167686681145e-9,-3.142094745993455e-9,-2.5153442903282054e-9,6.6617768637513305e-9,3.3749997461789567e-10,1.560067016755065e-8,0.0419161997109337,2.0010091002780922e-7,0.013772762146020327,-2.4341006856740188e-9,-1.460063226602204e-9,1.354488132886345e-8,1.859305237102364e-10,0.9999999388343812,-8.318969673672918e-9,-6.781250346833624e-9,-9.680995444842362e-9,7.439770809578943e-9,-6.486279567131228e-9,-3.857684737630485e-9,-9.094014510486073e-9,7.835856165537232e-9,-7.735258544672821e-9,-5.620943890124897e-9,-9.461857943403285e-9,-3.221377224679605e-10,7.290756183235439e-10,5.7352519471473426e-9,-7.633623523500995e-10,2.4039613690643843e-10,3.555390815251124e-9,7.818548656903132e-8,2.1817585298091657e-8,-4.744043828294307e-10,-5.359979323911867e-9,1.8380308674884253e-8,1.168351500918107e-9,2.4686577889636584e-9,0.18564053235750122,1.2123023773085094e-7,1.739305177646886e-7,-2.526000462486848e-12,7.805541850618836e-9,5.248342436092237e-8,1.0854639249497416e-7,1.1562085162916293e-11,9.474234728056535e-9,5.597987349965042e-8,1.1514534848783416e-7,-3.49121638443717e-10,-3.830183351181585e-9,2.0725528020559695e-8,5.014285337180163e-9,0.7936507851621459,-4.117916155995915e-16,0.1611775912363458,4.548814599527582e-14,2.0429157155195859e-13,-2.1389406964083596e-14
full_TAC,21,1,,34.62525343204514,33.98343805078173,3,3,LOCALLY_SOLVED,Solve_Succeeded,0.028588917,0.9881768792360384,1.0795376856946962e7,34.625254132390275,10.317834498012655,503.5799877534128,3.1845052583085723e-16,3.1845052583085723e-16,9.87612480199757e-9,8.080171450003533e-9,1.0000000018562873,0.33808418474057583,8.070790564391048e-7,0.029190025279406735,-1.3640720494116122e-9,4.003221962853241e-9,5.829650263598578e-8,8.478324969139395e-8,-6.288889984873539e-9,-4.061843577282941e-9,3.89778374781493e-9,-7.39143227234484e-12,-8.599032670797826e-10,0.13401517852527517,2.8905943315518995e-8,1.1442804336873848e-8,-4.30485629276456e-9,7.804965702970313e-9,1.3883773841319034e-8,9.030819846985954e-9,-4.290066041855658e-9,8.331877299897796e-9,1.4453139982244013e-8,9.150228680223183e-9,-5.557610518581868e-9,-3.685872727914648e-9,3.9068891870975674e-9,1.342418659945107e-10,3.10415537944176e-7,4.279332469926037e-7,3.1033664629374395e-7,0.029188238962617685,-3.6487987005634573e-9,3.0273175035471497e-9,1.0113805923585793e-8,-2.0841907085228703e-10,0.9999997097130646,-9.374637624066176e-9,-8.679071854367466e-9,-9.87612480199757e-9,5.797540678015126e-9,-8.506741402986044e-9,-7.258940276581163e-9,-9.699801376334988e-9,5.912377955301779e-9,-9.04191054628384e-9,-8.069960283432956e-9,-9.801519902733974e-9,-1.1496592075041336e-9,3.6156589541148877e-9,3.5555532729043077e-9,-2.7860034172528143e-10,-1.5156356104573463e-10,6.095815261617434e-9,1.8136689708973351e-7,1.2596368525578528e-6,-6.987655538748374e-10,-6.1850799926808416e-9,1.2126438326535335e-8,-1.0981556518912333e-10,-9.554480745330914e-11,0.2040685672998508,8.992960142605909e-8,1.7000737871926858e-7,-4.783173658627287e-10,1.1884834138613883e-8,4.3193963061881436e-8,1.3417218058379126e-7,-4.766740046506285e-10,1.268717679757164e-8,4.4965324389203596e-8,1.3594625467760157e-7,-6.175122798424295e-10,-5.6125789265973045e-9,1.2154766359859099e-8,1.994450580489873e-9,0.7936507842007323,-4.2996890648706203e-16,0.16599085310238246,3.811679264561572e-14,1.62862168473011e-13,-2.436310325680647e-14
full_TAC,21,2,,34.62525343204514,32.76849122984559,3,3,LOCALLY_SOLVED,Solve_Succeeded,0.030815458,0.9881768792360373,1.079537685694696e7,34.62525413239027,10.31783449801281,503.57998775341275,1.5922526291542861e-16,1.5922526291542861e-16,9.876124802008147e-9,8.080171368025279e-9,1.0000000018562873,0.3380841847405718,8.070790543918758e-7,0.02919002527941645,-1.3640720518389723e-9,4.00322194077468e-9,5.8296502335122977e-8,8.478325031629452e-8,-6.28888999274775e-9,-4.061843659959686e-9,3.897783729566702e-9,-7.391433114039194e-12,-8.599032681621298e-10,0.13401517852527425,2.8905943313942266e-8,1.1442804337963253e-8,-4.304856293664266e-9,7.804965701923036e-9,1.3883773838035129e-8,9.030819847656056e-9,-4.290066042752353e-9,8.331877299113241e-9,1.4453139979211431e-8,9.15022868092392e-9,-5.5576105435150065e-9,-3.68587343733236e-9,3.90688912150862e-9,1.3424185647624705e-10,3.1041553567484396e-7,4.2793324606722256e-7,3.1033664626788187e-7,0.029188238962617682,-3.6487987561319532e-9,3.027317815386554e-9,1.0113805691660492e-8,-2.0841911854435385e-10,0.999999709713067,-9.374637624064897e-9,-8.679071854372058e-9,-9.876124802008147e-9,5.797540677846437e-9,-8.506741402609014e-9,-7.2589402761114655e-9,-9.699801376319517e-9,5.912377955189504e-9,-9.041910546186996e-9,-8.069960283298189e-9,-9.801519902739169e-9,-1.1496592960951234e-9,3.6156598559531517e-9,3.5555530968570486e-9,-2.786003630034867e-10,-1.5156356131544132e-10,6.095815227997808e-9,1.8136689615371592e-7,1.2596368618420896e-6,-6.987655547497497e-10,-6.185080118574976e-9,1.2126438269763069e-8,-1.0981557769429657e-10,-9.554480757356993e-11,0.20406856729984943,8.992960142115372e-8,1.7000737873545403e-7,-4.783173659626962e-10,1.1884834137019167e-8,4.319396305166484e-8,1.341721805937471e-7,-4.766740047502613e-10,1.2687176796376979e-8,4.496532437976889e-8,1.3594625468801253e-7,-6.175122826127783e-10,-5.612580006847003e-9,1.2154766155804594e-8,1.9944504390756705e-9,0.7936507842007323,-4.299689046312873e-16,0.1659908531023824,3.8116792640956014e-14,1.6286216848728379e-13,-2.4363103001999248e-14
full_TAC,21,3,,34.62525343204514,31.553544408909442,3,3,LOCALLY_SOLVED,Solve_Succeeded,0.023044166,0.988176920909889,1.0795376929777665e7,34.62525384535621,10.317829430247027,503.57998835367914,1.5922526291542861e-16,1.5922526291542861e-16,9.668007955832349e-9,4.768540760979163e-9,0.9999999870824677,0.3380842750347812,1.2103766222039484e-6,0.02918967943566234,1.5877102539943323e-8,2.164065642748081e-8,1.337551521653232e-7,6.313125817026006e-8,-3.876536493339346e-9,-3.1264451205686952e-9,6.773749052252792e-9,1.7145642581812784e-10,1.9732327819516883e-8,0.13401521123057097,3.791940832276191e-8,1.1674187023858351e-8,3.0223095917315567e-10,5.872370584869402e-9,1.7280436103471457e-8,7.610682124157301e-9,3.928145438441957e-10,6.578845094879053e-9,1.8042674945279578e-8,7.889363269375011e-9,-1.5885689313965046e-9,-4.2980627105090124e-10,1.0043927142732333e-8,1.3049978511113257e-9,3.3730294064292814e-7,3.9510322224625574e-7,2.910743898494465e-7,0.02918825509449617,-2.290358975031596e-9,-1.43122341401978e-9,1.2955112992673288e-8,-1.5031573839229988e-10,0.9999996040368699,-8.276909875097335e-9,-6.6731464374900066e-9,-9.668007955832349e-9,5.890547741441157e-9,-7.1296719588996425e-9,-4.6191841696933786e-9,-9.268130683994169e-9,6.109968736334234e-9,-7.915692919977132e-9,-5.837662445715039e-9,-9.496702543495263e-9,1.7665326217604961e-9,-6.796536255767702e-10,3.3473495172396255e-9,-2.4750883356733644e-9,1.7641225044381463e-9,3.295281774184578e-8,4.161271400698944e-7,9.379501213867207e-7,-4.307262770377049e-10,-4.760723251775058e-9,2.1073885940342018e-8,2.547352612155042e-9,2.1924808688352087e-9,0.20406861710109667,1.1797149255970372e-7,1.734450643544669e-7,3.358121768590617e-11,8.942018845142043e-9,5.376135676635564e-8,1.1307299155890846e-7,4.3646060427132836e-11,1.0017786849020376e-8,5.613276649642535e-8,1.1721339714500017e-7,-1.76507659044056e-10,-6.544777309184177e-10,3.1247773332945034e-8,1.938853950222541e-8,0.7936507851665411,-1.668179372255668e-16,0.16599085882185752,5.69053142169957e-14,2.228463911555167e-13,3.236504212596797e-15
full_TAC,21,4,,34.62525343204514,30.3385975879733,3,3,LOCALLY_SOLVED,Solve_Succeeded,0.027017625,0.988176920909889,1.0795376929777665e7,34.62525384535619,10.31782943024677,503.5799883536789,1.5922526291542861e-16,1.5922526291542861e-16,9.6680079557173e-9,4.768540515044401e-9,0.9999999870824677,0.3380842750347865,1.2103766259582176e-6,0.029189679435647035,1.5877102557563874e-8,2.1640656506018473e-8,1.337551527482915e-7,6.313125707182763e-8,-3.876536288467159e-9,-3.1264451615380282e-9,6.773749255130764e-9,1.7145658454682833e-10,1.9732327810563e-8,0.13401521123057217,3.791940832119237e-8,1.1674187018325034e-8,3.02230961417233e-10,5.872370589396577e-9,1.7280436110758782e-8,7.610682120899617e-9,3.928145460494199e-10,6.578845099200532e-9,1.8042674952535424e-8,7.889363266148089e-9,-1.5885689283465716e-9,-4.298062667578934e-10,1.0043927149926354e-8,1.304997855992658e-9,3.3730294303928895e-7,3.9510322376492907e-7,2.910743898891045e-7,0.02918825509449635,-2.2903588237291284e-9,-1.4312228447382878e-9,1.2955113394660601e-8,-1.503161989800004e-10,0.999999604036867,-8.276909875051698e-9,-6.673146437359199e-9,-9.6680079557173e-9,5.890547745259471e-9,-7.129671959284879e-9,-4.619184169888419e-9,-9.268130683717495e-9,6.1099687400687725e-9,-7.915692920033271e-9,-5.8376624455753925e-9,-9.496702543317273e-9,1.7665326269540358e-9,-6.796536266048565e-10,3.347349516175152e-9,-2.475088343328312e-9,1.7641225063959856e-9,3.295281786143722e-8,4.161271418835735e-7,9.379501050671533e-7,-4.3072625427412863e-10,-4.760723314160179e-9,2.107388657151793e-8,2.5473549704100205e-9,2.1924808678403326e-9,0.2040686171010985,1.1797149255482069e-7,1.7344506427225764e-7,3.3581217935248095e-11,8.942018852035697e-9,5.376135678902732e-8,1.130729915105086e-7,4.364606067215775e-11,1.001778685560081e-8,5.6132766518999085e-8,1.1721339709705731e-7,-1.7650765870517455e-10,-6.544777243813377e-10,3.124777335532643e-8,1.9388539574748063e-8,0.7936507851665411,-1.6681796258840154e-16,0.16599085882185763,5.69053142217585e-14,2.2284639109921596e-13,3.2365042179321243e-15
full_TAC,21,5,,34.62525343204514,29.12365076703716,3,3,LOCALLY_SOLVED,Solve_Succeeded,0.02820675,0.9881768792360384,1.0795376856946962e7,34.625254132390275,10.31783449801265,503.57998775341287,1.5922526291542861e-16,1.5922526291542861e-16,9.876124801971188e-9,8.080171450003533e-9,1.0000000018562873,0.3380841847405758,8.07079055903675e-7,0.02919002527940659,-1.364072048570713e-9,4.003221974005034e-9,5.829650265692256e-8,8.478324973334142e-8,-6.288889992259969e-9,-4.061843659065638e-9,3.8977837306048556e-9,-7.391433783198183e-12,-8.599032699663783e-10,0.1340151785252751,2.8905943309018103e-8,1.1442804333567501e-8,-4.304856292561372e-9,7.804965706407791e-9,1.3883773843087689e-8,9.030819844928866e-9,-4.290066041661772e-9,8.331877303235196e-9,1.44531399841072e-8,9.15022867820907e-9,-5.557610541787337e-9,-3.685873434253288e-9,3.90688912659026e-9,1.342418563763599e-10,3.1041553869617967e-7,4.2793324783851023e-7,3.1033664641649184e-7,0.029188238962617234,-3.6487987552471293e-9,3.027317816939747e-9,1.0113805691166953e-8,-2.08419118981688e-10,0.9999997097130636,-9.374637624044534e-9,-8.679071854285036e-9,-9.876124801971188e-9,5.797540682673901e-9,-8.506741403102885e-9,-7.258940276440095e-9,-9.6998013762282e-9,5.912377959946778e-9,-9.041910546294738e-9,-8.069960283301681e-9,-9.801519902679785e-9,-1.1496592903789865e-9,3.6156598540838455e-9,3.555553092016916e-9,-2.7860036415231376e-10,-1.5156356095230138e-10,6.095815278598574e-9,1.8136689715487016e-7,1.2596368531810725e-6,-6.987655546955518e-10,-6.185080117213584e-9,1.212643827299288e-8,-1.0981558763608727e-10,-9.554480777404199e-11,0.20406856729985073,8.99296014058341e-8,1.700073786701457e-7,-4.783173658401524e-10,1.1884834143848226e-8,4.3193963067383914e-8,1.3417218055322889e-7,-4.766740046290856e-10,1.2687176802653594e-8,4.496532439500017e-8,1.359462546476776e-7,-6.175122824208151e-10,-5.612580002158416e-9,1.2154766171614141e-8,1.9944504375916324e-9,0.7936507842007323,-4.299689091113935e-16,0.16599085310238237,3.811679262418896e-14,1.628621684224534e-13,-2.4363102990184462e-14
full_TAC,21,6,,34.62525343204514,27.908703946101014,3,3,LOCALLY_SOLVED,Solve_Succeeded,0.028956417,0.9881768792360384,1.0795376856946962e7,34.62525413239027,10.317834498012374,503.5799877534132,9.022764898540955e-17,5.126570965080088e-17,9.876124801935181e-9,8.080171368025279e-9,1.0000000018562873,0.33808418474058266,8.070790589820732e-7,0.029190025279389673,-1.3640720438725838e-9,4.003222018803615e-9,5.829650317720354e-8,8.478324867969292e-8,-6.28888998401668e-9,-4.0618435758049415e-9,3.8977837495541e-9,-7.391433402998006e-12,-8.599032699421568e-10,0.13401517852527664,2.890594330718944e-8,1.1442804329450807e-8,-4.304856290878793e-9,7.804965710522546e-9,1.3883773849800673e-8,9.030819842372372e-9,-4.290066039990693e-9,8.33187730683926e-9,1.445313999046127e-8,9.150228675630863e-9,-5.557610515648073e-9,-3.6858727227310335e-9,3.906889195638694e-9,1.3424186581975473e-10,3.104155430658185e-7,4.27933249977493e-7,3.1033664654481204e-7,0.029188238962616953,-3.648798699059291e-9,3.0273175062938666e-9,1.011380592238655e-8,-2.084190715842897e-10,0.9999997097130592,-9.374637624031797e-9,-8.679071854220539e-9,-9.876124801935181e-9,5.797540686336968e-9,-8.506741403817364e-9,-7.25894027713353e-9,-9.699801376180329e-9,5.9123779635066765e-9,-9.041910546465124e-9,-8.069960283438295e-9,-9.801519902633586e-9,-1.1496591977902063e-9,3.615658950961801e-9,3.55555326473737e-9,-2.786003436588114e-10,-1.5156356043028703e-10,6.095815346814596e-9,1.8136689877352212e-7,1.259636837526866e-6,-6.987655537796309e-10,-6.185079990430251e-9,1.2126438331946087e-8,-1.0981558198739893e-10,-9.554480777135072e-11,0.20406856729985304,8.992960140014492e-8,1.7000737860898338e-7,-4.783173656531991e-10,1.1884834150113877e-8,4.319396308826876e-8,1.3417218051524663e-7,-4.766740044434101e-10,1.26871768081416e-8,4.4965324414768393e-8,1.3594625460937283e-7,-6.175122795164523e-10,-5.6125789187040725e-9,1.2154766386431492e-8,1.9944505778934985e-9,0.7936507842007323,-4.2996890263616027e-16,0.16599085310238243,3.8116792628237266e-14,1.6286216842961576e-13,-2.436310323862736e-14
full_TAC,21,7,,34.62525343204514,26.693757125164872,3,3,LOCALLY_SOLVED,Solve_Succeeded,0.027961584,0.9881768792360384,1.0795376856946962e7,34.62525413239028,10.317834498012495,503.579987753413,1.5922526291542861e-16,1.5922526291542861e-16,9.876124801937414e-9,8.080171531981787e-9,1.0000000018562873,0.33808418474057933,8.070790572833662e-7,0.029190025279397454,-1.3640720455399274e-9,4.003222004343547e-9,5.8296502950692445e-8,8.47832491931533e-8,-6.2888899917711425e-9,-4.061843658258867e-9,3.897783731537778e-9,-7.391434392910156e-12,-8.599032713976992e-10,0.13401517852527584,2.8905943304519028e-8,1.1442804329549923e-8,-4.304856291522386e-9,7.804965710484463e-9,1.3883773847662375e-8,9.030819842427378e-9,-4.290066040634063e-9,8.331877306980359e-9,1.4453139988537403e-8,9.150228675718936e-9,-5.557610540180368e-9,-3.685873431444817e-9,3.906889131219624e-9,1.3424185628285243e-10,3.1041554149437355e-7,4.279332494561708e-7,3.103366465523171e-7,0.029188238962616825,-3.6487987543487652e-9,3.0273178183104026e-9,1.0113805690585961e-8,-2.0841911935831696e-10,0.9999997097130608,-9.374637624025929e-9,-8.679071854205543e-9,-9.876124801937414e-9,5.7975406872671485e-9,-8.50674140355407e-9,-7.258940276741452e-9,-9.699801376144659e-9,5.9123779644771074e-9,-9.041910546393211e-9,-8.069960283305498e-9,-9.801519902625494e-9,-1.1496592850622701e-9,3.615659852365866e-9,3.555553087577948e-9,-2.7860036520350377e-10,-1.5156356061554741e-10,6.095815324795854e-9,1.8136689806882094e-7,1.2596368451554203e-6,-6.987655546412377e-10,-6.185080115985093e-9,1.2126438275895306e-8,-1.0981559669466519e-10,-9.554480793307765e-11,0.20406856729985182,8.992960139183696e-8,1.7000737861045597e-7,-4.783173657247094e-10,1.1884834150055885e-8,4.319396308161627e-8,1.3417218051606386e-7,-4.766740045148957e-10,1.2687176808356456e-8,4.496532440878303e-8,1.359462546106813e-7,-6.175122822422629e-10,-5.61257999788188e-9,1.2154766186016606e-8,1.994450436202379e-9,0.7936507842007323,-4.299689059203748e-16,0.16599085310238235,3.811679261009389e-14,1.6286216838662635e-13,-2.4363102979899366e-14
full_TAC,21,8,,34.62525343204514,25.47881030422873,3,2,LOCALLY_SOLVED,Solve_Succeeded,0.0316875,0.9881768792360384,1.0795376856946962e7,34.625254132390275,10.317834498012198,503.57998775341287,1.5922526291542861e-16,1.5922526291542861e-16,9.876124801896105e-9,8.080171450003533e-9,1.0000000018562873,0.3380841847405862,8.070790605846489e-7,0.029190025279379375,-1.3640720403149722e-9,4.0032220540151785e-9,5.8296503518709834e-8,8.478324807291867e-8,-6.288889983440305e-9,-4.061843574887165e-9,3.897783750628165e-9,-7.391434113502961e-12,-8.599032714283792e-10,0.13401517852527725,2.8905943302002635e-8,1.1442804324804454e-8,-4.304856289650007e-9,7.80496571522252e-9,1.3883773855071954e-8,9.030819839473195e-9,-4.290066038774981e-9,8.331877311153924e-9,1.4453139995563005e-8,9.15022867274449e-9,-5.5576105137602206e-9,-3.6858727194754467e-9,3.906889201009678e-9,1.3424186571446294e-10,3.104155463430435e-7,4.279332518529281e-7,3.1033664670179297e-7,0.029188238962616457,-3.6487986980243143e-9,3.027317507976813e-9,1.0113805921626294e-8,-2.0841907203472287e-10,0.9999997097130561,-9.37463762401028e-9,-8.679071854128637e-9,-9.876124801896105e-9,5.797540691772393e-9,-8.506741404341724e-9,-7.258940277486506e-9,-9.699801376084071e-9,5.912377968869742e-9,-9.041910546579719e-9,-8.069960283444353e-9,-9.801519902570885e-9,-1.1496591915506467e-9,3.61565894895545e-9,3.5555532595719314e-9,-2.786003448837954e-10,-1.5156356003499685e-10,6.095815400432202e-9,1.8136689983598612e-7,1.2596368285119346e-6,-6.987655537155891e-10,-6.185079989032728e-9,1.2126438335287625e-8,-1.0981559254347256e-10,-9.554480793648655e-11,0.20406856729985398,8.99296013840082e-8,1.7000737853995186e-7,-4.783173655166673e-10,1.1884834157270654e-8,4.31939631046683e-8,1.3417218047217318e-7,-4.76674004308331e-10,1.2687176814711655e-8,4.496532443064046e-8,1.3594625456648953e-7,-6.175122793066909e-10,-5.612578913746703e-9,1.2154766403141222e-8,1.994450576329163e-9,0.7936507842007323,-4.299689064762042e-16,0.16599085310238235,3.811679261695141e-14,1.628621683801198e-13,-2.4363103227413607e-14
full_TAC,21,9,,34.62525343204514,24.26386348329259,3,3,LOCALLY_SOLVED,Solve_Succeeded,0.026623375,0.988176920909889,1.0795376929777665e7,34.62525384535619,10.317829430246082,503.5799883536789,1.5922526291542861e-16,1.5922526291542861e-16,9.668007955123917e-9,4.768540515044401e-9,0.9999999870824678,0.33808427503480204,1.210376635260709e-6,0.0291896794356055,1.587710263521461e-8,2.164065690847143e-8,1.3375515528924688e-7,6.313125481833992e-8,-3.87653651118231e-9,-3.1264451275199654e-9,6.773749024085461e-9,1.7145641837090376e-10,1.973232775939903e-8,0.13401521123057472,3.7919408283003205e-8,1.1674186989955529e-8,3.022309726671969e-10,5.8723706144275455e-9,1.7280436133777197e-8,7.610682104689834e-9,3.92814557116452e-10,6.57884512334812e-9,1.8042674975029e-8,7.889363250126861e-9,-1.5885689158226676e-9,-4.2980624421951876e-10,1.0043927175007875e-8,1.3049978531483982e-9,3.373029561501127e-7,3.9510323213744296e-7,2.9107439000852927e-7,0.0291882550944937,-2.290358995241219e-9,-1.4312234372348102e-9,1.2955112963541079e-8,-1.503157092122004e-10,0.9999996040368543,-8.27690987469295e-9,-6.673146436129489e-9,-9.668007955123917e-9,5.8905477682892225e-9,-7.12967196106072e-9,-4.6191841701184055e-9,-9.268130682286456e-9,6.109968762815378e-9,-7.91569292021124e-9,-5.837662444351249e-9,-9.496702542397253e-9,1.766532649444333e-9,-6.7965363881809e-10,3.3473494986225493e-9,-2.475088348806813e-9,1.7641225150238446e-9,3.295281847426331e-8,4.161271497887681e-7,9.379500715867646e-7,-4.3072627902025646e-10,-4.760723262359946e-9,2.107388585271032e-8,2.54735250151057e-9,2.192480862155447e-9,0.2040686171011024,1.1797149243600996e-7,1.7344506385076783e-7,3.3581219185244094e-11,8.942018890151034e-9,5.376135686064017e-8,1.1307299126967752e-7,4.364606190182799e-11,1.0017786892371e-8,5.61327665889791e-8,1.1721339685902763e-7,-1.7650765731362967e-10,-6.544776900615398e-10,3.1247773433357825e-8,1.9388539532490486e-8,0.7936507851665411,-1.66817931928004e-16,0.16599085882185718,5.690531411803445e-14,2.2284639080493305e-13,3.236504226430365e-15
full_TAC,21,10,,34.62525343204514,23.048916662356444,3,3,LOCALLY_SOLVED,Solve_Succeeded,0.028896417,0.9881768792360384,1.0795376856946962e7,34.62525413239027,10.317834498012155,503.57998775341287,4.776757887462858e-16,4.776757887462858e-16,9.876124801862588e-9,8.080171368025279e-9,1.0000000018562876,0.3380841847405872,8.070790603376745e-7,0.029190025279377037,-1.3640720388377755e-9,4.003222071508924e-9,5.8296503600980424e-8,8.478324798328047e-8,-6.28888999070054e-9,-4.061843656532552e-9,3.897783733620998e-9,-7.391435749403465e-12,-8.599032745967646e-10,0.13401517852527745,2.8905943294552494e-8,1.1442804320648078e-8,-4.304856289225379e-9,7.804965719518447e-9,1.388377385780352e-8,9.030819836885463e-9,-4.290066038362036e-9,8.331877315280576e-9,1.4453139998359195e-8,9.150228670202322e-9,-5.5576105366268e-9,-3.6858734252263572e-9,3.9068891414692906e-9,1.3424185607402517e-10,3.104155476846587e-7,4.279332530381409e-7,3.103366468533061e-7,0.029188238962615937,-3.6487987524889307e-9,3.027317821686269e-9,1.0113805689023167e-8,-2.0841912024425359e-10,0.9999997097130546,-9.37463762398472e-9,-8.679071854029485e-9,-9.876124801862588e-9,5.797540697426456e-9,-8.50674140455272e-9,-7.2589402774077725e-9,-9.699801375959395e-9,5.912377974497019e-9,-9.041910546611122e-9,-8.069960283313523e-9,-9.80151990250516e-9,-1.1496592733012875e-9,3.6156598485648634e-9,3.5555530777540022e-9,-2.786003675291585e-10,-1.515635598708639e-10,6.0958154270704065e-9,1.8136690009193907e-7,1.2596368271801667e-6,-6.98765554522282e-10,-6.185080113356386e-9,1.2126438282376435e-8,-1.0981561684828004e-10,-9.554480828852936e-11,0.2040685672998543,8.992960136082997e-8,1.700073784782e-7,-4.783173654694863e-10,1.1884834163812179e-8,4.319396311316651e-8,1.3417218043372688e-7,-4.766740042624484e-10,1.268717682099542e-8,4.496532443933971e-8,1.359462545287202e-7,-6.17512281847422e-10,-5.612579988412862e-9,1.215476621790446e-8,1.994450433099802e-9,0.7936507842007323,-4.2996890539109383e-16,0.16599085310238226,3.811679261803555e-14,1.6286216832090255e-13,-2.4363102959116337e-14
full_TAC,21,11,,34.62525343204514,21.833969841420302,3,2,LOCALLY_SOLVED,Solve_Succeeded,0.026867292,0.9881769209098888,1.0795376929777665e7,34.62525384535619,10.317829430245483,503.579988353679,1.5922526291542861e-16,1.5922526291542861e-16,9.668007954682574e-9,4.768540515044401e-9,0.9999999870824678,0.3380842750348155,1.21037664359915e-6,0.029189679435569514,1.5877102695280202e-8,2.164065720864186e-8,1.3375515725570356e-7,6.313125269343338e-8,-3.876536507232889e-9,-3.12644512305147e-9,6.773749030811247e-9,1.7145641685232044e-10,1.9732327723062197e-8,0.13401521123057725,3.791940825906764e-8,1.1674186968833106e-8,3.022309811495747e-10,5.8723706327807295e-9,1.728043615303038e-8,7.610682092540661e-9,3.9281456546048264e-10,6.578845141014283e-9,1.8042674993941273e-8,7.889363238112283e-9,-1.5885689063969033e-9,-4.298062274827869e-10,1.0043927195017677e-8,1.3049978510038785e-9,3.3730296584874543e-7,3.951032382917789e-7,2.910743901060151e-7,0.02918825509449219,-2.2903589898198994e-9,-1.4312234303817229e-9,1.2955112963624917e-8,-1.5031571362694738e-10,0.9999996040368445,-8.276909874444437e-9,-6.673146435296975e-9,-9.668007954682574e-9,5.890547785033068e-9,-7.129671962418883e-9,-4.6191841704140605e-9,-9.268130681224144e-9,6.109968779327498e-9,-7.915692920362546e-9,-5.837662443519883e-9,-9.496702541713726e-9,1.7665326660277284e-9,-6.796536481108496e-10,3.3473494853904414e-9,-2.475088352899585e-9,1.7641225216977995e-9,3.295281893134101e-8,4.1612715590663327e-7,9.379500400167243e-7,-4.3072627858143193e-10,-4.760723255555647e-9,2.107388587363499e-8,2.5473524789487603e-9,2.192480858118021e-9,0.20406861710110624,1.1797149236154376e-7,1.7344506353694897e-7,3.358122012773051e-11,8.942018918097929e-9,5.3761356920538945e-8,1.1307299108917554e-7,4.36460628289425e-11,1.0017786919271747e-8,5.613276664781728e-8,1.1721339668052531e-7,-1.7650765626632254e-10,-6.544776645760618e-10,3.1247773495610545e-8,1.938853950062905e-8,0.7936507851665411,-1.668179372872019e-16,0.16599085882185705,5.690531406332987e-14,2.2284639057042081e-13,3.2365042394640117e-15
full_TAC,21,12,,34.62525343204514,20.61902302048416,3,3,LOCALLY_SOLVED,Solve_Succeeded,0.026631083,0.988176879236034,1.0795376856946955e7,34.62525413239025,10.317834498012978,503.5799877534129,3.1845052583085723e-16,3.1845052583085723e-16,9.876124801867443e-9,8.080171204068771e-9,1.0000000018562876,0.3380841847405674,8.070790435652365e-7,0.02919002527942873,-1.3640720389845285e-9,4.0032219735348005e-9,5.8296502102140906e-8,8.478325130081352e-8,-6.288890303662938e-9,-4.061843264860132e-9,3.897783134985903e-9,-7.391446287145086e-12,-8.599032593739692e-10,0.1340151785252734,2.8905943308347216e-8,1.1442804320227632e-8,-4.3048562921559124e-9,7.804965717365472e-9,1.3883773860865987e-8,9.03081983556803e-9,-4.290066041203582e-9,8.331877314010751e-9,1.4453140003028904e-8,9.150228669040444e-9,-5.5576111147023224e-9,-3.6858789083794394e-9,3.906887012569779e-9,1.3424189211012467e-10,3.104155401091367e-7,4.2793324971022545e-7,3.1033664769537935e-7,0.029188238962614743,-3.6487983247702e-9,3.0273174358391566e-9,1.0113805958508412e-8,-2.0841908547332678e-10,0.9999997097130652,-9.374637623962552e-9,-8.679071854147568e-9,-9.876124801867443e-9,5.797540708747944e-9,-8.506741403152349e-9,-7.258940276193151e-9,-9.699801375737671e-9,5.912377985553345e-9,-9.04191054624766e-9,-8.069960282987434e-9,-9.801519902447794e-9,-1.149661343531338e-9,3.6156671532892747e-9,3.5555524789290324e-9,-2.786004798544947e-10,-1.5156355988716978e-10,6.0958152778825366e-9,1.813668954288828e-7,1.2596368764692293e-6,-6.987655892958817e-10,-6.185079516946109e-9,1.2126436419956143e-8,-1.098157734090127e-10,-9.554480659710765e-11,0.20406856729984812,8.992960140374689e-8,1.7000737847195335e-7,-4.783173657951012e-10,1.1884834160533787e-8,4.319396312269417e-8,1.3417218041415354e-7,-4.766740045781755e-10,1.2687176819061824e-8,4.4965324453867706e-8,1.3594625451145802e-7,-6.175123460780357e-10,-5.6125883377596e-9,1.2154759594661533e-8,1.9944509684932804e-9,0.7936507842007323,-4.2996890410325296e-16,0.16599085310238182,3.8116792532374106e-14,1.628621681889333e-13,-2.436309661631244e-14
full_TAC,21,13,,34.62525343204514,19.404076199548015,3,2,LOCALLY_SOLVED,Solve_Succeeded,0.027150792,0.9881768792360405,1.0795376856946966e7,34.625254132390275,10.317834498011345,503.57998775341315,1.5922526291542861e-16,1.5922526291542861e-16,9.876124801707425e-9,8.080171450003533e-9,1.0000000018562876,0.3380841847406067,8.070790682849921e-7,0.029190025279328045,-1.3640720234475934e-9,4.0032222233769886e-9,5.829650515804702e-8,8.478324503233945e-8,-6.288889980792481e-9,-4.06184357042953e-9,3.897783755862869e-9,-7.391437536722561e-12,-8.599032796450343e-10,0.13401517852528153,2.8905943276850723e-8,1.1442804302357806e-8,-4.304856283880022e-9,7.804965738018506e-9,1.3883773880660573e-8,9.030819825505155e-9,-4.290066033067949e-9,8.331877332099967e-9,1.4453140020347365e-8,9.150228658840268e-9,-5.557610504819882e-9,-3.6858727037929675e-9,3.906889226855775e-9,1.3424186518878834e-10,3.104155619249235e-7,4.279332608853856e-7,3.103366474608274e-7,0.02918823896261421,-3.6487986933397767e-9,3.0273175162336386e-9,1.0113805917987027e-8,-2.0841907423743815e-10,0.9999997097130403,-9.37463762390634e-9,-8.679071853684504e-9,-9.876124801707425e-9,5.797540717272176e-9,-8.506741406859549e-9,-7.258940279164961e-9,-9.699801375616901e-9,5.912377994017384e-9,-9.041910547129063e-9,-8.069960283463733e-9,-9.801519902267449e-9,-1.1496591619606051e-9,3.6156589393810647e-9,3.5555532348130996e-9,-2.786003507461283e-10,-1.5156355816084366e-10,6.0958156583240504e-9,1.8136690493614627e-7,1.2596367833376147e-6,-6.987655534213865e-10,-6.1850799822449655e-9,1.2126438351573369e-8,-1.098156434027352e-10,-9.554480884944823e-11,0.2040685672998605,8.992960130575779e-8,1.7000737820645882e-7,-4.783173648755578e-10,1.1884834191982724e-8,4.319396318427733e-8,1.3417218026464802e-7,-4.766740036742163e-10,1.2687176846606767e-8,4.496532450774735e-8,1.3594625435991252e-7,-6.1751227831332e-10,-5.6125788898665645e-9,1.21547664835513e-8,1.9944505685191405e-9,0.7936507842007323,-4.2996890733483275e-16,0.1659908531023822,3.811679259848128e-14,1.628621682153614e-13,-2.436310317366466e-14
full_TAC,21,14,,34.62525343204514,18.189129378611874,3,2,LOCALLY_SOLVED,Solve_Succeeded,0.022770208,0.9881769209098911,1.0795376929777669e7,34.625253845356205,10.31782943024387,503.5799883536791,3.1845052583085723e-16,3.1845052583085723e-16,9.668007953499867e-9,4.768540679000909e-9,0.999999987082468,0.33808427503485167,1.2103766662828497e-6,0.029189679435472245,1.587710285684156e-8,2.1640658014149303e-8,1.3375516256058102e-7,6.313124694480856e-8,-3.876536472581821e-9,-3.1264450969641485e-9,6.773749087775649e-9,1.7145641778762764e-10,1.97323276253881e-8,0.1340152112305841,3.791940819627007e-8,1.167418691222866e-8,3.022310038653004e-10,5.872370681902869e-9,1.7280436205295802e-8,7.610682059970825e-9,3.928145878039351e-10,6.578845188282269e-9,1.8042675045304957e-8,7.889363205899347e-9,-1.5885688816837598e-9,-4.2980618257502264e-10,1.0043927248534514e-8,1.3049978398060913e-9,3.3730299182065706e-7,3.951032547751883e-7,2.9107439036376885e-7,0.029188255094488212,-2.290358946527766e-9,-1.4312233778287044e-9,1.2955112993055141e-8,-1.503157616679192e-10,0.9999996040368184,-8.276909873783968e-9,-6.673146433090103e-9,-9.668007953499867e-9,5.890547829652514e-9,-7.129671966077254e-9,-4.6191841712526165e-9,-9.268130678380651e-9,6.1099688233158414e-9,-7.915692920776219e-9,-5.8376624413185275e-9,-9.496702539883061e-9,1.7665327092295098e-9,-6.796536746737952e-10,3.347349447332169e-9,-2.475088357325857e-9,1.7641225396490614e-9,3.295282015790916e-8,4.1612717241069644e-7,9.379499546085842e-7,-4.307262747313132e-10,-4.760723215831771e-9,2.107388605085757e-8,2.5473524928447536e-9,2.1924808472653435e-9,0.20406861710111665,1.1797149216617353e-7,1.7344506269596863e-7,3.3581222651700026e-11,8.94201899289755e-9,5.376135708314249e-8,1.1307299060528082e-7,4.364606531154832e-11,1.0017786991247998e-8,5.6132766807615424e-8,1.1721339620193316e-7,-1.7650765352041769e-10,-6.544775961937844e-10,3.124777366210737e-8,1.9388539334261926e-8,0.7936507851665411,-1.6681793248298577e-16,0.16599085882185677,5.690531388921124e-14,2.2284639000474075e-13,3.236504283797284e-15
full_TAC,21,15,,34.62525343204514,16.974182557675732,3,3,LOCALLY_SOLVED,Solve_Succeeded,0.028964208,0.9881768792360394,1.0795376856946964e7,34.62525413239027,10.317834498010567,503.5799877534129,1.5922526291542861e-16,1.5922526291542861e-16,9.876124801535383e-9,8.080171368025279e-9,1.0000000018562876,0.33808418474062407,8.070790753173959e-7,0.029190025279281655,-1.3640720079720605e-9,4.003222377991393e-9,5.8296506655664855e-8,8.478324228843354e-8,-6.2888899783354695e-9,-4.061843566373477e-9,3.897783760620646e-9,-7.391440660577656e-12,-8.59903286807634e-10,0.13401517852528497,2.8905943253952266e-8,1.1442804281893737e-8,-4.304856278567442e-9,7.804965758771707e-9,1.3883773903950677e-8,9.030819812758611e-9,-4.2900660278128374e-9,8.33187735116329e-9,1.4453140042899825e-8,9.150228646151347e-9,-5.55761049661351e-9,-3.6858726894833236e-9,3.906889250447731e-9,1.3424186471412256e-10,3.1041557620778194e-7,4.2793326912781224e-7,3.103366481525951e-7,0.02918823896261212,-3.6487986889688865e-9,3.0273175237214814e-9,1.0113805914659493e-8,-2.0841907623720637e-10,0.9999997097130261,-9.374637623811587e-9,-8.679071853279692e-9,-9.876124801535383e-9,5.797540740761742e-9,-8.506741409159419e-9,-7.258940280703162e-9,-9.699801375191606e-9,5.9123780171867774e-9,-9.041910547631125e-9,-8.069960283484407e-9,-9.801519901990966e-9,-1.1496591348123408e-9,3.61565893061635e-9,3.5555532121827115e-9,-2.786003561067913e-10,-1.5156355644134e-10,6.095815893759621e-9,1.8136690959540175e-7,1.2596367425710125e-6,-6.987655531483852e-10,-6.185079976068702e-9,1.2126438366375341e-8,-1.098156898142966e-10,-9.554480964529262e-11,0.20406856729986572,8.992960123451816e-8,1.7000737790242124e-7,-4.783173642852712e-10,1.1884834223584188e-8,4.3193963256735436e-8,1.341721800752708e-7,-4.766740030903151e-10,1.268717687563501e-8,4.496532457791056e-8,1.3594625417139144e-7,-6.175122774015009e-10,-5.612578868076879e-9,1.2154766556948495e-8,1.9944505614669633e-9,0.7936507842007323,-4.2996889975112717e-16,0.16599085310238196,3.811679254490865e-14,1.62862168038594e-13,-2.4363103124930327e-14
full_TAC,21,16,,34.62525343204514,15.759235736739589,3,3,LOCALLY_SOLVED,Solve_Succeeded,0.028023125,0.9881768792360393,1.0795376856946964e7,34.62525413239026,10.317834498009924,503.5799877534131,1.1278456123176193e-16,3.703521056209345e-18,9.876124801391798e-9,8.080171286047025e-9,1.0000000018562876,0.33808418474063895,8.070790811856073e-7,0.029190025279243127,-1.3640719950962176e-9,4.003222507038817e-9,5.82965079052516e-8,8.478324001085279e-8,-6.288889976308586e-9,-4.0618435629823276e-9,3.897783764602912e-9,-7.39144326567314e-12,-8.599032929740302e-10,0.13401517852528794,2.8905943234822126e-8,1.1442804264814873e-8,-4.3048562741611806e-9,7.804965776111987e-9,1.3883773923413552e-8,9.030819802128518e-9,-4.2900660234545105e-9,8.331877367093475e-9,1.4453140061748236e-8,9.15022863556934e-9,-5.557610489789849e-9,-3.6858726775372324e-9,3.906889270141576e-9,1.3424186431945708e-10,3.104155880943458e-7,4.2793327600736227e-7,3.1033664873003194e-7,0.029188238962610368,-3.648798685380447e-9,3.027317529990194e-9,1.0113805911885445e-8,-2.0841907791062103e-10,0.9999997097130141,-9.374637623732475e-9,-8.679071852941653e-9,-9.876124801391798e-9,5.797540760215233e-9,-8.506741411078612e-9,-7.258940281985132e-9,-9.699801374836676e-9,5.912378036372175e-9,-9.041910548050019e-9,-8.069960283500739e-9,-9.80151990176022e-9,-1.1496591122361274e-9,3.615658923313093e-9,3.5555531933108683e-9,-2.7860036057892877e-10,-1.5156355501069077e-10,6.095816090263653e-9,1.8136691348300494e-7,1.2596367087326697e-6,-6.987655529231759e-10,-6.1850799709049074e-9,1.2126438378764614e-8,-1.0981572851857234e-10,-9.554481033044776e-11,0.20406856729987027,8.992960117500216e-8,1.700073776486781e-7,-4.783173637956866e-10,1.1884834249988707e-8,4.31939633172866e-8,1.3417217991733796e-7,-4.766740026060565e-10,1.2687176899892336e-8,4.496532463655006e-8,1.3594625401417305e-7,-6.175122766433164e-10,-5.6125788498862405e-9,1.2154766618218235e-8,1.994450555603362e-9,0.7936507842007323,-4.2996889992477453e-16,0.16599085310238176,3.811679251589863e-14,1.6286216787437862e-13,-2.436310308280059e-14
full_TAC,21,17,,34.62525343204514,14.544288915803445,3,3,LOCALLY_SOLVED,Solve_Succeeded,0.024499167,0.9881768792360404,1.0795376856946966e7,34.62525413239027,10.317834498008901,503.57998775341304,1.5922526291542861e-16,1.5922526291542861e-16,9.87612480116567e-9,8.080171368025279e-9,1.0000000018562876,0.33808418474066265,8.070790904218597e-7,0.029190025279181915,-1.3640719748238645e-9,4.003222710144648e-9,5.8296509871874665e-8,8.478323638830249e-8,-6.288889973111018e-9,-4.061843557644543e-9,3.897783770869014e-9,-7.391447369592571e-12,-8.599033026355465e-10,0.13401517852529277,2.890594320470036e-8,1.1442804237915435e-8,-4.304856267216576e-9,7.804965803414104e-9,1.3883773954058443e-8,9.030819785382879e-9,-4.290066016585397e-9,8.331877392176425e-9,1.4453140091426548e-8,9.150228618899788e-9,-5.557610479043113e-9,-3.6858726587345233e-9,3.906889301136145e-9,1.3424186369296866e-10,3.1041560681315173e-7,4.279332868370977e-7,3.103366496395175e-7,0.02918823896260764,-3.648798679710751e-9,3.0273175398615606e-9,1.0113805907518754e-8,-2.084190805454666e-10,0.9999997097129952,-9.374637623607915e-9,-8.679071852409456e-9,-9.87612480116567e-9,5.79754079090699e-9,-8.506741414098911e-9,-7.2589402840017155e-9,-9.69980137427726e-9,5.912378066642323e-9,-9.04191054870917e-9,-8.069960283525859e-9,-9.801519901396696e-9,-1.1496590766757617e-9,3.615658911816964e-9,3.5555531636036163e-9,-2.786003676148769e-10,-1.515635527582071e-10,6.0958163995384405e-9,1.8136691960138784e-7,1.2596366549119224e-6,-6.987655525678906e-10,-6.1850799627769174e-9,1.2126438398259153e-8,-1.0981578949108963e-10,-9.554481140394957e-11,0.2040685672998776,8.992960108129e-8,1.7000737724902931e-7,-4.783173630240638e-10,1.1884834291562384e-8,4.3193963412626265e-8,1.3417217966854561e-7,-4.766740018428217e-10,1.268717693808683e-8,4.496532472888259e-8,1.359462537665111e-7,-6.175122754492345e-10,-5.612578821254842e-9,1.2154766714645782e-8,1.994450546295534e-9,0.7936507842007323,-4.299688995950447e-16,0.16599085310238154,3.8116792473258404e-14,1.6286216763675945e-13,-2.4363103017980958e-14
full_TAC,21,18,,34.62525343204514,13.329342094867304,3,3,LOCALLY_SOLVED,Solve_Succeeded,0.02456025,0.9881768792360391,1.0795376856946964e7,34.62525413239028,10.317834498007063,503.57998775341315,1.5922526291542861e-16,1.5922526291542861e-16,9.876124800757054e-9,8.080171531981787e-9,1.0000000018562876,0.33808418474070473,8.070791071185648e-7,0.029190025279071864,-1.364071938169809e-9,4.00322307730616e-9,5.829651342724973e-8,8.478322987888552e-8,-6.288889967330117e-9,-4.0618435479980236e-9,3.897783782193428e-9,-7.391454784780665e-12,-8.599033200789527e-10,0.1340151785253012,2.8905943150268994e-8,1.1442804189310463e-8,-4.304856254663001e-9,7.804965852749548e-9,1.388377400943138e-8,9.030819755125565e-9,-4.290066004168245e-9,8.331877437499883e-9,1.4453140145051054e-8,9.150228588779549e-9,-5.557610459614091e-9,-3.6858726247462125e-9,3.906889357165738e-9,1.3424186256617465e-10,3.1041564065274615e-7,4.2793330641189436e-7,3.1033665128278384e-7,0.029188238962602687,-3.648798669463798e-9,3.027317557692984e-9,1.0113805899624197e-8,-2.0841908530560268e-10,0.9999997097129613,-9.374637623382813e-9,-8.67907185144763e-9,-9.876124800757054e-9,5.797540846361731e-9,-8.506741419559306e-9,-7.258940287649148e-9,-9.699801373266904e-9,5.912378121334859e-9,-9.041910549900961e-9,-8.069960283572297e-9,-9.801519900739951e-9,-1.1496590123926245e-9,3.6156588910325126e-9,3.555553109900342e-9,-2.786003803381117e-10,-1.5156354868553425e-10,6.095816958625289e-9,1.8136693066255473e-7,1.2596365582005846e-6,-6.987655519255681e-10,-6.185079948087899e-9,1.2126438433490663e-8,-1.0981589965959843e-10,-9.554481334210582e-11,0.20406856729989045,8.992960091194797e-8,1.700073765268983e-7,-4.783173616292221e-10,1.188483436668681e-8,4.3193963584897625e-8,1.3417217921900837e-7,-4.766740004631382e-10,1.2687177007102093e-8,4.496532489571439e-8,1.3594625331901043e-7,-6.175122732904543e-10,-5.612578769499914e-9,1.2154766888960074e-8,1.9944505295545942e-9,0.7936507842007323,-4.2996889722545295e-16,0.16599085310238101,3.811679237084786e-14,1.6286216724629305e-13,-2.4363102901661177e-14
full_TAC,21,19,,34.62525343204514,12.11439527393116,3,3,LOCALLY_SOLVED,Solve_Succeeded,0.023655708,0.9881768792360401,1.0795376856946966e7,34.62525413239025,10.317834498002721,503.579987753413,1.5922526291542861e-16,1.5922526291542861e-16,9.87612479979584e-9,8.080171204068771e-9,1.0000000018562876,0.3380841847408053,8.070791463821097e-7,0.029190025278811857,-1.3640718520657705e-9,4.003223940701902e-9,5.829652178732732e-8,8.478321449117866e-8,-6.2888899537799695e-9,-4.061843525297915e-9,3.897783808859391e-9,-7.391472225847404e-12,-8.599033614804918e-10,0.13401517852532166,2.8905943022227242e-8,1.1442804074968644e-8,-4.304856225190888e-9,7.804965968837028e-9,1.3883774139759908e-8,9.030819683958313e-9,-4.2900659750169835e-9,8.331877544154212e-9,1.4453140271272787e-8,9.15022851793562e-9,-5.557610413975517e-9,-3.6858725448124267e-9,3.906889488938415e-9,1.3424185990653284e-10,3.1041572016461734e-7,4.2793335244778993e-7,3.1033665514866704e-7,0.029188238962591106,-3.648798645471762e-9,3.0273175996820098e-9,1.0113805881074999e-8,-2.0841909651294662e-10,0.9999997097128808,-9.374637622853336e-9,-8.679071849185343e-9,-9.87612479979584e-9,5.797540976546494e-9,-8.506741432398013e-9,-7.2589402962194974e-9,-9.699801370889098e-9,5.912378249725651e-9,-9.041910552702809e-9,-8.069960283678108e-9,-9.801519899194738e-9,-1.149658861377612e-9,3.615658842180319e-9,3.5555529836452516e-9,-2.786004102439697e-10,-1.515635391184189e-10,6.095818273341532e-9,1.81366956671685e-7,1.2596363295832257e-6,-6.987655504199964e-10,-6.185079913521824e-9,1.2126438516451438e-8,-1.0981615878401855e-10,-9.554481794227683e-11,0.20406856729992157,8.992960051359585e-8,1.7000737482810557e-7,-4.783173583545429e-10,1.1884834543456382e-8,4.319396399036416e-8,1.3417217816166635e-7,-4.76673997224109e-10,1.268717716950755e-8,4.496532528840422e-8,1.3594625226647207e-7,-6.175122682195016e-10,-5.612578647782559e-9,1.215476729891951e-8,1.994450490039916e-9,0.7936507842007323,-4.299688876977077e-16,0.16599085310237993,3.8116792152234267e-14,1.6286216629865459e-13,-2.4363102627864586e-14
full_TAC,21,20,,34.62525343204514,10.899448452995019,3,3,LOCALLY_SOLVED,Solve_Succeeded,0.028485417,0.9881768792360425,1.0795376856946971e7,34.625254132390246,10.317834497981657,503.57998775341287,3.1845052583085723e-16,3.1845052583085723e-16,9.876124794923269e-9,8.080171122090517e-9,1.000000001856288,0.3380841847412906,8.070793272504107e-7,0.02919002527755337,-1.3640714164282934e-9,4.003228211816505e-9,5.829656250717295e-8,8.478314034037764e-8,-6.288890205546562e-9,-4.06184310089444e-9,3.89778332743611e-9,-7.391572296964303e-12,-8.599035566285664e-10,0.1340151785254197,2.8905942383312418e-8,1.1442803494192412e-8,-4.304856078957648e-9,7.804966555854752e-9,1.3883774802040853e-8,9.030819321370046e-9,-4.290065830323545e-9,8.331878084338338e-9,1.4453140914512438e-8,9.150228157175987e-9,-5.557610784705585e-9,-3.68587833090197e-9,3.906887964561043e-9,1.3424187291508198e-10,3.104161149308994e-7,4.2793358232045985e-7,3.103366756233871e-7,0.02918823896253083,-3.6487981510225283e-9,3.0273177391091663e-9,1.0113805824149956e-8,-2.0841916639609082e-10,0.999999709712486,-9.37463762013725e-9,-8.679071837803108e-9,-9.876124794923269e-9,5.797541650673517e-9,-8.506741495921452e-9,-7.258940338140425e-9,-9.699801358562341e-9,5.912378914525798e-9,-9.041910566494224e-9,-8.06996028376389e-9,-9.801519891285412e-9,-1.1496602516350764e-9,3.615666800248825e-9,3.555551566545019e-9,-2.7860069597992095e-10,-1.5156349071425477e-10,6.0958247770842234e-9,1.8136708335564917e-7,1.2596352279141819e-6,-6.987655783940621e-10,-6.185079267271079e-9,1.2126437018690119e-8,-1.0981764555489821e-10,-9.554483962539623e-11,0.20406856730007086,8.992959852586087e-8,1.7000736619943012e-7,-4.783173421064052e-10,1.1884835437324281e-8,4.3193966050793765e-8,1.3417217277464067e-7,-4.766739811470604e-10,1.2687177992060651e-8,4.4965327289594246e-8,1.3594624690661466e-7,-6.175123094117315e-10,-5.612587458418909e-9,1.2154762556412134e-8,1.9944506833097895e-9,0.7936507842007323,-4.299688507845782e-16,0.16599085310237371,3.81167909918813e-14,1.6286216126634904e-13,-2.4363094631266973e-14
full_TotEmiss,1,1,1.0815980166267505e7,,33.98343805078173,3,2,LOCALLY_SOLVED,Solve_Succeeded,0.093045542,0.5326710654802917,1.0815980161372464e7,80.64212176218459,28.040496012511827,503.5799901908373,1.5922526291542861e-16,1.5922526291542861e-16,9.054250495719847e-9,0.0,0.9999999500023514,0.3752840456979084,0.27796111704556636,0.029189048649242814,1.8495655626026022e-8,1.2409763779635327e-8,5.426175754276162e-8,4.368430867565627e-9,-6.89979967048496e-10,-2.0721924210441944e-9,1.1170399641937619e-8,4.901848848142581e-10,2.5072849472193578e-8,0.14876118771501518,7.291302447709493e-8,1.362905236206376e-8,6.570985231749242e-9,4.394190020840398e-9,2.461052514676504e-8,3.858983893761671e-9,9.117069175544261e-8,2.3382558921193385e-8,0.06761191883852219,1.3533668018896732e-8,2.5654105351778556e-9,4.77580326470559e-10,1.5986227520408428e-8,1.4291256137973863e-9,2.9016275665135482e-8,6.07555977672049e-8,2.2705501653095214e-7,0.02918848900954386,7.164301316343523e-12,-2.8957390846709522e-9,1.7374182351383855e-8,-1.9163171510745504e-9,4.398829865541917e-8,-4.602349286486146e-9,-6.818627499081869e-10,-9.054250495719847e-9,9.22270270035933e-9,-5.048463894033491e-9,1.4310438266229391e-9,-8.296936844482098e-9,0.9999997047271498,-3.014289322862191e-9,1.5927884604057475e-8,-8.280152094668608e-9,3.945635012951413e-9,-2.225657994412124e-9,9.508536151160567e-9,-4.433853908193905e-9,2.055072847336224e-9,1.889668575535379e-8,1.688143567997028e-7,6.490240146097503e-8,-7.666444078316619e-11,-3.15538391386275e-9,3.47523544415837e-8,7.2827468600975486e-9,2.7858721635770633e-9,0.2265227176569549,2.268405205954064e-7,2.0248877795066152e-7,7.301094701943599e-10,6.691152986279697e-9,7.656607823438012e-8,5.733347499303053e-8,1.013007686171584e-8,3.560526017545356e-8,0.210348191942069,2.0107163913789427e-7,2.850456150197616e-10,7.272245880347147e-10,4.973493006349288e-8,2.1232723404989736e-8,0.7936507913368992,3.5681111118064135e-16,0.059166401474208846,1.596861813213017e-13,0.7071402076793574,8.430167506436909e-14
full_TotEmiss,1,2,1.0815980166267505e7,,27.908703946101014,3,3,LOCALLY_SOLVED,Solve_Succeeded,0.670964042,0.5324663910660794,1.0815980181888724e7,80.62527517720125,27.790012671586233,503.57998763073095,1.804552979708191e-16,1.5922526291542861e-16,9.917036588067568e-9,8.983931118482435e-9,1.0000000030282405,0.42926344567776153,3.5927986678436137e-7,0.02918902102434824,-7.894323439397906e-9,-5.526617015766987e-9,3.024237728400446e-10,-3.7258929704093024e-10,-7.127372473552572e-9,-4.883693871950662e-9,2.234777837888157e-9,-1.5309427504853097e-10,-5.7897231648634516e-9,0.1488594682765404,3.0730512801730345e-8,1.1486328577742012e-8,-6.097080053910522e-9,6.097796933282094e-9,1.281033666005793e-8,8.534207366377866e-9,-1.050782215272236e-9,0.021299031271518838,3.3581957557208976e-8,1.189755860351625e-8,-7.432399965011407e-9,-5.369967934135247e-9,2.7761287552581744e-10,-3.473184422197792e-10,-6.125806965980297e-9,-1.8521574758127808e-9,3.467891638734063e-8,0.029188558213121878,-2.3787557679005773e-9,5.800191655427713e-9,1.230397748804299e-8,-8.866207078485855e-10,3.896868392927818e-8,-9.5720158944459e-9,-9.08958467272654e-9,-9.917036588067568e-9,1.55303477053834e-8,-7.673052419835009e-9,-6.720514550796803e-9,-9.647072334752174e-9,1.0000000005645526,-9.001456815202323e-9,-8.158937246745072e-9,-9.833805088454636e-9,-4.206690587710114e-9,4.906273286192976e-9,7.63356541321311e-9,8.092937716357608e-10,-8.771470488219891e-10,-8.415530455827002e-9,9.408739599468054e-10,-5.5356124131795345e-9,-7.919302748391744e-10,-7.436533850470326e-9,6.952642162318711e-9,-2.274543515006745e-9,-6.433025738737167e-10,0.22667237214836827,9.56060398276055e-8,1.7065402458359556e-7,-6.77453339323391e-10,9.28528169386137e-9,3.9854380720180224e-8,1.2679393801475685e-7,-1.1675357947469283e-10,0.03243261579981277,1.0447720128909457e-7,1.7676372782367e-7,-8.258222183346005e-10,-8.176996626978671e-9,8.636845016358764e-10,-5.1601597129795755e-9,0.7936507842601344,-1.4397178828708217e-15,0.05920547469182908,2.4177862378729184e-14,0.706881740517309,-1.3468558911377831e-13
full_TotEmiss,1,3,1.0815980166267505e7,,21.833969841420302,3,3,ALMOST_LOCALLY_SOLVED,Solved_To_Acceptable_Level,1.514703166,0.0010126244608037523,1.0795431644782405e7,34.62511021378773,10.318570349734772,503.57999829132046,1.5922526291542861e-16,1.5922526291542861e-16,7.441179823735027e-9,0.0,0.9999999109880884,0.3380019544011293,0.00036702749743925805,0.02921523027949642,1.3865886113601627e-9,-1.3921519631912477e-9,1.425341642160775e-8,6.578186318500018e-10,-1.3215909060815293e-9,-2.825473991867658e-9,9.61017755676692e-9,3.1571788528851725e-10,1.3719981871591533e-7,0.13398272808149933,8.913954648843613e-5,1.6786375725849714e-6,5.494060398130976e-9,9.242181989252767e-10,2.1853478353252616e-8,1.236616084888673e-9,7.800663932735443e-9,2.267291612120106e-9,2.6168873779970652e-8,1.580338618176781e-9,1.4067144917936147e-10,-2.051833882698063e-9,1.2187509958814678e-8,5.034270436961261e-10,1.8982227479240738e-9,-3.348127856479248e-10,4.5410828938151425e-8,0.029188563310729745,-1.0543535536344452e-9,-4.003248063530309e-9,1.8967530882952975e-8,-8.849208808401872e-10,0.999999726237876,9.310086035403773e-8,1.0567839961644537e-7,-2.3333438995885187e-9,6.585469325145769e-9,-2.433288296493532e-9,1.6631163517908886e-8,-6.408112163071013e-9,9.348503292648858e-9,-3.1023352456840607e-9,1.1853723697451109e-8,-7.441179823735027e-9,5.276904025368077e-10,-3.266818773631229e-9,2.0740465189293356e-8,-2.4487457315545533e-9,1.540654012622402e-10,-2.119867762132127e-9,4.434396220055745e-8,9.77330538748574e-9,-1.4684343400905878e-10,-4.3024263057984795e-9,2.9898330176608196e-8,4.690665724286541e-9,1.5244424301768365e-8,0.2040191541241012,0.00027732303351957904,2.493975822126243e-5,6.10451155347886e-10,1.4073322574543983e-9,6.798859932123035e-8,1.8372581832631714e-8,8.667404369706045e-10,3.4524667730010705e-9,8.141427398213092e-8,2.3479316612912173e-8,1.5630161019929047e-11,-3.124383412290232e-9,3.791669764964566e-8,7.479487506342446e-9,0.7936511345951008,2.8036945227031714e-14,0.16599105359850003,6.453747488695865e-11,2.9810707996380567e-10,1.1722994063418251e-11
full_TotEmiss,1,4,1.0815980166267505e7,,15.759235736739589,3,3,LOCALLY_SOLVED,Solve_Succeeded,0.727073708,0.0010122346724598314,1.0795384211957132e7,34.62508135110212,10.317853325189626,503.5799882668928,9.022764898540955e-17,5.126570965080088e-17,9.679544393654411e-9,0.0,0.9999999819538575,0.3380800992065853,1.9685791640837128e-5,0.029190313757959815,-9.12015599801137e-9,-6.29326088721358e-9,-2.319535045708388e-9,-5.787722736929244e-10,-6.105773818028732e-9,-4.934056863927152e-9,2.396648073141406e-9,-2.040976987246487e-10,2.2878290850696234e-8,0.13401376531792594,4.755493216537238e-6,1.1228206336999993e-7,-6.304621615548042e-9,-5.04069566934858e-9,2.0802955372975703e-9,-2.267399704431738e-10,-5.8912050279268976e-9,-4.80699475824914e-9,2.89691142779829e-9,-1.6739113287463866e-10,-6.59552877344682e-9,-5.197507421707624e-9,1.5319432443805233e-9,-2.6694987093688584e-10,-8.971907423020558e-9,-9.237250144872901e-9,-5.626716913316177e-9,0.029188567837279192,8.159424861828069e-10,-9.321361083206182e-11,3.0447479010727e-8,-1.2211364016301015e-9,1.0000000026996525,-1.86350872849487e-9,-8.854787550224693e-10,-9.395689914753798e-9,-5.928649052547473e-10,-1.7388152637060514e-9,2.7922130487027995e-8,-6.893768356444217e-11,2.6557225352509536e-9,1.0850095921897985e-9,3.381517387890213e-8,-2.414776132211601e-9,-2.276027059371908e-9,-3.355648944617764e-9,2.2681191835094346e-8,1.4454380430785759e-9,-1.0133506664457074e-9,-9.582919987347951e-9,-7.2163312533149855e-9,-8.598902352009161e-9,-6.784193131143033e-10,-7.513222951889072e-9,7.456238449773263e-9,-3.0323086667662093e-9,2.542032316744025e-9,0.20406641537047812,1.4794867784782517e-5,1.668190655782856e-6,-7.005135128386711e-10,-7.675604769235338e-9,6.4720305604813294e-9,-3.368708132298582e-9,-6.545783364363217e-10,-7.3197420182430085e-9,9.012613330928014e-9,-2.4869539741374884e-9,-7.328365303829797e-10,-7.914386301236608e-9,4.766045649183849e-9,-3.96611236820516e-9,0.7936508113474573,-1.7242224753588919e-12,0.1659910355622141,-6.165360118997902e-11,-7.94688249209356e-11,-2.689825623421368e-10
full_TotEmiss,1,5,1.0815980166267505e7,,9.684501632058875,3,2,LOCALLY_SOLVED,Solve_Succeeded,0.048556667,0.10061552492369377,1.0803732019326475e7,43.259993639768524,9.684501862395033,503.5799879525067,3.1845052583085723e-16,3.1845052583085723e-16,9.626721354700338e-9,9.479269104188826e-9,1.0000000058693281,0.3555668865388111,8.284837308241815e-7,1.7128750025023455e-7,-7.79248558109287e-9,-5.773933367513444e-9,-1.646568428097658e-9,-6.322033066241227e-10,-7.777417658975197e-9,-5.765174778988527e-9,-1.6313915145965754e-9,-6.321242870136597e-10,2.0894630039435896e-8,0.09171816770699438,1.8802390965755623e-9,-6.239976242373996e-10,-6.701888972296472e-9,-5.2428566559271776e-9,-1.1029221100434394e-9,-6.295962538477049e-10,-5.713475582057068e-9,-4.680885522566495e-9,-7.146908770841793e-10,-6.282874305029571e-10,-7.873235183063475e-9,-5.806926547341703e-9,-1.6814877071495872e-9,-6.324278406731036e-10,-5.871702391658256e-9,0.07936412228729216,7.542692492306579e-7,2.682130960688438e-7,-5.818651281132838e-9,1.293949555568238e-8,4.300611550990524e-8,-5.408588954738268e-9,1.0000000044935788,0.04482283666059823,-2.983755209679621e-9,-9.626721354700338e-9,8.369334281072926e-10,3.114078994694181e-8,6.813148681580331e-9,-9.047917543632481e-9,3.5001270746283345e-8,2.2653635013182385e-8,1.6413951830320611e-9,-9.343718009610615e-9,-6.145575749663218e-9,6.572201466008252e-9,4.5868954872535194e-8,-3.580267318529997e-9,-8.658317312325408e-10,-8.792125809622743e-9,-5.12265733185938e-9,-9.39273484127268e-9,-8.641575176639104e-10,-8.778788868005257e-9,-5.07544026763379e-9,-9.391560835631513e-9,2.321625559937321e-9,0.13966175537201414,5.849632744901749e-9,-9.270821845812795e-9,-7.446543302551634e-10,-7.98344081698002e-9,-3.4313132312462555e-9,-9.354001485737328e-9,-6.348306202285629e-10,-7.127712045726253e-9,-2.2234827287063357e-9,-9.334556110329646e-9,-8.748039092292745e-10,-8.842365424361228e-9,-5.231295088909825e-9,-9.396070775714682e-9,0.7936507853754382,-2.2069391698020708e-12,0.16699546685842526,-4.486442469854532e-10,-1.276111211696304e-9,-9.226323350542639e-10
full_TotEmiss,2,1,1.0381281296019884e7,,33.98343805078173,3,3,LOCALLY_SOLVED,Solve_Succeeded,1.819383125,0.692337230816745,1.0381281309978373e7,94.48488062094691,33.058985650896325,503.57998768104517,3.1845052583085723e-16,3.1845052583085723e-16,9.894659499448146e-9,8.02767759344912e-9,1.0000000032186194,0.4567351964415977,3.845628260213681e-7,0.02918899639220793,-8.524941187566573e-9,-5.9524042728207285e-9,-1.1364670258406986e-9,-4.781956994166071e-10,-7.221159568882664e-9,-4.8534211932226346e-9,2.480490264547923e-9,-1.5968537046443265e-10,-5.526614830967905e-9,0.06787946556705725,3.90199461387583e-8,1.1875132833682468e-8,-5.944318194568332e-9,-8.317960317643114e-11,1.249581923478819e-8,6.51776250839313e-9,-3.0575116623831227e-9,0.11316874281232435,3.686537394561903e-8,1.1607063183108533e-8,-7.564370222425849e-9,-5.289757252175511e-9,6.206202726857773e-10,-3.248521892153215e-10,-7.876799473398724e-9,-7.67209358264554e-9,3.5598866093127347e-9,0.02918856467613032,-3.4519414390438117e-9,5.5654005660981565e-9,1.697124435185475e-8,-1.2553877765500042e-9,5.189379095695338e-8,-9.440622633779186e-9,-8.835016598251213e-9,-9.894659499448146e-9,1.54849470878499e-8,-2.156315777698779e-11,-1.680229188158727e-9,-8.733014905148846e-9,0.9999999942972876,-8.069687971337848e-9,-7.026153062110565e-9,-9.733905592274425e-9,-5.085425468531839e-9,3.9376931953397075e-9,1.0151542271980592e-8,8.856161681845006e-10,-9.472156875073969e-10,-9.06388832452247e-9,-3.5356751915043957e-9,-7.104621819903876e-9,-8.023510632091847e-10,-7.390436816952648e-9,7.71708082303798e-9,-2.372468361185856e-9,-6.140683145519893e-10,0.10336191347710989,1.2139538798724804e-7,1.764305449575681e-7,-6.604797993964811e-10,-1.2665985029138376e-10,3.887588206378548e-8,9.683532869612649e-8,-3.3972351804256906e-10,0.17232513110058478,1.1469227449748141e-7,1.7244779586332677e-7,-8.404855802695384e-10,-8.054857633994527e-9,1.9308186261335296e-9,-4.826375382627632e-9,0.7936507848157119,-3.0309712378978366e-15,0.026997522127928667,-7.46902079734116e-15,0.9200600754541599,-3.3683024613061674e-13
full_TotEmiss,3,1,9.94658242577226e6,,33.98343805078173,3,3,LOCALLY_SOLVED,Solve_Succeeded,0.086511917,0.8128286875159905,9.946582358875068e6,104.94679315801528,33.98343722691686,503.57999182875125,2.2556912246352386e-16,1.5922526291542861e-16,8.269285203392363e-9,0.0,0.9999999283091215,0.4819506072490709,2.861439071257053e-6,0.004487717012964472,4.664167596987869e-8,3.160678513933537e-8,9.67866295429466e-8,2.8193760338945505e-9,3.5637219225446512e-9,-1.5397554152203526e-10,1.7407122781221932e-8,5.435002370541449e-10,6.319916070170424e-8,0.027934696432303084,1.584110015963883e-7,6.762936674735127e-9,1.1587385164558965e-8,5.148357873089048e-9,3.082743251187296e-8,1.3837786049252444e-9,1.4317053612267966e-7,0.13648553409337594,1.5131893551701267e-7,6.133606788939969e-9,7.448245469724452e-9,2.3276825192145383e-9,2.3374315086080705e-8,9.675565455286808e-10,7.002374151225806e-8,0.06716310709316922,8.334639584384769e-7,0.004487456093106761,3.9010494269232645e-9,-2.1503633194313178e-9,1.956966031091641e-8,-4.780275338196983e-9,1.1967065625040778e-7,-6.569659044162408e-10,6.980634656310517e-9,-8.149618226169095e-9,1.288846619463247e-8,-4.523631850016256e-9,4.423389443702314e-9,-8.269285203392363e-9,0.9999994074413411,1.2098550983686012e-8,1.9478989293076608e-8,-6.377088969467132e-9,8.149727661112283e-9,-2.553795504602025e-9,1.189564241297425e-8,-6.6172734435982574e-9,5.182408441097631e-9,4.812851373489704e-8,3.011139585780561e-7,4.188787250357617e-8,3.959691025049611e-10,-2.3446275640855365e-10,5.41554930971349e-8,8.074860664804437e-9,7.022128966856024e-9,0.042536924112825156,4.928342271887635e-7,1.0047791631035044e-7,1.2874872405065511e-9,7.839544943112869e-9,9.590756781471587e-8,2.0558996416032197e-8,1.5907837346964402e-8,0.20783024509673154,4.707700216084839e-7,9.112787229282239e-8,8.275828299693833e-10,3.5444256542585014e-9,7.272009137891775e-8,1.4375125819283256e-8,0.7936508080606921,2.68544617679279e-15,0.011110430303643108,4.842304619632027e-13,0.9741651843176246,3.910136440725731e-13
full_TotEmiss,4,1,9.51188355552464e6,,33.98343805078173,3,2,LOCALLY_SOLVED,Solve_Succeeded,0.116935167,0.9479793062160151,9.511883562301805e6,116.68257931503258,33.983438354941015,503.579987706036,3.1845052583085723e-16,3.1845052583085723e-16,9.864723404961868e-9,1.2517390924464693e-8,1.0000000054977718,0.5120592246554456,3.122530913007447e-7,-7.300222176106308e-9,-3.4483331316286797e-9,4.7619646239403885e-7,1.568606842673911e-8,8.047795029043512e-11,-6.880436327383185e-9,-4.2700276482923295e-9,1.777708304379842e-9,-3.305654108845639e-10,-4.112675507727334e-9,0.007135270178923208,1.878086386827847e-8,1.0045555709928606e-9,-4.197742557944142e-9,1.9337263174126698e-8,1.6623736183641212e-8,8.283638551759329e-10,-3.448332796927926e-9,0.18614290884940252,1.6893174313720506e-8,8.453844738685556e-10,-5.590442833548809e-9,-1.91357882244404e-9,5.0352982429496105e-9,-1.0179188994104985e-10,0.19374619405826524,0.024469866555923394,3.681807712903016e-9,-9.012906515498285e-9,-4.0618215906543815e-9,8.010106442173821e-9,1.5469247461986742e-8,-1.9133487128699607e-9,4.776038362910883e-8,-9.363537487663908e-9,-8.595535288022137e-9,-9.864723404961868e-9,4.046753727051743e-8,-8.576689544598649e-9,-6.979318911724007e-9,-9.688495554970957e-9,0.8062537545931415,-8.949925207365076e-9,-7.840859138581722e-9,-9.785386521622607e-9,3.4335582603880192e-9,9.024854922645828e-9,9.019591067602423e-9,-3.925807894002757e-9,-3.8314812573651985e-10,7.2511734046365e-7,4.8801101772077225e-8,1.1956724043150359e-9,-7.644929252647979e-10,-6.502087555354229e-9,5.530648058070619e-9,-4.911257533142091e-9,-4.5696394530303693e-10,0.010865070499723975,5.842935425686635e-8,1.492482562617964e-8,-4.664158397715712e-10,2.9445378015147472e-8,5.1718290349105986e-8,1.230712013404243e-8,-3.831480885475472e-10,0.283444883929772,5.255654230935269e-8,1.2559997897475684e-8,-6.211603148387562e-10,-2.9138586614488787e-9,1.5665372311398787e-8,-1.5123366505527404e-9,0.7936507860399538,-2.4284477650679153e-15,0.0028378844440116514,-6.511429732453277e-14,0.9620121841905429,-4.993770485976649e-13
full_ISI,1,1,1.0815980166267505e7,121.29979212609419,,3,3,LOCALLY_SOLVED,Solve_Succeeded,0.531378917,0.0010925071637425713,1.0803714301037895e7,43.26010708656449,9.684500113789536,503.5799907883838,1.5922526291542861e-16,1.5922526291542861e-16,7.65783897982428e-9,0.0,0.9999999955378699,0.35556720390720375,5.626594479559628e-7,-5.317894244246143e-9,9.175671988597628e-9,9.222766613542653e-9,1.6421154730013272e-8,2.3291593222048537e-10,3.0574085989807287e-9,1.823994534365743e-9,1.1178786095693838e-8,7.217641525779388e-11,3.623909682183013e-8,0.09171794684966186,3.1986012322560426e-8,5.905096311163845e-10,5.707102491349854e-9,4.670438684138438e-9,1.3590771839046565e-8,1.5048471666963053e-10,6.29877374157889e-9,5.374863616206003e-9,1.4101793872773782e-8,1.6614832071158988e-10,4.131484073112814e-9,2.9211970181058414e-9,1.2183943459445127e-8,1.0597051760008924e-10,2.7397972297532015e-8,0.07936501060426472,6.838565275073509e-8,7.946722010419404e-9,9.2909354640279e-9,2.401338039591173e-9,1.668653410289491e-8,-6.158144847432007e-9,0.9999998417890771,0.04482276096244512,3.193874320104369e-8,-6.173161346433991e-9,1.589271610219177e-8,9.843121482265384e-10,1.1639881961697146e-8,-7.432599555234172e-9,1.75895968669054e-8,4.1613624753807983e-10,1.0381405577011432e-8,-7.65783897982428e-9,1.1789196876985131e-8,2.043608005001517e-9,1.4725996382277968e-8,-6.745844986731531e-9,1.0195191098441804e-9,1.4043758252439948e-8,5.108803693781906e-8,3.4604652787043537e-9,3.3971206655341423e-10,2.7774462227841992e-9,3.4778445631047495e-8,1.0723353124015088e-9,4.026566313536679e-9,0.13966141906653054,9.951203833685466e-8,8.773285948014855e-9,6.341224990388724e-10,7.111804359938075e-9,4.228240127703376e-8,2.2357729333773673e-9,6.998637490643209e-10,8.184451415586413e-9,4.387224760418509e-8,2.468489336286478e-9,4.590537859014236e-10,4.448186368479349e-9,3.790560187382928e-8,1.574419118629897e-9,0.7936507928587799,2.5165920972008022e-14,0.16699534554265327,-6.001757109939421e-11,-1.3430475526582866e-10,-7.864896615176579e-11
full_ISI,1,2,1.0815980166267505e7,99.63115745258193,,3,3,LOCALLY_SOLVED,Solve_Succeeded,0.170412333,0.0010924536504996248,1.0803714568326026e7,43.26008822007996,9.684498815028569,503.5799886359285,1.5922526291542861e-16,1.5922526291542861e-16,9.02662659676608e-9,0.0,1.000000004435702,0.35556722002569124,1.5799962011290373e-7,-8.55882863597185e-9,-3.2397209537556286e-9,-1.5557917207264956e-9,2.9321730007518178e-9,-2.552065926952632e-11,-4.096393528729505e-9,-2.678173136698383e-9,2.271584299556271e-9,-1.0089491854429597e-10,6.937506555204513e-9,0.09171793997092098,8.542871306926489e-9,7.953698011849601e-10,-2.3862501609659646e-9,-2.05999635054005e-10,3.577470589230972e-9,5.272006472642504e-11,-1.8400295576771708e-9,8.136063452857209e-10,3.962454708602652e-9,1.0038966195125116e-10,-3.613722063743349e-9,-2.074841767176703e-9,2.6578649034031485e-9,-5.630640589385618e-11,5.91807834691115e-9,0.079365043580715,1.9396102854348695e-8,1.0633909686684896e-8,1.848103637806447e-9,8.746155949099409e-9,1.0609369479827713e-8,-3.396648415875836e-9,0.999999973330687,0.04482279712532904,5.554015880893702e-9,-8.372400519456012e-9,1.1678892269175813e-8,1.3099916434592329e-8,7.5473224827348e-9,-7.075316985846877e-9,1.6834662561294412e-8,1.1854736349261724e-8,6.387447615782383e-9,-7.55688821680858e-9,3.979288827379396e-9,1.143840580962146e-8,1.0067195586711995e-8,-4.934210956269483e-9,-3.5996899486173637e-10,-2.3690464838335274e-9,9.122316002338988e-9,-3.791640805758196e-10,-4.551548365255004e-10,-4.078127276336174e-9,7.067151154175064e-9,-1.499010218372397e-9,7.708340616893901e-10,0.1396614085920842,2.65778218437713e-8,1.1816922760462262e-8,-2.65138906773996e-10,-3.136812624685985e-10,1.1129908499829688e-8,7.832695330783149e-10,-2.0444772863079667e-10,1.2389005712305296e-9,1.232763687120825e-8,1.491503548990017e-9,-4.015246737492609e-10,-3.1594181454736156e-9,8.268913032809795e-9,-8.365523161372917e-10,0.7936507869912683,-1.2608894369965595e-13,0.16699536027865242,-7.515372486127126e-11,-1.862932672015658e-10,-1.0034536595530876e-10
full_ISI,1,3,1.0815980166267505e7,77.96252277906967,,3,3,LOCALLY_SOLVED,Solve_Succeeded,0.210733125,0.0010925071637416907,1.080371430103791e7,43.260107086563465,9.684500113789515,503.57999078838367,1.5922526291542861e-16,1.5922526291542861e-16,7.657838972933767e-9,0.0,0.9999999955378699,0.3555672039072015,5.626594473862946e-7,-5.3178942248614926e-9,9.175671620884676e-9,9.222766124498215e-9,1.6421154470944424e-8,2.3291591446851475e-10,3.0574083714148454e-9,1.8239943276106837e-9,1.1178785898072345e-8,7.217640153194337e-11,3.623909661929625e-8,0.09171794684966267,3.1986012328128126e-8,5.90509610958136e-10,5.707102394684184e-9,4.670438601629272e-9,1.3590771778828214e-8,1.5048470613785363e-10,6.298773673540949e-9,5.374863564106825e-9,1.4101793839479966e-8,1.6614831078167437e-10,4.131483894276432e-9,2.9211968516639317e-9,1.2183943316257114e-8,1.0597050519629798e-10,2.7397971160710204e-8,0.0793650106042621,6.838565420231741e-8,7.946723193641879e-9,9.290935042437323e-9,2.401338109429327e-9,1.6686534485474776e-8,-6.158144732629394e-9,0.9999998417890805,0.04482276096244563,3.193874307457894e-8,-6.173161378348047e-9,1.5892715985375305e-8,9.843122364613583e-10,1.1639882116024483e-8,-7.432599535574729e-9,1.7589596885504794e-8,4.1613630560302227e-10,1.0381405661594177e-8,-7.657838972933767e-9,1.1789196550553853e-8,2.043608113258206e-9,1.4725996693718651e-8,-6.7458449200546646e-9,1.0195190689871858e-9,1.4043757507758645e-8,5.108803613182709e-8,3.46046501496079e-9,3.39712041268316e-10,2.777445907952632e-9,3.477844501622507e-8,1.0723351084745871e-9,4.026566291032916e-9,0.13966141906653176,9.951203835417639e-8,8.773285648520878e-9,6.341224882982424e-10,7.1118042342991184e-9,4.228240108968777e-8,2.2357727769052535e-9,6.998637415045495e-10,8.184451336253573e-9,4.387224750060434e-8,2.4684891887563045e-9,4.5905376603071456e-10,4.448186115033714e-9,3.790560142835546e-8,1.5744189343449982e-9,0.7936507928587799,2.5197069048046372e-14,0.16699534554265408,-6.001757133475061e-11,-1.3430475541574566e-10,-7.864896683255915e-11
full_ISI,1,4,1.0815980166267505e7,56.2938881055574,,3,3,LOCALLY_SOLVED,Solve_Succeeded,0.11403625,0.0010925071641253881,1.080371430103934e7,43.260107086559486,9.68450011379882,503.5799907883835,1.5922526291542861e-16,1.5922526291542861e-16,7.657838260518247e-9,0.0,0.9999999955378702,0.3555672039050567,5.626703944451311e-7,-5.317894042001295e-9,9.17566997592708e-9,9.22276465987649e-9,1.6421103005603174e-8,2.329157859529054e-10,3.0574099017681698e-9,1.8239961458154615e-9,1.117875923214354e-8,7.217638778111369e-11,3.6239093272162205e-8,0.0917179468487308,3.198895672571988e-8,5.905094062629197e-10,5.707105653673414e-9,4.670442339982947e-9,1.3590737197143492e-8,1.5048470642348767e-10,6.298776883989292e-9,5.374868033789339e-9,1.4101757148381135e-8,1.6614831564585841e-10,4.131485108676622e-9,2.9211984974250324e-9,1.2183928487031436e-8,1.0597047279930541e-10,2.7397965869430762e-8,0.0793650106043762,6.838534350997444e-8,7.946724795153799e-9,9.290938754903732e-9,2.401345338191549e-9,1.6686511459943495e-8,-6.158142805275814e-9,0.9999998417890553,0.04482276096248726,3.193864449938842e-8,-6.173161569115114e-9,1.5892724773485388e-8,9.843183261063206e-10,1.1639867292207807e-8,-7.432598652988263e-9,1.7589606972630527e-8,4.161418622766585e-10,1.0381392615035563e-8,-7.657838260518247e-9,1.1789199934983288e-8,2.0436137995836094e-9,1.4725974351599464e-8,-6.745843736412014e-9,1.0195188862141195e-9,1.4043755277539199e-8,5.10878760174321e-8,3.460463105586023e-9,3.3971221130757426e-10,2.777448676582634e-9,3.477836205555768e-8,1.0723349041765462e-9,4.026565919129132e-9,0.13966141906511276,9.95211987022396e-8,8.773282607334808e-9,6.341228504081568e-10,7.111809926792215e-9,4.228229350222419e-8,2.2357727811489592e-9,6.998640982210323e-10,8.184458142361039e-9,4.3872133350519085e-8,2.4684892610241816e-9,4.5905390096406906e-10,4.4481886210790254e-9,3.790555529298668e-8,1.574418453018252e-9,0.7936507928587799,2.5197020846819528e-14,0.16699534554265477,-6.001757660262389e-11,-1.343047691954086e-10,-7.864897448623969e-11
full_ISI,1,5,1.0815980166267505e7,34.62525343204514,,3,3,LOCALLY_SOLVED,Solve_Succeeded,0.1000805,0.0270488561787487,1.0795424459578667e7,34.62525411731219,10.317748389300629,503.57998865215797,1.1278456123176193e-16,5.126570965080088e-17,9.149642093606049e-9,7.9062093319209e-9,0.9999999960450175,0.3380830143269837,3.433897806856414e-7,0.029188496351257264,-8.02193497906056e-9,-5.887891711930882e-9,-1.1349783388775587e-9,-5.600717288136468e-10,-5.339223397589782e-9,-4.569140061404767e-9,2.226181321085324e-9,-5.074976053987861e-10,3.157035975830484e-8,0.13400783537525776,3.554597854617378e-8,-4.331371848162125e-10,-5.1867203286225855e-9,-4.478488653365796e-9,2.4527260864553526e-9,-5.053594332699177e-10,-3.536816667011884e-9,-3.4409329121460407e-9,4.561957005704351e-9,-4.896282096098255e-10,-5.9727449377737185e-9,-4.917956347890374e-9,1.4431792203258879e-9,-5.156559386422721e-10,-7.543893078851649e-9,-7.867573896783701e-9,2.5940295819491897e-9,0.02918856506458323,-1.3624688451352915e-9,1.1911303691443263e-9,3.958931596512639e-8,-2.4220470547940694e-9,0.999999997230769,1.7849015628687202e-5,1.0758283549474973e-8,-8.946927910316346e-9,-8.218664677755745e-10,1.866298428112606e-9,4.1416146265559896e-8,-3.045293705089926e-9,7.955386582592813e-9,1.0177495570324063e-8,3.33447378870438e-8,-6.903538862371501e-9,-3.3161534625084542e-9,-2.350862198117756e-9,3.029653164625564e-8,3.55890304200015e-10,-8.913261087845062e-10,-8.965653288622026e-9,-3.531043720952405e-9,-8.321065685231324e-9,-5.932470441766423e-10,-6.957554184411804e-9,6.925897443376563e-9,-7.539964423067679e-9,3.507817750922758e-9,0.20405738568505155,1.105874888103184e-7,-6.435181031555156e-9,-5.763022587358426e-10,-6.819516813079734e-9,7.630703380083318e-9,-7.508197294295918e-9,-3.9297962966798695e-10,-5.239602388949653e-9,1.419275512885798e-8,-7.274476257060264e-9,-6.636383264193019e-10,-7.488706257014887e-9,4.48989090768054e-9,-7.661173945542327e-9,0.7936507911565918,-2.033329770191394e-12,0.16599506280107873,-1.286808911374351e-10,-2.5547093413409945e-10,-3.9218020230462677e-10
full_ISI,2,1,1.0381281296019884e7,121.29979212609419,,3,2,LOCALLY_SOLVED,Solve_Succeeded,0.109825667,0.7569417983170738,1.0381281308085185e7,105.6651435080762,28.039242248083415,503.57998799353066,1.5922526291542861e-16,2.0506283860320352e-16,9.67342097946896e-9,6.93888433105255e-9,1.000000000075636,0.49291002344065593,6.081059449210377e-7,-2.7449828200119196e-9,9.476496510149547e-9,0.07936505126668042,3.2598237735967014e-8,-1.556662102435966e-10,3.990393139629759e-9,1.78416576893474e-8,2.2104906304717583e-8,-7.758568159092137e-11,3.4570440062341566e-9,0.09134628101407812,2.5015270409447484e-8,8.815509432679919e-10,3.7215852996036712e-9,1.74233453339992e-8,2.6050771965230432e-8,9.50424856955338e-10,1.3015152507345127e-8,0.024676392572278293,2.6312777785179803e-8,9.710352619727085e-10,3.5936193179818953e-9,1.6667852418762597e-8,2.4908933535978653e-8,8.503055714597077e-10,1.798810068312011e-7,-8.138109159670576e-9,-5.997512569678903e-9,-9.646464450530844e-9,2.8480928809558627e-8,-7.257789956913634e-9,-3.9807782574801445e-9,-9.309297591738676e-9,2.4625413553523203e-8,-8.858780024345114e-9,-7.515495329273252e-9,-9.67342097946896e-9,2.6472828028928792e-8,-8.6907103630745e-9,-6.891478001697194e-9,-9.53975640879609e-9,0.9999996736577853,-8.654128715830285e-9,-7.100547095221228e-9,-9.587491958139964e-9,2.5564017000314655e-8,-8.215144874767897e-9,-5.8152678535309326e-9,-9.221006623074004e-9,1.0529440566832824e-9,0.12085132806517244,1.0141673962300849e-7,-2.3127551236191496e-9,4.433770155144175e-10,2.7167978754233538e-8,6.877081961467691e-8,-1.1527015550651175e-9,3.841160006926839e-10,0.1390954733623462,7.782528571828105e-8,1.3097328299981592e-8,4.135094777337411e-10,2.6531003122226052e-8,8.104684611405022e-8,1.4120597874765021e-8,1.4461280563716805e-9,0.03757541596233285,8.186197533167049e-8,1.4426809606451668e-8,3.9929103533132154e-10,2.5380593455843046e-8,7.749445988971134e-8,1.263311134740137e-8,0.793650785509668,5.416286264761087e-16,0.036330899558894084,4.499536318115229e-14,0.7147184346681522,4.214187431576763e-14
full_ISI,2,2,1.0381281296019884e7,99.63115745258193,,3,1,LOCALLY_SOLVED,Solve_Succeeded,0.282158334,0.8308798684100972,1.0381281303465635e7,99.63115782604505,29.837550321315803,503.57998835714227,9.022764898540955e-17,1.0253141930160176e-16,9.513001534812986e-9,4.308798514126015e-9,0.9999999933419752,0.47464700595882015,1.0065667756841814e-6,3.64508474386087e-8,1.4607390049511877e-8,0.02201045216562386,9.738582502327421e-8,2.892739747945747e-10,-3.0285691272321346e-9,-2.374437156881349e-9,7.982697384385464e-9,-1.836285196302482e-10,6.567855752200396e-9,0.08052446437538137,4.193747363802864e-8,1.8186384672780733e-9,4.378959963578809e-9,1.2726980161722938e-8,2.9548245950198377e-8,1.0138806643050624e-9,1.7190510833550754e-8,0.06287833463278952,4.127451899114243e-8,1.7456256305491982e-9,6.117719487499297e-10,2.525756916627314e-9,1.5038453087201963e-8,1.4116583704021347e-10,4.2876053373321317e-7,0.05735447627963584,3.771865820992204e-8,-6.970831532247275e-9,-6.561267133342964e-10,1.6194972450059593e-11,1.8409094926442795e-8,-1.638760171921242e-9,3.386994592319013e-8,-8.096267169041494e-9,-6.154309174975331e-9,-9.513001534812986e-9,2.1033698900543213e-8,-6.866373490482022e-9,-3.321024884773724e-9,-8.871822267437178e-9,0.9999994580890795,-6.8644585655223875e-9,-4.298421874286841e-9,-9.117810045508417e-9,7.436044437505541e-9,-1.004968351283151e-9,5.636453954458304e-9,-3.9469444425203204e-9,1.6230433388346522e-9,0.03351591579765451,3.029781222946308e-7,4.297784768376538e-9,-3.3650768080357036e-10,-3.6156202161602356e-9,2.4835058529199222e-8,-2.728195148792259e-9,7.297617502444881e-10,0.1226167980261489,1.3047214020720023e-7,2.7019771513845655e-8,4.865511070643119e-10,1.937971979171447e-8,9.192787628950604e-8,1.5063369869675212e-8,1.9100567592834163e-9,0.09574655500902039,1.2840961463910976e-7,2.5935009368159515e-8,6.797466097221438e-11,3.846038941227954e-9,4.678629849351721e-8,2.0973210074546e-9,0.7936507868178463,-1.8248143593384695e-16,0.03202677312644377,4.880030281954292e-14,0.8033637111588761,-4.9891046605405966e-14
full_ISI,3,1,9.94658242577226e6,121.29979212609419,,3,1,LOCALLY_SOLVED,Solve_Succeeded,0.366186542,0.9060111660732751,9.946582361742863e6,115.20204582421195,31.664870431538205,503.579992847277,2.2556912246352386e-16,1.0064069177439008e-21,8.651768473984837e-9,0.0,0.9999999216721432,0.5118132051595301,2.6280677746965873e-6,1.203697779742759e-7,2.3234317201422874e-7,0.07936449735538256,2.9289514473144916e-7,2.287304924521878e-9,1.58762085560423e-8,5.766031910560064e-9,3.140502997725616e-8,7.537745251715526e-10,8.649194045631001e-8,0.035623257601420696,1.197454038339571e-7,2.8635541773348523e-9,1.6548144124451818e-8,6.867368913838554e-9,3.200274672137462e-8,9.368996173065228e-10,2.8032931307155064e-7,0.08789313683649305,1.1758568147780906e-7,2.8025384486349614e-9,1.581853582323519e-8,6.401084184596949e-9,3.0992281855758304e-8,9.044524676879854e-10,1.478926790966947e-6,8.930314403729574e-9,2.8536909477252247e-8,-6.676863607630404e-9,1.4076954495332802e-8,-4.7226527100582214e-9,4.478527335361317e-9,-8.437800679031963e-9,9.556872279881471e-8,1.2107543437871268e-9,9.947202359131545e-9,-7.54060804709096e-9,1.46939148143149e-8,-5.437292940607539e-9,1.7722337598623693e-9,-8.651768473984837e-9,0.9999975850402559,3.3490363907023455e-9,1.2468073988116746e-8,-7.1212543856561966e-9,1.4024044148734892e-8,-5.031623180479046e-9,2.956752431155538e-9,-8.471381379902662e-9,2.5815908001580962e-8,0.12085048460933252,9.112293391645085e-7,3.39828160214679e-8,1.764023172893588e-9,8.780094045625552e-9,9.770453770701914e-8,1.1198935802548781e-8,9.610215606256666e-9,0.05424450589307243,3.7254125637231103e-7,4.254423349183209e-8,1.8386826804946456e-9,1.0457129936981434e-8,9.956410091094326e-8,1.3919651457125482e-8,3.11477014523945e-8,0.13383727654647803,3.6582212015318373e-7,4.163771409400513e-8,1.757615091470576e-9,9.74710546290899e-9,9.642043244013693e-8,1.343757951993578e-8,0.793650809969179,5.4460272434395404e-15,0.014168373365770407,5.122704291775978e-13,0.8614081614479389,7.537156769036206e-13
full_ISI,4,1,9.51188355552464e6,121.29979212609419,,3,3,LOCALLY_SOLVED,Solve_Succeeded,0.84980875,0.9794350910255379,9.511883548729263e6,119.90756558292637,33.45374927109236,503.57998817281157,1.5922526291542861e-16,1.5922526291542861e-16,9.644013683578964e-9,0.0,0.9999999985998557,0.521140572540142,5.949517534540149e-7,-5.0448820609777326e-9,1.4145607118372992e-8,0.07936486583347216,3.167746025454704e-8,3.598292520092525e-10,5.585166898222388e-9,1.4894277728005136e-8,1.9073883966987515e-8,2.296283352602476e-10,8.500921904934226e-9,0.008129525583172599,3.0073890479864023e-8,8.441381193797441e-10,5.787155733761068e-9,1.718284291884197e-8,2.1526047483377558e-8,5.332056622465061e-10,1.5400754002276538e-8,0.11908382324807809,2.8512762407680917e-8,7.891963291765959e-10,5.597221306070956e-9,1.621077400559431e-8,2.0892297028293625e-8,5.124294332888686e-10,8.206093397265765e-7,-7.1833888926379275e-9,-4.275166644742444e-9,-9.486995550382517e-9,3.030301273123411e-8,-6.090245606311007e-9,-1.965323288283603e-9,-9.199702879527557e-9,5.949201272947342e-8,-8.37306549404836e-9,-6.48174560508e-9,-9.644013683578964e-9,3.172048863521287e-8,-8.186420299383019e-9,-5.87923199096292e-9,-9.572533608430713e-9,0.9999989649593191,-8.04939666032902e-9,-5.9117333844705894e-9,-9.578673700342785e-9,3.038587494385291e-8,-7.480535107158714e-9,-4.422227851087159e-9,-9.390878578871592e-9,1.571734124263665e-9,0.12085104570096895,9.855209856970187e-8,5.3460346012803215e-9,6.205740998024873e-10,2.2679922904007818e-8,5.9340972341738936e-8,3.4116209810093924e-9,9.445468783260248e-10,0.012379050319831003,9.35632148262436e-8,1.2541480630784768e-8,6.430173037512295e-10,2.616478353550936e-8,6.696992550384129e-8,7.921912696233804e-9,1.7111948891418367e-9,0.18133218540048254,8.87063719350073e-8,1.1725202604909424e-8,6.219134784523282e-10,2.4684587690336792e-8,6.499825742135793e-8,7.613237294577475e-9,0.7936507902417804,1.8173102908439225e-15,0.003233331825474981,8.383345016521586e-14,0.9337849393074509,6.265300178976941e-14
full_ISI,5,1,9.077184685277019e6,121.29979212609419,,5,2,LOCALLY_SOLVED,Solve_Succeeded,0.107276584,1.0009694368772455,9.077184373520153e6,121.2988907909413,33.98269565644833,503.579988226858,1.1278456123176193e-16,1.258008647179876e-22,9.675357807252381e-9,0.0,0.9999999984560763,0.5238983884617779,5.55871889979818e-7,-5.433718553320141e-9,1.5519222363268525e-8,0.07931087920034825,3.175099107398718e-8,7.346999060580491e-10,5.689242035484307e-9,1.421518710207786e-8,1.8694934043491305e-8,3.8883284777101943e-10,6.505149602672295e-9,1.7515849150604193e-8,2.0076019527091146e-8,4.527386018707799e-10,6.367733731443653e-9,1.6981314080727645e-8,1.9886758935924215e-8,4.4683675009995597e-10,1.5525649441871483e-8,0.1283605068242725,3.1753306869990734e-8,7.866091583782662e-10,6.122587502544962e-9,1.600553747397697e-8,1.9532168329946477e-8,4.356723660305587e-10,0.00019135903917850058,-6.8335694123015276e-9,-3.6892605864683434e-9,-9.431143680894988e-9,2.9168730046475528e-8,-5.703206024396454e-9,-1.3168486872820615e-9,-9.175533778905307e-9,3.4860299183928534e-8,-8.452966388858589e-9,-6.509106758346613e-9,-9.675357807252381e-9,3.383107710717619e-8,-8.024529303500357e-9,-5.6225060978232865e-9,-9.590843085065412e-9,0.9998084475657221,-7.840975037366269e-9,-5.440277955049675e-9,-9.583000794992759e-9,3.206930881696768e-8,-7.237940663554338e-9,-4.070622699206176e-9,-9.440446399517546e-9,1.7243580403631687e-9,0.12076883878234848,9.878086111907122e-8,1.0915541461433871e-8,6.321380039427006e-10,2.1645853087254922e-8,5.816201702419517e-8,5.776945166883716e-9,7.227944002969213e-10,2.667186120660184e-8,6.24587274176169e-8,6.726402084937301e-9,7.075259701604056e-10,2.5857910077471642e-8,6.186991668954199e-8,6.6387174300564885e-9,1.7250721602079417e-9,0.1954580444824149,9.878806581774894e-8,1.1686764638762812e-8,6.802875002827733e-10,2.437206842628311e-8,6.076674591538903e-8,6.472846581025442e-9,0.7936508039849567,2.1374408771209227e-14,1.0108250339835133e-12,7.876554289469092e-13,0.9551856913536559,5.255587486303589e-13
